10    5.312617586912828e-09
11    5.489595399883968e-09
12    5.694523579806798e-09
13    5.83931020628258e-09
14    5.962665067919637e-09
15    6.0752525784944755e-09
16    6.177391049136316e-09
17    6.265608365953032e-09
18    6.342351922729343e-09
19    6.409633782534155e-09
20    6.468899522091474e-09
21    6.515838755587771e-09
22    6.559417770691573e-09
23    6.605759510770711e-09
24    6.64014255640715e-09
25    6.698827521662546e-09
26    6.713831840381752e-09
27    6.722115043797415e-09
28    6.715334328686992e-09
29    6.722616177088489e-09
30    6.725471301539956e-09
31    6.724331413154808e-09
32    6.7197777820867175e-09
33    6.712416284190353e-09
34    6.702762272397067e-09
35    6.691143358482016e-09
36    6.679750583753203e-09
37    6.6621670941751975e-09
38    6.64311004793321e-09
39    6.622798844155647e-09
40    6.607510440474653e-09
41    6.585996815693006e-09
42    6.544869631209818e-09
43    6.518699726878208e-09
44    6.491929136415207e-09
45    6.464633734366793e-09
46    6.4547052381473944e-09
47    6.427737066604711e-09
48    6.399444393253996e-09
49    6.3628575932224946e-09
50    6.332147216295791e-09
51    6.300736260664403e-09
52    6.268633257606077e-09
53    6.235844047582016e-09
54    6.202366630829481e-09
55    6.168200017472363e-09
56    6.133358357856022e-09
57    6.097856083747768e-09
58    6.0617075653260655e-09
59    6.024965721456632e-09
60    5.987701356038169e-09
61    5.950021622073987e-09
62    5.912053616883311e-09
63    5.873915967849175e-09
64    5.835720449336272e-09
65    5.7975559375606924e-09
66    5.759500963828213e-09
67    5.721601849210779e-09
68    5.6839443965153655e-09
69    5.6465154287023726e-09
70    5.614713951753239e-09
71    5.5755582510608935e-09
72    5.536645372356935e-09
73    5.4980426363123845e-09
74    5.4597960532625005e-09
75    5.421942794100752e-09
76    5.384492919230334e-09
77    5.356289923481881e-09
78    5.321015299983954e-09
79    5.2859081546771735e-09
80    5.250951959358858e-09
81    5.2161219697202e-09
82    5.1505811560746454e-09
83    5.114170647238376e-09
84    5.078254935248109e-09
85    5.04282202214242e-09
86    5.042977035036189e-09
87    5.008440164081909e-09
88    4.973928982744419e-09
89    4.939457157527453e-09
90    4.905046368755116e-09
91    4.870722568053825e-09
92    4.836515016012677e-09
93    4.8024529954949455e-09
94    4.768568952922398e-09
95    4.734894060470622e-09
96    4.701451554640169e-09
97    4.6682611257437166e-09
98    4.635339799720984e-09
99    4.602699759598911e-09
100    4.570352310072984e-09
101    4.538305942231253e-09
102    4.506567613990252e-09
103    4.475137379038492e-09
104    4.456101681765997e-09
105    4.426126662554724e-09
106    4.396311608848623e-09
107    4.366646083260835e-09
108    4.337120545916367e-09
109    4.307724705814977e-09
110    4.278451147752264e-09
111    4.249296191919478e-09
112    4.206339915682189e-09
113    4.178034066796032e-09
114    4.150032668575208e-09
115    4.122325983448959e-09
116    4.0949006828450155e-09
117    4.0768423171880795e-09
118    4.048571012089515e-09
119    4.0204592781509834e-09
120    3.992517599265713e-09
121    3.9647612018424855e-09
122    3.937207017151954e-09
123    3.909872314144794e-09
124    3.882773704348532e-09
125    3.8559258741294626e-09
126    3.829341782776907e-09
127    3.803033927290793e-09
128    3.777018288542702e-09
129    3.751310749356495e-09
130    3.725920954478392e-09
131    3.7008518185738694e-09
132    3.6761102193410425e-09
133    3.6517236079560868e-09
134    3.6277162262412714e-09
135    3.6133884343549098e-09
136    3.5882658402262105e-09
137    3.5634364543521673e-09
138    3.5389119810219054e-09
139    3.5147005494677577e-09
140    3.4908101445177487e-09
141    3.467247516180498e-09
142    3.4440167671112017e-09
143    3.4211217935744697e-09
144    3.4059379118016125e-09
145    3.385431069976676e-09
146    3.3651741078182377e-09
147    3.3451550124983906e-09
148    3.325363234846847e-09
149    3.3057887351403215e-09
150    3.2864211907646305e-09
151    3.2672492105588956e-09
152    3.248262416642749e-09
153    3.2294517779950026e-09
154    3.210808953036769e-09
155    3.1923258954726517e-09
156    3.173995329702197e-09
157    3.155810384956398e-09
158    3.1377634051425943e-09
159    3.1198467108655243e-09
160    3.102053264613909e-09
161    3.0843763904622077e-09
162    3.0668098041826144e-09
163    3.0493485840121683e-09
164    3.03198920129589e-09
165    3.0147276980864873e-09
166    2.9975602175762643e-09
167    2.980483194160634e-09
168    2.9634943124880113e-09
169    2.946591134228473e-09
170    2.9297708643905357e-09
171    2.913031752613227e-09
172    2.896373893703194e-09
173    2.879798883099742e-09
174    2.8633085037937035e-09
175    2.8469046075922053e-09
176    2.8305889306382722e-09
177    2.814363653641152e-09
178    2.7982320378053e-09
179    2.7821985767861804e-09
180    2.766268166080168e-09
181    2.750445655769064e-09
182    2.734735700978229e-09
183    2.7191426406623433e-09
184    2.7036706633273705e-09
185    2.688324015512659e-09
186    2.6731076121664423e-09
187    2.6580262277456827e-09
188    2.6430842947655995e-09
189    2.628285925908392e-09
190    2.6136347271685107e-09
191    2.599132894247072e-09
192    2.584781409949192e-09
193    2.570581293365509e-09
194    2.569530117075183e-09
195    2.556535284468086e-09
196    2.5436407338272297e-09
197    2.530843186495779e-09
198    2.5181392870732535e-09
199    2.505525839667678e-09
200    2.492999717005834e-09
201    2.4805576503134076e-09
202    2.4681960988333914e-09
203    2.4559116349602627e-09
204    2.424350054153196e-09
205    2.4119305309272765e-09
206    2.3996474351497614e-09
207    2.3874983154986992e-09
208    2.3754809915953272e-09
209    2.3635932750947005e-09
210    2.351832905755276e-09
211    2.340197316351834e-09
212    2.3286842140636317e-09
213    2.317291313952391e-09
214    2.3060157473877944e-09
215    2.2948544343704558e-09
216    2.283804326936942e-09
217    2.272862720783201e-09
218    2.2620274525068183e-09
219    2.251296461030099e-09
220    2.2406675938657944e-09
221    2.2301379914146417e-09
222    2.2197051719273765e-09
223    2.2093670478957754e-09
224    2.1991215506688932e-09
225    2.1889665881931005e-09
226    2.1789003503018946e-09
227    2.1689212171517595e-09
228    2.1590270001455482e-09
229    2.1492151879232473e-09
230    2.1394833142681095e-09
231    2.129829079054747e-09
232    2.1202501872240205e-09
233    2.1107444619070067e-09
234    2.1013100320338762e-09
235    2.0919448173028913e-09
236    2.082646441933216e-09
237    2.0734125812912232e-09
238    2.0642409867054004e-09
239    2.05512969092871e-09
240    2.0460779231868732e-09
241    2.0370854435353724e-09
242    2.028151808284906e-09
243    2.0192763985239307e-09
244    2.01045730935992e-09
245    2.0016912100806395e-09
246    1.9929748763359003e-09
247    1.9843052853313153e-09
248    1.975680046561169e-09
249    1.9671010179924194e-09
250    1.9585715894733767e-09
251    1.9500952934594662e-09
252    1.9416747362913357e-09
253    1.9332970537023395e-09
254    1.9249517438700765e-09
255    1.91663830116818e-09
256    1.9083565625086384e-09
257    1.9001066041313917e-09
258    1.891888520956826e-09
259    1.883702515275782e-09
260    1.8755492017724553e-09
261    1.8674290784910125e-09
262    1.8593425610030228e-09
263    1.851290269819104e-09
264    1.8432724498651288e-09
265    1.8352889330848975e-09
266    1.8273481140624463e-09
267    1.819457009716734e-09
268    1.8115995943550448e-09
269    1.8037757485380745e-09
270    1.7959858070890154e-09
271    1.788230507653289e-09
272    1.7685197569375294e-09
273    1.7616809322082268e-09
274    1.754918667412505e-09
275    1.748229000857364e-09
276    1.7416079426540403e-09
277    1.73505163730999e-09
278    1.728556357856875e-09
279    1.7221185004296688e-09
280    1.7157345797828624e-09
281    1.7094012321339593e-09
282    1.7031152068814097e-09
283    1.6968735259443735e-09
284    1.6906739702606515e-09
285    1.6845146718343817e-09
286    1.6783938355753114e-09
287    1.6723095390964195e-09
288    1.6662598469986212e-09
289    1.6602428747380058e-09
290    1.6488444849208114e-09
291    1.64201079979187e-09
292    1.635234467018839e-09
293    1.6285161107145336e-09
294    1.6218562713464339e-09
295    1.6152554457725149e-09
296    1.6087141068335611e-09
297    1.6022325742805375e-09
298    1.595811001194723e-09
299    1.589449290326509e-09
300    1.5831471052766765e-09
301    1.5769040551079867e-09
302    1.5707197456408041e-09
303    1.5645937693228872e-09
304    1.5585255693259612e-09
305    1.5525144366219257e-09
306    1.546559533602918e-09
307    1.5406600205128142e-09
308    1.5348150151021195e-09
309    1.5290233801920282e-09
310    1.5232836619287268e-09
311    1.5175944002226153e-09
312    1.511954210401736e-09
313    1.5063616819604048e-09
314    1.5008154579264441e-09
315    1.4953142217464937e-09
316    1.489856689388938e-09
317    1.484441616174007e-09
318    1.4790677941261972e-09
319    1.4737338717188155e-09
320    1.468438054307248e-09
321    1.4631785731885763e-09
322    1.4579537344629986e-09
323    1.4527618960499758e-09
324    1.4476014830045363e-09
325    1.4424711336982492e-09
326    1.4373695785788429e-09
327    1.4322955282059727e-09
328    1.4272477334298457e-09
329    1.4222249790321225e-09
330    1.4172260660317867e-09
331    1.412249864007279e-09
332    1.4072952805593819e-09
333    1.4023613082744489e-09
334    1.397447139039879e-09
335    1.3925519952901737e-09
336    1.3876750202524667e-09
337    1.382815399319069e-09
338    1.3779724924168334e-09
339    1.3731456556163777e-09
340    1.3683342327774097e-09
341    1.3635377265780591e-09
342    1.3587556879190355e-09
343    1.3539876770175718e-09
344    1.3492332629464293e-09
345    1.3444920238387923e-09
346    1.3397635442282214e-09
347    1.3350474750153664e-09
348    1.330343686280565e-09
349    1.325652139035721e-09
350    1.3209728541482766e-09
351    1.3163059246122931e-09
352    1.3116514138740202e-09
353    1.3070093730051555e-09
354    1.3023798578164655e-09
355    1.297762988402787e-09
356    1.2931588991203103e-09
357    1.2885677032369566e-09
358    1.2839894430143113e-09
359    1.2794242295224243e-09
360    1.2748722094231254e-09
361    1.2703334604876128e-09
362    1.2658081142587847e-09
363    1.2612963668890177e-09
364    1.2567984896673308e-09
365    1.2523147773641577e-09
366    1.2478455313120136e-09
367    1.2433910590022785e-09
368    1.2389516756860225e-09
369    1.2258088309150122e-09
370    1.2213256529894245e-09
371    1.2168810177471536e-09
372    1.2124748884138379e-09
373    1.208107123572762e-09
374    1.203777551851656e-09
375    1.199486015219876e-09
376    1.1952323396119887e-09
377    1.1910162057034272e-09
378    1.186837266249105e-09
379    1.1826951765235831e-09
380    1.1785895906522638e-09
381    1.1745201617235411e-09
382    1.1704865419303923e-09
383    1.1664883827309628e-09
384    1.1625253319081028e-09
385    1.1662002615332418e-09
386    1.16210186733667e-09
387    1.1580238751449858e-09
388    1.1539660412401967e-09
389    1.1499282814468514e-09
390    1.145912143524251e-09
391    1.1419201054951167e-09
392    1.1379545790109349e-09
393    1.1340178999822937e-09
394    1.130112328633718e-09
395    1.126240016498244e-09
396    1.1224021549344147e-09
397    1.1185898387609863e-09
398    1.1147959342017077e-09
399    1.1110208461561107e-09
400    1.1072652603126886e-09
401    1.103529831079947e-09
402    1.0998150770407773e-09
403    1.0961214299914067e-09
404    1.0924493078091602e-09
405    1.088799131730611e-09
406    1.0851713222503355e-09
407    1.0815662652913386e-09
408    1.0779842845934056e-09
409    1.074425668161889e-09
410    1.07089069116167e-09
411    1.0673796185783547e-09
412    1.0638927055575672e-09
413    1.0604301596829083e-09
414    1.0569918314598122e-09
415    1.053577349101102e-09
416    1.050186324393002e-09
417    1.0468183751898969e-09
418    1.0434730890729779e-09
419    1.0401500065122554e-09
420    1.0368486802234427e-09
421    1.0335686743649277e-09
422    1.0303095425671275e-09
423    1.0270708439640566e-09
424    1.0238521490502105e-09
425    1.0206530375150532e-09
426    1.0174730977882619e-09
427    1.0143119208976807e-09
428    1.0111690276068664e-09
429    1.0080438475978466e-09
430    1.004935906030546e-09
431    1.0018449469597492e-09
432    9.987707460301544e-10
433    9.957130816589191e-10
434    9.926717352323565e-10
435    9.896464915103624e-10
436    9.866371380068675e-10
437    9.836434617407745e-10
438    9.806652073310857e-10
439    9.777020926731231e-10
440    9.747538302934682e-10
441    9.718201130864244e-10
442    9.689006399071564e-10
443    9.659951143444846e-10
444    9.631032442442487e-10
445    9.602247422992073e-10
446    9.57359351059094e-10
447    9.54506856463354e-10
448    9.516670455188876e-10
449    9.488396886936484e-10
450    9.460245443260778e-10
451    9.432213913839124e-10
452    9.404300124224971e-10
453    9.37650182798774e-10
454    9.348816929274996e-10
455    9.321243377969814e-10
456    9.319313189501705e-10
457    9.291402391815703e-10
458    9.263570022618687e-10
459    9.2358172600508e-10
460    9.20814523304927e-10
461    9.180554115856715e-10
462    9.153040464079766e-10
463    9.12560002188133e-10
464    9.09822863475842e-10
465    9.070922249354905e-10
466    9.043676923720811e-10
467    9.016489263282304e-10
468    8.98935656025127e-10
469    8.962276523072066e-10
470    8.935253485447827e-10
471    8.908298197792424e-10
472    8.881421729808223e-10
473    8.841673222742499e-10
474    8.815856030258153e-10
475    8.790118625401468e-10
476    8.764460012701934e-10
477    8.738879200403438e-10
478    8.713375407447344e-10
479    8.687948319851242e-10
480    8.662598067292398e-10
481    8.637324796567192e-10
482    8.612128655420924e-10
483    8.587009755179581e-10
484    8.561967780811969e-10
485    8.537002157578733e-10
486    8.51211232482185e-10
487    8.487297936353597e-10
488    8.462559423786482e-10
489    8.437897489144908e-10
490    8.413312835466701e-10
491    8.38880621236948e-10
492    8.364378757394415e-10
493    8.340031647934693e-10
494    8.315765462980988e-10
495    8.29158061844977e-10
496    8.267477524159897e-10
497    8.243456705927213e-10
498    8.219518938846442e-10
499    8.195664983884817e-10
500    8.171895491245309e-10
501    8.148211079719088e-10
502    8.124612352698838e-10
503    8.101099933962275e-10
504    8.077674515996473e-10
505    8.054337010496477e-10
506    8.031088465656634e-10
507    8.007930268424171e-10
508    7.984864044849865e-10
509    7.961891226374777e-10
510    7.939012805504557e-10
511    7.916229681316614e-10
512    7.893542721879849e-10
513    7.87095282523361e-10
514    7.848460967906611e-10
515    7.826068103731629e-10
516    7.803775162449384e-10
517    7.781583013667832e-10
518    7.759492423824507e-10
519    7.737504071263836e-10
520    7.715618602362304e-10
521    7.693836630075765e-10
522    7.672158738885131e-10
523    7.650585636542004e-10
524    7.629118259047216e-10
525    7.607757590687671e-10
526    7.586504648311133e-10
527    7.565360689483461e-10
528    7.544327120829191e-10
529    7.523405298439785e-10
530    7.502596501696507e-10
531    7.481901884459903e-10
532    7.461322543487528e-10
533    7.440859514924307e-10
534    7.420513828816937e-10
535    7.400286665207991e-10
536    7.380179091868123e-10
537    7.360190845117921e-10
538    7.340320843154077e-10
539    7.320568000620072e-10
540    7.300931234206913e-10
541    7.281409367051769e-10
542    7.26200115719389e-10
543    7.242705250289694e-10
544    7.223520042233096e-10
545    7.204443933063138e-10
546    7.185475797097847e-10
547    7.166618015034856e-10
548    7.147874525117672e-10
549    7.129249176435427e-10
550    7.110745719979055e-10
551    7.092367812793236e-10
552    7.074119023712713e-10
553    7.056002833884135e-10
554    7.038022637418479e-10
555    7.02018170294498e-10
556    7.002478755052232e-10
557    6.984888627093584e-10
558    6.967390757008325e-10
559    6.949983350157072e-10
560    6.9326661557414e-10
561    6.9154389229658e-10
562    6.898301318532926e-10
563    6.881252838472803e-10
564    6.864292962829772e-10
565    6.84742115254274e-10
566    6.830636666141332e-10
567    6.813938666687234e-10
568    6.79732632099661e-10
569    6.780798604416367e-10
570    6.764354352093048e-10
571    6.747992459465777e-10
572    6.731711891065098e-10
573    6.715511836831431e-10
574    6.699391556752006e-10
575    6.683350322456018e-10
576    6.667387423273462e-10
577    6.651502252805829e-10
578    6.635694286403994e-10
579    6.619963012460695e-10
580    6.604307663634081e-10
581    6.588726455826822e-10
582    6.573217128515728e-10
583    6.557777304433161e-10
584    6.54240461855628e-10
585    6.527096746405433e-10
586    6.51185140061923e-10
587    6.496666294292846e-10
588    6.481539279323159e-10
589    6.466468527207514e-10
590    6.451452284995033e-10
591    6.436488831938135e-10
592    6.421576480985233e-10
593    6.406713595548851e-10
594    6.391898659290689e-10
595    6.377130131140888e-10
596    6.362406459473452e-10
597    6.347726122651809e-10
598    6.333087690806642e-10
599    6.311304047997227e-10
600    6.297819037960457e-10
601    6.284379270398797e-10
602    6.270982391207662e-10
603    6.257626081132818e-10
604    6.244308054979523e-10
605    6.231026060867707e-10
606    6.217777886084605e-10
607    6.204561398957089e-10
608    6.191374532371591e-10
609    6.178215421707612e-10
610    6.165082371734617e-10
611    6.151973695775175e-10
612    6.138887763211705e-10
613    6.125822970319644e-10
614    6.112777736232096e-10
615    6.099750522760746e-10
616    6.086739883315664e-10
617    6.073744408943094e-10
618    6.060762712510916e-10
619    6.047793428035259e-10
620    6.034835210543857e-10
621    6.021886773937379e-10
622    6.008947142604747e-10
623    5.996015490308957e-10
624    5.98309100635505e-10
625    5.970172902440691e-10
626    5.957260407010198e-10
627    5.944352761641852e-10
628    5.931449277357908e-10
629    5.918549495218597e-10
630    5.905653035230104e-10
631    5.892759767803867e-10
632    5.879869754018418e-10
633    5.866983060492796e-10
634    5.828611533176382e-10
635    5.815227612542439e-10
636    5.801883127977624e-10
637    5.78857872344359e-10
638    5.77531499254858e-10
639    5.762092512398563e-10
640    5.748911831793948e-10
641    5.735773449943343e-10
642    5.722677852277943e-10
643    5.709625509987934e-10
644    5.69661687091606e-10
645    5.683652348153311e-10
646    5.670732428843587e-10
647    5.657857717934786e-10
648    5.645028814742536e-10
649    5.632246302681233e-10
650    5.619510749128821e-10
651    5.606822698170529e-10
652    5.594182627651622e-10
653    5.581590878963608e-10
654    5.569047732384976e-10
655    5.556553458242238e-10
656    5.544108336292993e-10
657    5.531712639530549e-10
658    5.519366634379719e-10
659    5.50707065639473e-10
660    5.494825106108363e-10
661    5.482630347684557e-10
662    5.470486549626583e-10
663    5.458393790931425e-10
664    5.446352171227021e-10
665    5.434361852942154e-10
666    5.422423006071073e-10
667    5.410535749052315e-10
668    5.398700073534341e-10
669    5.386915939702325e-10
670    5.37518329803345e-10
671    5.363502098469975e-10
672    5.351872315233398e-10
673    5.340293938216268e-10
674    5.328767029435275e-10
675    5.317291706343159e-10
676    5.305868079064577e-10
677    5.294496250454406e-10
678    5.283176299209388e-10
679    5.271908137576521e-10
680    5.260691592688421e-10
681    5.2495264887855e-10
682    5.238412644976229e-10
683    5.227349728138306e-10
684    5.216337243228113e-10
685    5.20537483407245e-10
686    5.194462213129654e-10
687    5.183599090966871e-10
688    5.172785199719071e-10
689    5.162020297134533e-10
690    5.151304142882893e-10
691    5.150228321447386e-10
692    5.138955189704534e-10
693    5.127736238988831e-10
694    5.116572263907657e-10
695    5.105463993619198e-10
696    5.094411994426244e-10
697    5.083416808182641e-10
698    5.072478989770226e-10
699    5.061598507367007e-10
700    5.050774685644664e-10
701    5.040006825218926e-10
702    5.029294234284324e-10
703    5.018636228609904e-10
704    5.008032125037691e-10
705    4.997481238791831e-10
706    4.986982891424106e-10
707    4.976536411271243e-10
708    4.966141133302306e-10
709    4.955796400435038e-10
710    4.94550156784135e-10
711    4.935256108485917e-10
712    4.925061225079655e-10
713    4.914919460830396e-10
714    4.904833346960645e-10
715    4.894805348647117e-10
716    4.884837849143455e-10
717    4.874933175134992e-10
718    4.865093623046239e-10
719    4.85532144927072e-10
720    4.845618867968677e-10
721    4.835988052682584e-10
722    4.826431137738594e-10
723    4.816950219801487e-10
724    4.807546123418587e-10
725    4.798207029573166e-10
726    4.788914937601886e-10
727    4.779663027583401e-10
728    4.780948130729823e-10
729    4.772003551917597e-10
730    4.763083710144976e-10
731    4.754188458490525e-10
732    4.745317652242655e-10
733    4.736471163905371e-10
734    4.727648946840477e-10
735    4.718850979242954e-10
736    4.710077195419148e-10
737    4.701327523442677e-10
738    4.692601887736829e-10
739    4.683900211343169e-10
740    4.675222415993689e-10
741    4.666568422136496e-10
742    4.657938148972555e-10
743    4.6493315135698963e-10
744    4.640748411705347e-10
745    4.632188718181299e-10
746    4.6236523206827204e-10
747    4.6151391613548226e-10
748    4.6066492140358016e-10
749    4.5981824783517753e-10
750    4.589738958047738e-10
751    4.5813186542740457e-10
752    4.5729215635940404e-10
753    4.564547677497934e-10
754    4.556196843552844e-10
755    4.54786863765244e-10
756    4.5395626087494444e-10
757    4.5312783103539445e-10
758    4.5230152876876396e-10
759    4.514773037096021e-10
760    4.5065510453729934e-10
761    4.49834881686256e-10
762    4.49016592481665e-10
763    4.482002037383433e-10
764    4.4738568447239975e-10
765    4.4657300420108217e-10
766    4.4576213374851013e-10
767    4.449530441628627e-10
768    4.4414571003754364e-10
769    4.433401086880214e-10
770    4.425362176792732e-10
771    4.4173401477256114e-10
772    4.4093347789817464e-10
773    4.401345852994635e-10
774    4.3933731561409494e-10
775    4.385416470286025e-10
776    4.377475581092949e-10
777    4.369550279775252e-10
778    4.3616404238360813e-10
779    4.3537459339900093e-10
780    4.3458667342414454e-10
781    4.33800274884591e-10
782    4.3301538896116947e-10
783    4.3223200538508623e-10
784    4.3145012129877475e-10
785    4.3066975235236605e-10
786    4.298909117262456e-10
787    4.2911361053003783e-10
788    4.2833785993789044e-10
789    4.275636759960179e-10
790    4.267910800802951e-10
791    4.260200944448547e-10
792    4.252507410945675e-10
793    4.2448304134826326e-10
794    4.23717013709566e-10
795    4.229526755616628e-10
796    4.221900444939319e-10
797    4.2142913876664497e-10
798    4.2066997645525156e-10
799    4.1991257516543674e-10
800    4.1915694932475746e-10
801    4.1840310990557446e-10
802    4.176510678926354e-10
803    4.169008344724378e-10
804    4.1615241740254015e-10
805    4.1540581835399217e-10
806    4.146610368495943e-10
807    4.139180718363755e-10
808    4.131769222500995e-10
809    4.1243758790776197e-10
810    4.1170007600352917e-10
811    4.109643998783951e-10
812    4.1023057307846876e-10
813    4.094986088829532e-10
814    4.0876852026859046e-10
815    4.080403209964897e-10
816    4.073140309646895e-10
817    4.0658967257920443e-10
818    4.0586726820335787e-10
819    4.0514684036134716e-10
820    4.0442841204091463e-10
821    4.0371200586482786e-10
822    4.0299764355959484e-10
823    4.022853415854139e-10
824    4.0157511300304753e-10
825    4.0086697018596093e-10
826    4.00160922996366e-10
827    3.9945698064738057e-10
828    3.9875515234984846e-10
829    3.980554470387998e-10
830    3.9735787226839325e-10
831    3.9666243572942523e-10
832    3.9596914752355196e-10
833    3.95278018002044e-10
834    3.945890572528865e-10
835    3.9390227526447136e-10
836    3.932176819003494e-10
837    3.9253528623826653e-10
838    3.918550968406234e-10
839    3.932265512469867e-10
840    3.925501544838836e-10
841    3.918746046772589e-10
842    3.911999258892635e-10
843    3.905261418252253e-10
844    3.8985327513894935e-10
845    3.8918134600100387e-10
846    3.885103745580385e-10
847    3.878403845289167e-10
848    3.8717140052021787e-10
849    3.865034464711229e-10
850    3.858365400139347e-10
851    3.8517069249866964e-10
852    3.845059147816455e-10
853    3.8384221767003876e-10
854    3.831796175960424e-10
855    3.8251813780609065e-10
856    3.8185780158229103e-10
857    3.8119863180903313e-10
858    3.8054065097650063e-10
859    3.798838811842848e-10
860    3.7922834414510156e-10
861    3.785740611909002e-10
862    3.779210538237312e-10
863    3.772693461687077e-10
864    3.766189635720262e-10
865    3.7596993097194445e-10
866    3.7532227286692087e-10
867    3.7467601330399915e-10
868    3.740311768034754e-10
869    3.733877887685955e-10
870    3.7274587139164276e-10
871    3.721054454805124e-10
872    3.71466536249872e-10
873    3.7082916944329755e-10
874    3.7019337034118616e-10
875    3.69559163765626e-10
876    3.689265740839736e-10
877    3.682956252141721e-10
878    3.6647302190195886e-10
879    3.6588195145838465e-10
880    3.6529324429304266e-10
881    3.6470696356526825e-10
882    3.6412316775102934e-10
883    3.6354190972818395e-10
884    3.629632410048269e-10
885    3.623872107014181e-10
886    3.6181386673495603e-10
887    3.61243256428249e-10
888    3.606753558009093e-10
889    3.6010973827515346e-10
890    3.595458466567313e-10
891    3.589833584618737e-10
892    3.584222484493175e-10
893    3.578625101782943e-10
894    3.573041368153122e-10
895    3.567471196441947e-10
896    3.561914480043395e-10
897    3.556371132070343e-10
898    3.5508411073427446e-10
899    3.545324367990862e-10
900    3.5398209007521e-10
901    3.534330710244133e-10
902    3.5288538048193327e-10
903    3.5233901971151975e-10
904    3.517939900575982e-10
905    3.512502928121519e-10
906    3.507079286954657e-10
907    3.5016689695793813e-10
908    3.4962719658676266e-10
909    3.4908882655305897e-10
910    3.485517858462242e-10
911    3.480160735250538e-10
912    3.4748168820955573e-10
913    3.469486280061222e-10
914    3.4641689108057574e-10
915    3.458864760717545e-10
916    3.4535738349543795e-10
917    3.448296135131856e-10
918    3.443031659483261e-10
919    3.4377804033613304e-10
920    3.432542364160846e-10
921    3.427317540521515e-10
922    3.4221059310960254e-10
923    3.4169075400675604e-10
924    3.411722386462324e-10
925    3.4065504918849887e-10
926    3.401391859755456e-10
927    3.3962463685002964e-10
928    3.3911138440946454e-10
929    3.3859941106941074e-10
930    3.3808869939392763e-10
931    3.3757923214414373e-10
932    3.370709922800771e-10
933    3.365639629467702e-10
934    3.360581280644909e-10
935    3.355534738425153e-10
936    3.350499862802052e-10
937    3.3454765051378155e-10
938    3.340464491065577e-10
939    3.335463643465114e-10
940    3.330473782832242e-10
941    3.325494730206624e-10
942    3.320526308425654e-10
943    3.315568342100335e-10
944    3.3106206576014423e-10
945    3.3056830834856316e-10
946    3.3007554509400496e-10
947    3.2958375979138165e-10
948    3.290929364810723e-10
949    3.2860305854100484e-10
950    3.2811410948961873e-10
951    3.27626072994982e-10
952    3.2713893257427753e-10
953    3.266526733585156e-10
954    3.2616728769284753e-10
955    3.256827726544424e-10
956    3.2519912553255165e-10
957    3.2471634371647687e-10
958    3.242344244287745e-10
959    3.2375336297588815e-10
960    3.2327315393454283e-10
961    3.22793791907631e-10
962    3.223152715187186e-10
963    3.218375886278989e-10
964    3.2136074740059345e-10
965    3.2088475541229284e-10
966    3.2040962102701974e-10
967    3.1993535275015964e-10
968    3.1946195907664526e-10
969    3.189894483758398e-10
970    3.185178287849448e-10
971    3.180471079257954e-10
972    3.1757729315076877e-10
973    3.1710839166200755e-10
974    3.166404105799326e-10
975    3.1617335699860196e-10
976    3.1570723798958425e-10
977    3.152420605299224e-10
978    3.1477783145219464e-10
979    3.1431455702933894e-10
980    3.1385224373851584e-10
981    3.133908979183024e-10
982    3.1293052576575566e-10
983    3.124711331092176e-10
984    3.120127251494798e-10
985    3.115553069073289e-10
986    3.11098883289142e-10
987    3.106434590882454e-10
988    3.101890389863301e-10
989    3.0941304092243746e-10
990    3.0898456459542035e-10
991    3.085571588112055e-10
992    3.0813082358974257e-10
993    3.077055589135952e-10
994    3.072813651220116e-10
995    3.068582430415512e-10
996    3.0643619350808985e-10
997    3.060152181778759e-10
998    3.0559531856537537e-10
999    3.0517649566435184e-10
