10    5.1022279118558745e-09
11    5.272273758121318e-09
12    5.416401253557079e-09
13    5.550583017282815e-09
14    5.6666389746923755e-09
15    5.767223469557828e-09
16    5.8553664202760186e-09
17    5.930084783580614e-09
18    5.996273394276506e-09
19    6.061014584861606e-09
20    6.114126800110522e-09
21    6.184049903830487e-09
22    6.213385435162902e-09
23    6.234318580631835e-09
24    6.2459099564735655e-09
25    6.2633015167654254e-09
26    6.275198232457225e-09
27    6.289168593977631e-09
28    6.291876557490131e-09
29    6.290540965231018e-09
30    6.285833442953264e-09
31    6.278359438249436e-09
32    6.268605405259487e-09
33    6.256882323245058e-09
34    6.243342362035633e-09
35    6.2194974570331585e-09
36    6.200914463693772e-09
37    6.18118079678453e-09
38    6.160455554643078e-09
39    6.154273582542589e-09
40    6.132308445448576e-09
41    6.108590783765301e-09
42    6.0772291559665545e-09
43    6.0504738065116535e-09
44    6.022557558112941e-09
45    5.993492801129159e-09
46    5.963283173288497e-09
47    5.931949043163488e-09
48    5.899532571783942e-09
49    5.8660784231913415e-09
50    5.8316820762883815e-09
51    5.796487007704528e-09
52    5.760676866595079e-09
53    5.724437323515109e-09
54    5.687938414705154e-09
55    5.651320059833413e-09
56    5.614669853888556e-09
57    5.5781014969277714e-09
58    5.541609912785843e-09
59    5.509131969125997e-09
60    5.4705850646585635e-09
61    5.432195101147125e-09
62    5.394039065879026e-09
63    5.356179018917423e-09
64    5.318645911434619e-09
65    5.28967094558646e-09
66    5.2540503330318255e-09
67    5.218469794964419e-09
68    5.182906834128496e-09
69    5.120326595693912e-09
70    5.083050962080855e-09
71    5.0462386005989715e-09
72    5.009887789427738e-09
73    5.004444058673845e-09
74    4.968530016869514e-09
75    4.932563417293361e-09
76    4.896577539013677e-09
77    4.86061579562351e-09
78    4.824724354854218e-09
79    4.788953181753099e-09
80    4.7533531556076035e-09
81    4.717965720831188e-09
82    4.682821886305013e-09
83    4.647946769603215e-09
84    4.613357837763896e-09
85    4.5790685667138125e-09
86    4.545090598588965e-09
87    4.511424855382614e-09
88    4.489281644379519e-09
89    4.456978548981772e-09
90    4.4247941472361626e-09
91    4.392714345576504e-09
92    4.360725124536859e-09
93    4.32881894309425e-09
94    4.296992874936006e-09
95    4.265248342914787e-09
96    4.2335936014771704e-09
97    4.2020429896098636e-09
98    4.170611998908713e-09
99    4.139320359727158e-09
100    4.1081945883391376e-09
101    4.0772592418389416e-09
102    4.046537993431051e-09
103    4.0160528300540405e-09
104    3.9858290064303194e-09
105    3.955889711580169e-09
106    3.926254394266961e-09
107    3.896942397811568e-09
108    3.867976305412255e-09
109    3.839369808396399e-09
110    3.8111251116194734e-09
111    3.783260928881387e-09
112    3.755819091653495e-09
113    3.728776071106769e-09
114    3.7100104194681405e-09
115    3.6818528954257323e-09
116    3.6540444879170362e-09
117    3.6266045737682463e-09
118    3.599549879478918e-09
119    3.572890011998052e-09
120    3.5466312300742577e-09
121    3.5207777871625345e-09
122    3.495330565394889e-09
123    3.4793314825626794e-09
124    3.456265113342958e-09
125    3.433475629894577e-09
126    3.4109482678094785e-09
127    3.3886688349802287e-09
128    3.366623208512956e-09
129    3.3447981356213437e-09
130    3.323180212826397e-09
131    3.3017557917804588e-09
132    3.2805126419892425e-09
133    3.2594389306279836e-09
134    3.2385235556287523e-09
135    3.2177570408267678e-09
136    3.197130920252092e-09
137    3.1766371969300104e-09
138    3.1562686888937428e-09
139    3.1360195454000188e-09
140    3.1158849560342236e-09
141    3.0958613543404203e-09
142    3.0759476534240368e-09
143    3.056143260946603e-09
144    3.0364477999104287e-09
145    3.0168628760064922e-09
146    2.997393759489859e-09
147    2.9780445967477074e-09
148    2.958817556341508e-09
149    2.939715723754669e-09
150    2.920742841993247e-09
151    2.9019033686335766e-09
152    2.883202936681882e-09
153    2.864647124794002e-09
154    2.8462415019646776e-09
155    2.8279921132377573e-09
156    2.8099046517380564e-09
157    2.7919849318559252e-09
158    2.774239430627361e-09
159    2.7566741221602375e-09
160    2.7392939675663863e-09
161    2.7221024272350295e-09
162    2.705102079815073e-09
163    2.6882945308663544e-09
164    2.671681262516821e-09
165    2.655263119175195e-09
166    2.652562870466485e-09
167    2.6373881975187654e-09
168    2.6223394910143818e-09
169    2.607413015239012e-09
170    2.5926036973202436e-09
171    2.5779064430911976e-09
172    2.5633161501528375e-09
173    2.548827118748563e-09
174    2.5344331950305364e-09
175    2.5017147979106327e-09
176    2.4873744610390645e-09
177    2.4732051083660456e-09
178    2.459203119691728e-09
179    2.4453649218835e-09
180    2.4316865186777776e-09
181    2.418163405637755e-09
182    2.404791220721855e-09
183    2.391566521186353e-09
184    2.378486326427173e-09
185    2.3655478407827265e-09
186    2.3527485082336687e-09
187    2.3400856833558094e-09
188    2.3275559159537904e-09
189    2.3151554615475202e-09
190    2.302880479596511e-09
191    2.290727729498715e-09
192    2.2786944436346796e-09
193    2.266777142529228e-09
194    2.2549722358865716e-09
195    2.2432766284069418e-09
196    2.231687400075263e-09
197    2.2202017554378783e-09
198    2.2088171716760597e-09
199    2.1975311421579604e-09
200    2.1863408358323884e-09
201    2.17524335498682e-09
202    2.164236173189041e-09
203    2.153317300747877e-09
204    2.1424849527175457e-09
205    2.1317366477694708e-09
206    2.1210679146696753e-09
207    2.1104740565485533e-09
208    2.0999504966542163e-09
209    2.089496175321589e-09
210    2.0791149396672426e-09
211    2.0688109578572876e-09
212    2.0585862666904824e-09
213    2.04842123417706e-09
214    2.0383070643991453e-09
215    2.028243203618769e-09
216    2.0182292377664096e-09
217    2.0082652385857425e-09
218    1.9983514604544027e-09
219    1.9884881730829066e-09
220    1.9786756829136186e-09
221    1.968914388410296e-09
222    1.9592112594552595e-09
223    1.9495773756923483e-09
224    1.9399943474877083e-09
225    1.9304615850234732e-09
226    1.9209786874107066e-09
227    1.911545423296756e-09
228    1.9021617978434323e-09
229    1.8928283696033015e-09
230    1.8835460933647014e-09
231    1.8743166888873314e-09
232    1.86514214975167e-09
233    1.8560243528179429e-09
234    1.8469650832707057e-09
235    1.830711116931222e-09
236    1.822830924520118e-09
237    1.8150305274077826e-09
238    1.8073052374132841e-09
239    1.7996514859325638e-09
240    1.7920660310454642e-09
241    1.7845456106363135e-09
242    1.7770869884715503e-09
243    1.7696868643357493e-09
244    1.76234201655245e-09
245    1.7550493278542984e-09
246    1.7478057103892661e-09
247    1.7406079430544756e-09
248    1.733452969602323e-09
249    1.7263380748281467e-09
250    1.7192606795411152e-09
251    1.70347114705122e-09
252    1.695726101966728e-09
253    1.688062069438442e-09
254    1.6804788696833818e-09
255    1.672976179990982e-09
256    1.6655533825944124e-09
257    1.658209818336701e-09
258    1.6509446880538633e-09
259    1.6437568147717026e-09
260    1.6366447538827363e-09
261    1.629607122985192e-09
262    1.6226426002182999e-09
263    1.61574972240416e-09
264    1.6089261971878603e-09
265    1.6021693351450394e-09
266    1.5954765266808923e-09
267    1.5888453558076168e-09
268    1.5822736615393921e-09
269    1.5757594682862611e-09
270    1.5693008158468962e-09
271    1.562895659175063e-09
272    1.556541804253129e-09
273    1.5502368629705924e-09
274    1.5439785164944335e-09
275    1.5377645620412486e-09
276    1.5315929038531427e-09
277    1.5254613182327914e-09
278    1.5193674579101726e-09
279    1.5133092405941617e-09
280    1.507284907463888e-09
281    1.501292928525525e-09
282    1.4953318873089048e-09
283    1.4894004793373557e-09
284    1.4834974465561195e-09
285    1.4776215707083566e-09
286    1.4717716721396774e-09
287    1.4659466144427526e-09
288    1.4601454222776632e-09
289    1.4543672268650005e-09
290    1.448611268031687e-09
291    1.4428768980355386e-09
292    1.4371635292213323e-09
293    1.4314706046629358e-09
294    1.4257976999194023e-09
295    1.420144541228548e-09
296    1.4145108652836743e-09
297    1.408896433853981e-09
298    1.4033010747369791e-09
299    1.3977246279856934e-09
300    1.3921670101547803e-09
301    1.3866283160322145e-09
302    1.3811087430718127e-09
303    1.375608422706301e-09
304    1.3701273421918527e-09
305    1.3646654206527548e-09
306    1.3592228138099253e-09
307    1.353799877879583e-09
308    1.34839696883716e-09
309    1.3430144651485708e-09
310    1.3376527339445042e-09
311    1.3323121155050156e-09
312    1.326992917435362e-09
313    1.3216953563102284e-09
314    1.3164197148784179e-09
315    1.3111664544717767e-09
316    1.3059360266389251e-09
317    1.30072887570057e-09
318    1.295545698635518e-09
319    1.29038736623951e-09
320    1.2772024891908964e-09
321    1.2721493898882071e-09
322    1.267144128143105e-09
323    1.26218607732737e-09
324    1.2572746218918485e-09
325    1.2524091541555823e-09
326    1.247589065324313e-09
327    1.2428136319407897e-09
328    1.2380821028669207e-09
329    1.2333937682795796e-09
330    1.2287479248441384e-09
331    1.2241438759430044e-09
332    1.219580928301203e-09
333    1.2210786489578886e-09
334    1.2163618616902145e-09
335    1.2116842379349156e-09
336    1.2070380826502494e-09
337    1.2024200062755212e-09
338    1.197830412464244e-09
339    1.1932697218327197e-09
340    1.188738362515237e-09
341    1.1842367343396475e-09
342    1.1797652135779066e-09
343    1.1753241878513532e-09
344    1.1709140479187216e-09
345    1.166535064293038e-09
346    1.1621873812039573e-09
347    1.1578711404567813e-09
348    1.1535864485822534e-09
349    1.149333378691283e-09
350    1.1451117970606362e-09
351    1.1409213256431323e-09
352    1.136761575833193e-09
353    1.1326321629854433e-09
354    1.1285327018506388e-09
355    1.1244627872017221e-09
356    1.1204219139839103e-09
357    1.1164093894140102e-09
358    1.1124245155212283e-09
359    1.1084666167589935e-09
360    1.1045351109721812e-09
361    1.1006294380095625e-09
362    1.0967490253552435e-09
363    1.092893315936163e-09
364    1.0890619018850805e-09
365    1.085254441642361e-09
366    1.081470565722319e-09
367    1.0777098999852172e-09
368    1.0739720504831498e-09
369    1.0702566414385563e-09
370    1.0665633092435145e-09
371    1.0628916972411173e-09
372    1.0592414578741426e-09
373    1.0556122501028162e-09
374    1.052003699933287e-09
375    1.0484154398693468e-09
376    1.0448471249802187e-09
377    1.0412984058046668e-09
378    1.037768867636049e-09
379    1.034258097515477e-09
380    1.0307656976213197e-09
381    1.0272912617158622e-09
382    1.0238343223406062e-09
383    1.0203944030448163e-09
384    1.0169710520634661e-09
385    1.0135638381461482e-09
386    1.0101723503074911e-09
387    1.0067962511512749e-09
388    1.003435232126889e-09
389    1.0000889963508279e-09
390    9.967572520454604e-10
391    9.934396919911175e-10
392    9.901360110282743e-10
393    9.868458998135356e-10
394    9.83569042839316e-10
395    9.803051450879647e-10
396    9.770538991955773e-10
397    9.759785950609494e-10
398    9.726903251581288e-10
399    9.694078988663043e-10
400    9.661342087783884e-10
401    9.62872190816497e-10
402    9.596247922940703e-10
403    9.56394894392237e-10
404    9.531852623849843e-10
405    9.499984826968337e-10
406    9.46828969488123e-10
407    9.436620049060345e-10
408    9.404958489005081e-10
409    9.373310918188984e-10
410    9.34168310836275e-10
411    9.310081043220396e-10
412    9.278511570691044e-10
413    9.246982637342816e-10
414    9.204081835122766e-10
415    9.17356514503895e-10
416    9.14314715681324e-10
417    9.112828585382904e-10
418    9.082610131561968e-10
419    9.052492487873545e-10
420    9.022476336264919e-10
421    8.992562347296825e-10
422    8.962751267310068e-10
423    8.933044337705299e-10
424    8.903443284009728e-10
425    8.873950045748329e-10
426    8.844566804800441e-10
427    8.815296061935552e-10
428    8.786139486572915e-10
429    8.757098418041431e-10
430    8.728174243079395e-10
431    8.699368350783338e-10
432    8.670682342120298e-10
433    8.642118169032228e-10
434    8.613678085293889e-10
435    8.585364367996207e-10
436    8.557179226502104e-10
437    8.529124813235805e-10
438    8.501203207288028e-10
439    8.473416401777617e-10
440    8.445766133613487e-10
441    8.418253587294454e-10
442    8.390879419060565e-10
443    8.363644857792938e-10
444    8.336551166055597e-10
445    8.309599657530264e-10
446    8.282791637128252e-10
447    8.256128377604119e-10
448    8.229611104986779e-10
449    8.203241410248766e-10
450    8.177021198270127e-10
451    8.150952346035735e-10
452    8.125036814208206e-10
453    8.099276660627275e-10
454    8.07367387279506e-10
455    8.048230228294202e-10
456    8.022947188885787e-10
457    7.997825319419448e-10
458    7.972863058876576e-10
459    7.948058746927292e-10
460    7.923410956757126e-10
461    7.898918329887889e-10
462    7.874579503350627e-10
463    7.85039294378207e-10
464    7.826356974716283e-10
465    7.802470336393461e-10
466    7.778736500575655e-10
467    7.755161193857529e-10
468    7.731749824730884e-10
469    7.708507442175784e-10
470    7.685438888235599e-10
471    7.662549094620903e-10
472    7.639843065194323e-10
473    7.617325468705726e-10
474    7.594983423619582e-10
475    7.572780782999861e-10
476    7.550708930962343e-10
477    7.528767563034237e-10
478    7.506955859894053e-10
479    7.485272488132441e-10
480    7.463716044715239e-10
481    7.442285146962022e-10
482    7.420978461890429e-10
483    7.399794773425165e-10
484    7.378732900023272e-10
485    7.357791674424796e-10
486    7.336969845302282e-10
487    7.316266131517804e-10
488    7.295679229045287e-10
489    7.275207541897047e-10
490    7.254849570124889e-10
491    7.234603847210209e-10
492    7.214468663178821e-10
493    7.194442299338035e-10
494    7.174522850003515e-10
495    7.154707539209748e-10
496    7.134993624658413e-10
497    7.115378681171198e-10
498    7.095860345066756e-10
499    7.076436162063385e-10
500    7.057103432581041e-10
501    7.037859370557827e-10
502    7.018701245644158e-10
503    6.999626373962075e-10
504    6.980632063555944e-10
505    6.961715664242449e-10
506    6.942874653493802e-10
507    6.924106576989688e-10
508    6.905408697029902e-10
509    6.886778337749268e-10
510    6.868213261885854e-10
511    6.849711376463996e-10
512    6.831270566549479e-10
513    6.812888766760381e-10
514    6.79456429407259e-10
515    6.77629607886434e-10
516    6.75808313139871e-10
517    6.739924531433889e-10
518    6.721819549340399e-10
519    6.70376750835915e-10
520    6.685767749125268e-10
521    6.667819639754093e-10
522    6.649922664945833e-10
523    6.632076450314616e-10
524    6.619969383764116e-10
525    6.603567003226803e-10
526    6.587202401752429e-10
527    6.570872939100671e-10
528    6.554576016908764e-10
529    6.538309080480454e-10
530    6.522069618508567e-10
531    6.505855165547499e-10
532    6.489663370677442e-10
533    6.473492010464767e-10
534    6.457339205577055e-10
535    6.441203545540539e-10
536    6.425084061569754e-10
537    6.408980019354087e-10
538    6.392890909728105e-10
539    6.376816258917339e-10
540    6.360755618960924e-10
541    6.344708556849843e-10
542    6.328674644146301e-10
543    6.312653457306796e-10
544    6.296644584803774e-10
545    6.280647882584989e-10
546    6.264663571971579e-10
547    6.248692088303477e-10
548    6.202431911709061e-10
549    6.185961544167633e-10
550    6.16955354367489e-10
551    6.153208914210684e-10
552    6.136928660336798e-10
553    6.120713757025868e-10
554    6.104565167746415e-10
555    6.088483988612509e-10
556    6.072471224272449e-10
557    6.056527548914336e-10
558    6.040653566436093e-10
559    6.024849840100393e-10
560    6.009116833528736e-10
561    5.99345496780452e-10
562    5.977864644273762e-10
563    5.962346243910016e-10
564    5.946900066407115e-10
565    5.931526208775788e-10
566    5.916224830095966e-10
567    5.900996194825791e-10
568    5.885840557878958e-10
569    5.870758233270395e-10
570    5.855749561295089e-10
571    5.840814864973981e-10
572    5.825954455416276e-10
573    5.811168667908784e-10
574    5.796457840950298e-10
575    5.781822297035901e-10
576    5.76726234221274e-10
577    5.752778271029127e-10
578    5.738370208396767e-10
579    5.724037888872875e-10
580    5.709780985675068e-10
581    5.695599170863963e-10
582    5.681492129289537e-10
583    5.667459403784465e-10
584    5.653500360530225e-10
585    5.639614341588307e-10
586    5.62585097140907e-10
587    5.612252449506745e-10
588    5.598724783471158e-10
589    5.585267809349547e-10
590    5.571881557322138e-10
591    5.55856607682703e-10
592    5.545321240082122e-10
593    5.532146786743973e-10
594    5.519042453484318e-10
595    5.506007977202071e-10
596    5.493043095359981e-10
597    5.480147552899139e-10
598    5.467321099677374e-10
599    5.454562983032459e-10
600    5.441871758146698e-10
601    5.429246016707074e-10
602    5.41668427495763e-10
603    5.404185010414384e-10
604    5.391746729291671e-10
605    5.379368048899767e-10
606    5.367047648048932e-10
607    5.354784193415686e-10
608    5.342576362056274e-10
609    5.330422861642338e-10
610    5.318323592999739e-10
611    5.306280373263628e-10
612    5.294295142537578e-10
613    5.28236978051866e-10
614    5.270506123003099e-10
615    5.258705966180069e-10
616    5.246971068787087e-10
617    5.235303153545117e-10
618    5.223703907887098e-10
619    5.203306794108143e-10
620    5.191239664673194e-10
621    5.179276812631206e-10
622    5.167417273746173e-10
623    5.155638996955134e-10
624    5.143921328158416e-10
625    5.132261906975508e-10
626    5.120661026627864e-10
627    5.109119101008751e-10
628    5.097636546396191e-10
629    5.086213791927051e-10
630    5.07485128767276e-10
631    5.063549471336687e-10
632    5.052308748997986e-10
633    5.04112944012637e-10
634    5.030011810930494e-10
635    5.018956096156464e-10
636    5.007962519864106e-10
637    4.997031274943922e-10
638    4.986162377432967e-10
639    4.975355755939529e-10
640    4.964611358759909e-10
641    4.953929208830621e-10
642    4.943309327743013e-10
643    4.948617919724276e-10
644    4.9381075490155e-10
645    4.927633327638258e-10
646    4.917195097889153e-10
647    4.906792791313016e-10
648    4.89642600954619e-10
649    4.886094129557496e-10
650    4.875796538834844e-10
651    4.86553264487878e-10
652    4.855301821526112e-10
653    4.845103335269859e-10
654    4.834936464719517e-10
655    4.824800527813714e-10
656    4.814694851624419e-10
657    4.804618768892285e-10
658    4.794571636246196e-10
659    4.78455282803555e-10
660    4.774561779325324e-10
661    4.764598079533652e-10
662    4.754661362428572e-10
663    4.744751266131966e-10
664    4.734867431919087e-10
665    4.725009503556294e-10
666    4.715177126620239e-10
667    4.705369953155112e-10
668    4.695587645480774e-10
669    4.685829874811017e-10
670    4.676096308858348e-10
671    4.666386603131107e-10
672    4.656700444657758e-10
673    4.647037535873762e-10
674    4.637397848842266e-10
675    4.627781543434751e-10
676    4.618188738194214e-10
677    4.608619521764229e-10
678    4.599073986597826e-10
679    4.5895522225144557e-10
680    4.5800543170064577e-10
681    4.5705803546282534e-10
682    4.56113041712836e-10
683    4.5517045839419787e-10
684    4.542302931922913e-10
685    4.532925534183162e-10
686    4.523572442103624e-10
687    4.514243638309945e-10
688    4.5049391713837353e-10
689    4.4956591231498774e-10
690    4.4864035737094334e-10
691    4.4771725996554677e-10
692    4.467966241956389e-10
693    4.4587845089503934e-10
694    4.449627404042236e-10
695    4.440494991980129e-10
696    4.431387438339198e-10
697    4.4223049330845986e-10
698    4.413247664246132e-10
699    4.404215815533523e-10
700    4.395209590185986e-10
701    4.3862293293084283e-10
702    4.3772754618715986e-10
703    4.368348334034018e-10
704    4.3594482370722065e-10
705    4.350575456015374e-10
706    4.3417302700294443e-10
707    4.3329129503569133e-10
708    4.324123753636282e-10
709    4.3153629272904504e-10
710    4.3066307128242325e-10
711    4.297927346092218e-10
712    4.2892530550215535e-10
713    4.28060807075161e-10
714    4.271992705517637e-10
715    4.2634072383982746e-10
716    4.2548518779681734e-10
717    4.246326827805516e-10
718    4.237832284331111e-10
719    4.229368381852216e-10
720    4.2209351858524565e-10
721    4.212532759272227e-10
722    4.2041611755616815e-10
723    4.195820529236361e-10
724    4.1875109160357055e-10
725    4.17923242770192e-10
726    4.170985152019676e-10
727    4.1627691728051156e-10
728    4.1545845573621796e-10
729    4.146431373918787e-10
730    4.138309715282044e-10
731    4.1302196992330627e-10
732    4.122161502564751e-10
733    4.1141353423162206e-10
734    4.1061414414315747e-10
735    4.098179991435252e-10
736    4.0902511278226786e-10
737    4.082354977193069e-10
738    4.0949472871813033e-10
739    4.086968826413596e-10
740    4.0790037623908034e-10
741    4.071052249264848e-10
742    4.063114438579171e-10
743    4.0551905202825334e-10
744    4.0472808160311815e-10
745    4.039385666715722e-10
746    4.0315054096235917e-10
747    4.023640429607496e-10
748    4.0157911359407633e-10
749    4.007957930820017e-10
750    4.0001412065968264e-10
751    3.992341346432834e-10
752    3.984558726366664e-10
753    3.9767937145986987e-10
754    3.969046650743983e-10
755    3.961317844629008e-10
756    3.953607600824284e-10
757    3.945916240042981e-10
758    3.9382441057198313e-10
759    3.930591539007567e-10
760    3.9229587710051506e-10
761    3.9153460101823846e-10
762    3.9077534277626504e-10
763    3.9001811793477404e-10
764    3.892629415925964e-10
765    3.8850982857700306e-10
766    3.877587954306865e-10
767    3.870098596027325e-10
768    3.862630380467417e-10
769    3.8551834720138636e-10
770    3.8477580299245004e-10
771    3.840354208245209e-10
772    3.8329721551961817e-10
773    3.825612025045685e-10
774    3.8118353350944075e-10
775    3.805063733422199e-10
776    3.7983098121704587e-10
777    3.7915734168539105e-10
778    3.784854455475073e-10
779    3.7781528691499816e-10
780    3.7714686044406846e-10
781    3.764801612393583e-10
782    3.7581518432041163e-10
783    3.751519245193866e-10
784    3.7449037965602144e-10
785    3.738305524011339e-10
786    3.731724457700084e-10
787    3.725160628444233e-10
788    3.718614066270788e-10
789    3.7120847641386744e-10
790    3.705572700312904e-10
791    3.699077828270781e-10
792    3.6926000834520587e-10
793    3.6861393877046137e-10
794    3.679695663301677e-10
795    3.673268816854545e-10
796    3.666858739333742e-10
797    3.66046532323285e-10
798    3.6540884672143596e-10
799    3.6477281141711174e-10
800    3.641384252245221e-10
801    3.63505692966395e-10
802    3.6287461869176936e-10
803    3.622451891867595e-10
804    3.616173810683677e-10
805    3.6099117187247847e-10
806    3.603665398813251e-10
807    3.5974346152392513e-10
808    3.591219093070715e-10
809    3.585018563707108e-10
810    3.5788327646051953e-10
811    3.5726614364292127e-10
812    3.5665043229511353e-10
813    3.5603611708072414e-10
814    3.5542317296828883e-10
815    3.54811575270674e-10
816    3.542013003826535e-10
817    3.535923286468972e-10
818    3.5298464151242323e-10
819    3.523782217395111e-10
820    3.517730592400111e-10
821    3.5116914525927077e-10
822    3.5056647175995657e-10
823    3.499650321986147e-10
824    3.493648204276414e-10
825    3.4876583038655847e-10
826    3.4816805258775105e-10
827    3.475714749504807e-10
828    3.469760855375327e-10
829    3.4638187324613047e-10
830    3.45788829425828e-10
831    3.45196946038153e-10
832    3.4460621525765813e-10
833    3.440166313217634e-10
834    3.434281913269938e-10
835    3.4284090373226757e-10
836    3.4225478446141246e-10
837    3.4166984952100615e-10
838    3.4108611481780005e-10
839    3.4050359614868716e-10
840    3.3992230932245336e-10
841    3.393422707745961e-10
842    3.387634969029122e-10
843    3.381860038034608e-10
844    3.376098062547585e-10
845    3.3703491355200054e-10
846    3.3646133282002567e-10
847    3.3588907098373986e-10
848    3.3531813482029124e-10
849    3.347485310783933e-10
850    3.3418026644133055e-10
851    3.336133474302495e-10
852    3.3304778200773887e-10
853    3.3248358161351215e-10
854    3.3192075811283086e-10
855    3.31359323894516e-10
856    3.3079929194633946e-10
857    3.3024067503990066e-10
858    3.296834856728165e-10
859    3.291277360603736e-10
860    3.2857343725326494e-10
861    3.280205988540282e-10
862    3.274692295299893e-10
863    3.269193369137794e-10
864    3.263709271666791e-10
865    3.258240079287337e-10
866    3.252785908455189e-10
867    3.247346876425618e-10
868    3.241923123445446e-10
869    3.2365148320749947e-10
870    3.231122188675292e-10
871    3.2257453728727707e-10
872    3.2203845561842644e-10
873    3.215039906940103e-10
874    3.2097115902462246e-10
875    3.204399778746167e-10
876    3.1991046651155205e-10
877    3.1938264413494934e-10
878    3.18856529572183e-10
879    3.1833214129930987e-10
880    3.1780949750851825e-10
881    3.1728861332078875e-10
882    3.1676948667681563e-10
883    3.1625210784370724e-10
884    3.1573646693686445e-10
885    3.1522255406038143e-10
886    3.1471035605022554e-10
887    3.141998563840889e-10
888    3.1369103768902685e-10
889    3.1318388197627057e-10
890    3.12678370175441e-10
891    3.1217448329573884e-10
892    3.1167220262272063e-10
893    3.111715097307456e-10
894    3.1067238720506664e-10
895    3.1017481753377997e-10
896    3.096787829470977e-10
897    3.0918426811977526e-10
898    3.086912940766675e-10
899    3.081999099815469e-10
900    3.083505427771811e-10
901    3.078866765576514e-10
902    3.074237647473302e-10
903    3.0696177337403334e-10
904    3.065006688164351e-10
905    3.06040417801422e-10
906    3.055809874011177e-10
907    3.051223450308078e-10
908    3.0466445844736444e-10
909    3.042072957473956e-10
910    3.037508253655559e-10
911    3.0329501607277607e-10
912    3.0283983709289103e-10
913    3.0238525905080043e-10
914    3.0193125372049993e-10
915    3.014777933832384e-10
916    3.010248509102986e-10
917    3.005723996683551e-10
918    3.0012041604589625e-10
919    2.996688811739761e-10
920    2.992177776981942e-10
921    2.9876709996174605e-10
922    2.983168504266119e-10
923    2.9786703172822585e-10
924    2.97417646618151e-10
925    2.969686978383153e-10
926    2.9652018809926344e-10
927    2.960721202129178e-10
928    2.956244970850236e-10
929    2.9517732156240874e-10
930    2.9473059572169155e-10
931    2.9428432035481887e-10
932    2.9383849611935405e-10
933    2.933931236474122e-10
934    2.929482035470191e-10
935    2.9250373632524334e-10
936    2.920597218510776e-10
937    2.916161619786969e-10
938    2.9117306292724637e-10
939    2.9073043132430757e-10
940    2.902882737202139e-10
941    2.8984659757540297e-10
942    2.894054118859589e-10
943    2.889647256813934e-10
944    2.8852454787308327e-10
945    2.8808488726165893e-10
946    2.8764575272755603e-10
947    2.8720715326468005e-10
948    2.86769097403338e-10
949    2.863315930129764e-10
950    2.858946478160125e-10
951    2.8545826944471175e-10
952    2.8502246543808724e-10
953    2.8458724323858814e-10
954    2.8415261019358393e-10
955    2.837185735630332e-10
956    2.832851416634036e-10
957    2.8285232589108525e-10
958    2.8242014131081605e-10
959    2.8198860160345844e-10
960    2.8155772102387996e-10
961    2.8112751697597265e-10
962    2.8069800708006717e-10
963    2.8026920891301576e-10
964    2.7984113990162196e-10
965    2.7941381725897773e-10
966    2.789872579997526e-10
967    2.7856148028860745e-10
968    2.781365043963392e-10
969    2.777123505791424e-10
970    2.7728903883485556e-10
971    2.768665889059775e-10
972    2.764450202842207e-10
973    2.7602435221011956e-10
974    2.7560460367725564e-10
975    2.7518579440453997e-10
976    2.7476794624595255e-10
977    2.7435108112845793e-10
978    2.7393522068804536e-10
979    2.735203860943331e-10
980    2.7310659731373153e-10
981    2.726938720772556e-10
982    2.722822253278591e-10
983    2.718716715925743e-10
984    2.7146222519784077e-10
985    2.710539002708677e-10
986    2.706467107410389e-10
987    2.7024067033147094e-10
988    2.6983579229410497e-10
989    2.6943208938556603e-10
990    2.690295741713459e-10
991    2.6862825904578237e-10
992    2.6822815623430843e-10
993    2.678292788035467e-10
994    2.6743164136024516e-10
995    2.6703525827532917e-10
996    2.666401412272575e-10
997    2.6624629993853954e-10
998    2.658537439052009e-10
999    2.6546248177715367e-10
