10    5.4989215525136455e-09
11    5.698335973931894e-09
12    5.875114152215006e-09
13    6.0192025485814606e-09
14    6.205723114986675e-09
15    6.328707708992398e-09
16    6.433669388572839e-09
17    6.525911824067871e-09
18    6.614929404304886e-09
19    6.691670108717823e-09
20    6.757863368578757e-09
21    6.815245364560522e-09
22    6.8652395712720074e-09
23    6.908924976270038e-09
24    6.942040405919036e-09
25    6.97266988117287e-09
26    6.998921946876093e-09
27    7.031389048444211e-09
28    7.0510209339617486e-09
29    7.1014156576202495e-09
30    7.1047263339845155e-09
31    7.102592545047796e-09
32    7.095792062243249e-09
33    7.0783998048642974e-09
34    7.07353258173033e-09
35    7.065367640312056e-09
36    7.054229950353273e-09
37    7.040539605498424e-09
38    7.024738224546252e-09
39    7.007225177937636e-09
40    6.988285479709111e-09
41    6.972481555356453e-09
42    6.948711161168853e-09
43    6.923776228418435e-09
44    6.89790881931173e-09
45    6.871267753233403e-09
46    6.850322891821524e-09
47    6.823612362754987e-09
48    6.795867666797569e-09
49    6.7460226786500865e-09
50    6.714716298330634e-09
51    6.683159243199395e-09
52    6.651382845652455e-09
53    6.6395000504383814e-09
54    6.609082323833219e-09
55    6.577674547725928e-09
56    6.545417796568663e-09
57    6.503789222809798e-09
58    6.469899291498722e-09
59    6.435610248509798e-09
60    6.400926206441072e-09
61    6.3658490633145006e-09
62    6.3303761968949545e-09
63    6.294503021697099e-09
64    6.258230092699115e-09
65    6.221562712418152e-09
66    6.184500660305993e-09
67    6.147044392255627e-09
68    6.109227799341401e-09
69    6.071096702006115e-09
70    6.0327045652251735e-09
71    5.994136182817148e-09
72    5.955479349536211e-09
73    5.91681400871661e-09
74    5.878212444937632e-09
75    5.8397352281543665e-09
76    5.801439905916235e-09
77    5.763374135946218e-09
78    5.725561602132172e-09
79    5.688070918547818e-09
80    5.6508886263046385e-09
81    5.614012554365455e-09
82    5.581826837385189e-09
83    5.543412924028121e-09
84    5.505344107536778e-09
85    5.467656797789563e-09
86    5.430378892782774e-09
87    5.393530454129995e-09
88    5.365083325735783e-09
89    5.3306990523981495e-09
90    5.296555176039968e-09
91    5.262640723982582e-09
92    5.228941688237509e-09
93    5.195434664523143e-09
94    5.129596333850757e-09
95    5.0942998127449975e-09
96    5.059501953006978e-09
97    5.02519455573296e-09
98    4.991368487649418e-09
99    4.9971609574111884e-09
100    4.964433680393832e-09
101    4.931780999519317e-09
102    4.899210050067702e-09
103    4.866729417989722e-09
104    4.8343518750043805e-09
105    4.802092700683734e-09
106    4.769971023155402e-09
107    4.738007006961637e-09
108    4.706220465507026e-09
109    4.674632444243368e-09
110    4.6432613940477915e-09
111    4.612122264298319e-09
112    4.5812249908654374e-09
113    4.550581179047616e-09
114    4.520201841202474e-09
115    4.490095297408992e-09
116    4.460268646335794e-09
117    4.430727458982168e-09
118    4.401475489066824e-09
119    4.372513748390916e-09
120    4.356862708883512e-09
121    4.329345697381697e-09
122    4.302000849014472e-09
123    4.274820853066899e-09
124    4.247796673374456e-09
125    4.220919639385628e-09
126    4.194181141866955e-09
127    4.167575281238231e-09
128    4.125089156965864e-09
129    4.099052195470258e-09
130    4.073294379972843e-09
131    4.047808660022258e-09
132    4.022587081013319e-09
133    3.99762307278552e-09
134    3.9729104339554405e-09
135    3.9484419900520136e-09
136    3.924211268557982e-09
137    3.900211655316485e-09
138    3.876437067386282e-09
139    3.852880990680896e-09
140    3.8295376300314655e-09
141    3.808361790396578e-09
142    3.783813810346592e-09
143    3.759462431512321e-09
144    3.735321509153969e-09
145    3.711403540924742e-09
146    3.687718588290433e-09
147    3.664276661466339e-09
148    3.641089409023952e-09
149    3.6181696263526517e-09
150    3.595529043634212e-09
151    3.5731733529350686e-09
152    3.551103144094512e-09
153    3.529320359683094e-09
154    3.52067518348905e-09
155    3.497925273835603e-09
156    3.4754039423984325e-09
157    3.453120027327449e-09
158    3.4310811974881905e-09
159    3.4092943017355693e-09
160    3.387766540375025e-09
161    3.3665061305626777e-09
162    3.345520731058695e-09
163    3.324815498472245e-09
164    3.304393901844146e-09
165    3.2909031103142764e-09
166    3.2727572960804896e-09
167    3.2548334014561074e-09
168    3.2371204706684363e-09
169    3.2196072379775818e-09
170    3.202284957228895e-09
171    3.185146306824245e-09
172    3.168184291277786e-09
173    3.1513910387048005e-09
174    3.1347584630136107e-09
175    3.1182789771005385e-09
176    3.1019459773384036e-09
177    3.0857543997151262e-09
178    3.0696993577016963e-09
179    3.053775410606096e-09
180    3.0379769613124813e-09
181    3.0222981105548288e-09
182    3.006732986590986e-09
183    2.9912758405271714e-09
184    2.9759210853069985e-09
185    2.960663502764574e-09
186    2.9454986542279672e-09
187    2.93042238933678e-09
188    2.9154302240862084e-09
189    2.9005184375402146e-09
190    2.885683249138814e-09
191    2.8709201666005077e-09
192    2.856224937909327e-09
193    2.84159374419073e-09
194    2.8270239244387518e-09
195    2.812514128111292e-09
196    2.798063431495959e-09
197    2.783671403319742e-09
198    2.7693380493098026e-09
199    2.7550640510485307e-09
200    2.7408508821499126e-09
201    2.7267000004975513e-09
202    2.7126127965678596e-09
203    2.6985906783888065e-09
204    2.684635506129457e-09
205    2.6707502340985787e-09
206    2.656938694654139e-09
207    2.6432048375910778e-09
208    2.629552394400508e-09
209    2.615984894411415e-09
210    2.6025058078949677e-09
211    2.5891184234237773e-09
212    2.575825640790017e-09
213    2.5626305635925412e-09
214    2.549536788376063e-09
215    2.5365477561607874e-09
216    2.523666962302622e-09
217    2.510897535217602e-09
218    2.4982416913985624e-09
219    2.4857012352927707e-09
220    2.473277409051305e-09
221    2.473264742382598e-09
222    2.4619802805713434e-09
223    2.450770806665656e-09
224    2.4396348991194746e-09
225    2.428571140625607e-09
226    2.4175781129739255e-09
227    2.406654077605877e-09
228    2.395797267537336e-09
229    2.3850061799936176e-09
230    2.374279419208651e-09
231    2.344449606010061e-09
232    2.3334414153314032e-09
233    2.3225464976547475e-09
234    2.3117636546239452e-09
235    2.301091491886053e-09
236    2.2905282744454898e-09
237    2.280072219694344e-09
238    2.2697215679308115e-09
239    2.2594747103739497e-09
240    2.2493299527668436e-09
241    2.239285319077647e-09
242    2.229338866829912e-09
243    2.2194886780693585e-09
244    2.2097328558373446e-09
245    2.200069447388902e-09
246    2.1904962671334084e-09
247    2.1810111726886692e-09
248    2.1716122165411716e-09
249    2.1622975501205797e-09
250    2.1530653117658882e-09
251    2.1439139102117576e-09
252    2.134842004221936e-09
253    2.125848074206062e-09
254    2.1169299098462832e-09
255    2.108085153071387e-09
256    2.0993117276677782e-09
257    2.0906079388941236e-09
258    2.0819721725034195e-09
259    2.0734028709475934e-09
260    2.064898486430042e-09
261    2.056457444084577e-09
262    2.048077977002113e-09
263    2.0397583192801816e-09
264    2.0314967651800816e-09
265    2.0232916525344132e-09
266    2.0151414238303837e-09
267    2.0070448423015186e-09
268    1.9990007692205474e-09
269    1.9910080734394877e-09
270    1.983065525218687e-09
271    1.975171891440119e-09
272    1.9673259740945144e-09
273    1.959526638597916e-09
274    1.951772937768245e-09
275    1.9440640681606e-09
276    1.936399227217475e-09
277    1.9287776544403396e-09
278    1.9211984687626833e-09
279    1.9136606951888144e-09
280    1.90616319573515e-09
281    1.8987046426301925e-09
282    1.8912833299472952e-09
283    1.8838971130398125e-09
284    1.8765438766526413e-09
285    1.869221739851704e-09
286    1.8619292660602794e-09
287    1.8546664304412473e-09
288    1.847435570942591e-09
289    1.840239220218024e-09
290    1.8330798624026427e-09
291    1.8259599606903722e-09
292    1.8188762814180376e-09
293    1.811815359335078e-09
294    1.804775585342102e-09
295    1.7977569604639961e-09
296    1.7907594652249488e-09
297    1.7837833547751326e-09
298    1.776828938119155e-09
299    1.7698964792325715e-09
300    1.7629862196664264e-09
301    1.7560983987723377e-09
302    1.7492334221349702e-09
303    1.7423919628246312e-09
304    1.7355746763331844e-09
305    1.7287817820598027e-09
306    1.706077634180128e-09
307    1.6999112066115282e-09
308    1.6938103684454978e-09
309    1.687774055530928e-09
310    1.6818010224256032e-09
311    1.675889930660123e-09
312    1.670039477066463e-09
313    1.6642484215050904e-09
314    1.6585153677667515e-09
315    1.6528379740545775e-09
316    1.6472134476455084e-09
317    1.6416390701606109e-09
318    1.6361122787733634e-09
319    1.6306306669989537e-09
320    1.6251918965853362e-09
321    1.6197936937676598e-09
322    1.6144338475202403e-09
323    1.6091102054477519e-09
324    1.603820585274894e-09
325    1.5985627052432776e-09
326    1.5927452173476262e-09
327    1.5866237112292694e-09
328    1.5805405470349982e-09
329    1.574496475882548e-09
330    1.568492311656874e-09
331    1.562528872185864e-09
332    1.5566069267470246e-09
333    1.550727197304024e-09
334    1.5448903539877614e-09
335    1.5390969719145177e-09
336    1.5333475598106397e-09
337    1.527642589910667e-09
338    1.5219825016233082e-09
339    1.5163677112613929e-09
340    1.5107986589579787e-09
341    1.505275677186e-09
342    1.4997988074368998e-09
343    1.4943678084622818e-09
344    1.4889823324989993e-09
345    1.4836420270030843e-09
346    1.4783465703474748e-09
347    1.473095666797845e-09
348    1.4678890229031456e-09
349    1.4627263456927116e-09
350    1.4576073205884507e-09
351    1.4525314892311075e-09
352    1.447498317512161e-09
353    1.4425071646178693e-09
354    1.4375573012820316e-09
355    1.432648015834509e-09
356    1.4277785828642259e-09
357    1.4229482096689146e-09
358    1.4181561002994197e-09
359    1.413401259692019e-09
360    1.4086825812643014e-09
361    1.4039990039902361e-09
362    1.3993494963912386e-09
363    1.394733054497144e-09
364    1.3901486166230658e-09
365    1.38559501871486e-09
366    1.3810711326034897e-09
367    1.3765758325195876e-09
368    1.3721080897215726e-09
369    1.367666927734934e-09
370    1.3632513995058268e-09
371    1.3588605973773052e-09
372    1.3544936417972114e-09
373    1.3501496764836632e-09
374    1.34582786680312e-09
375    1.3415273616322414e-09
376    1.3372472450219878e-09
377    1.3329865420984133e-09
378    1.3287442803649127e-09
379    1.3245195098420091e-09
380    1.3203113043986948e-09
381    1.316118769039572e-09
382    1.3119411340768351e-09
383    1.3077777572441927e-09
384    1.3036280620974993e-09
385    1.2994915390705779e-09
386    1.2953677713547536e-09
387    1.291256310866862e-09
388    1.287156686815127e-09
389    1.2830684376885942e-09
390    1.2789911173904447e-09
391    1.2749243477067914e-09
392    1.2708678614047325e-09
393    1.266821408566905e-09
394    1.2627847310851845e-09
395    1.2587575469542039e-09
396    1.2547395902603954e-09
397    1.2507306709507496e-09
398    1.246730610324467e-09
399    1.2427392432553988e-09
400    1.2387565033951013e-09
401    1.2347823465573213e-09
402    1.230816732795036e-09
403    1.2268596433548139e-09
404    1.2229110856180564e-09
405    1.2189710675202066e-09
406    1.2150395940165372e-09
407    1.2111166815582085e-09
408    1.207202396787458e-09
409    1.2032968437143375e-09
410    1.1994002029956537e-09
411    1.195512702906363e-09
412    1.1916346186371817e-09
413    1.1877662290680614e-09
414    1.18390781027744e-09
415    1.1715627010233443e-09
416    1.1675369329859378e-09
417    1.1635413774162507e-09
418    1.159576315112401e-09
419    1.1556420103738298e-09
420    1.1517387102035169e-09
421    1.1478666008927746e-09
422    1.1440257254372453e-09
423    1.1402160951501567e-09
424    1.136437713809063e-09
425    1.1326905778654903e-09
426    1.1289746788039382e-09
427    1.1252900104217287e-09
428    1.1216365620789434e-09
429    1.1180143163920408e-09
430    1.1144232202841161e-09
431    1.1108630455247942e-09
432    1.1073334413157738e-09
433    1.1128287773200768e-09
434    1.1092232965871792e-09
435    1.1056338270226057e-09
436    1.102060824325049e-09
437    1.0985047337759607e-09
438    1.0949659884165438e-09
439    1.0914449849325921e-09
440    1.0879418100995992e-09
441    1.0844563243412103e-09
442    1.0809883820531878e-09
443    1.0775378603392052e-09
444    1.0741046767825197e-09
445    1.0706887635020435e-09
446    1.0672900607801552e-09
447    1.0639085493491655e-09
448    1.0605447835512799e-09
449    1.0571997701613623e-09
450    1.0538744938727518e-09
451    1.0505699156335626e-09
452    1.047286976668986e-09
453    1.0440265920343732e-09
454    1.040789647251885e-09
455    1.0375768370683599e-09
456    1.0343859017204758e-09
457    1.0312128950388675e-09
458    1.0280573813138736e-09
459    1.0249194553100647e-09
460    1.021799206039823e-09
461    1.0186967044061332e-09
462    1.015612014958683e-09
463    1.0125451992596377e-09
464    1.009496320085674e-09
465    1.0064654625679082e-09
466    1.003452742318457e-09
467    1.0004582680393123e-09
468    9.974821419846612e-10
469    9.945244292926231e-10
470    9.91585124548748e-10
471    9.886642098430335e-10
472    9.85761666208832e-10
473    9.828774699999662e-10
474    9.800115665650192e-10
475    9.771638630746917e-10
476    9.743341522170626e-10
477    9.715221671794613e-10
478    9.687276074017772e-10
479    9.659501747275257e-10
480    9.631895758912277e-10
481    9.604455235148054e-10
482    9.577177422515306e-10
483    9.550059850732146e-10
484    9.523100212018368e-10
485    9.496296143785878e-10
486    9.46964531426009e-10
487    9.443145355035332e-10
488    9.4167936129031e-10
489    9.39058695627463e-10
490    9.364522265949267e-10
491    9.338596478655742e-10
492    9.312806581917843e-10
493    9.287149614113526e-10
494    9.261622879731353e-10
495    9.236224616788779e-10
496    9.210953293469249e-10
497    9.185807151944162e-10
498    9.160784182293332e-10
499    9.135882104988124e-10
500    9.111098221775084e-10
501    9.086429971814865e-10
502    9.061875123426447e-10
503    9.037431573341382e-10
504    9.013097246669244e-10
505    8.988870094167833e-10
506    8.964748103748229e-10
507    8.940729362392596e-10
508    8.916812010090411e-10
509    8.892994211378988e-10
510    8.869274149677463e-10
511    8.876257042598203e-10
512    8.852215622971015e-10
513    8.828228880865074e-10
514    8.804296690933613e-10
515    8.780419042704502e-10
516    8.756595921224627e-10
517    8.732827300127148e-10
518    8.709113220295657e-10
519    8.685454360518008e-10
520    8.661851693547442e-10
521    8.638306159402164e-10
522    8.614818664315207e-10
523    8.591390122294454e-10
524    8.568021509007545e-10
525    8.544713780691709e-10
526    8.521467862010959e-10
527    8.498284665029797e-10
528    8.457088356743596e-10
529    8.434924362295488e-10
530    8.412830609810596e-10
531    8.390806425930944e-10
532    8.368851148852037e-10
533    8.346964155422643e-10
534    8.325144941805682e-10
535    8.303392808275374e-10
536    8.281706831168088e-10
537    8.260085849801902e-10
538    8.238528621203771e-10
539    8.217033898602849e-10
540    8.195600467747083e-10
541    8.174227173386909e-10
542    8.152913164466458e-10
543    8.13165808988172e-10
544    8.110461883533139e-10
545    8.089324833433233e-10
546    8.068247428994999e-10
547    8.047230153468522e-10
548    8.026273402498318e-10
549    8.005377432772541e-10
550    7.984542475145263e-10
551    7.963768759834173e-10
552    7.943056516099509e-10
553    7.922405965499611e-10
554    7.901817046608897e-10
555    7.881289395486273e-10
556    7.860822673219827e-10
557    7.840416916121676e-10
558    7.820072328905659e-10
559    7.799789114454541e-10
560    7.779567473167655e-10
561    7.759407606019639e-10
562    7.739309713370575e-10
563    7.719273999041611e-10
564    7.699300779877301e-10
565    7.679390476927939e-10
566    7.659543419843369e-10
567    7.639759976980242e-10
568    7.620040775388486e-10
569    7.600386486155831e-10
570    7.580797796041849e-10
571    7.561275443185083e-10
572    7.5418200494947e-10
573    7.52243206455284e-10
574    7.503111865800251e-10
575    7.483859774873704e-10
576    7.464676092381407e-10
577    7.445561106050972e-10
578    7.426515138215154e-10
579    7.407538722346571e-10
580    7.388632457718912e-10
581    7.369796923090141e-10
582    7.351032681320009e-10
583    7.332340284770406e-10
584    7.313720282786406e-10
585    7.295173332844277e-10
586    7.276700197787695e-10
587    7.258301651387336e-10
588    7.239978439537113e-10
589    7.221731258583713e-10
590    7.203560664454189e-10
591    7.185467237791672e-10
592    7.167451627422382e-10
593    7.149514460783776e-10
594    7.131656296217705e-10
595    7.113877647935364e-10
596    7.096179007239395e-10
597    7.078560842083419e-10
598    7.06102359976497e-10
599    7.043567711197647e-10
600    7.026193566854752e-10
601    7.00890170742635e-10
602    6.9916931334444e-10
603    6.974568834427747e-10
604    6.957529700984927e-10
605    6.940576588553433e-10
606    6.923710344616373e-10
607    6.906931752882898e-10
608    6.890241485127694e-10
609    6.873640176419529e-10
610    6.857128437656428e-10
611    6.84070685902316e-10
612    6.824375787680643e-10
613    6.808134500822252e-10
614    6.791981995260271e-10
615    6.775917251764621e-10
616    6.759939152993678e-10
617    6.744046579351676e-10
618    6.728238423419558e-10
619    6.712513591194608e-10
620    6.69687100366562e-10
621    6.681309592222947e-10
622    6.66582828053486e-10
623    6.650426179936665e-10
624    6.635104666255741e-10
625    6.619866629121939e-10
626    6.60471494063001e-10
627    6.589652335370967e-10
628    6.574681478470163e-10
629    6.55980491708047e-10
630    6.545024903870417e-10
631    6.53034358477742e-10
632    6.515763061551459e-10
633    6.501285372051219e-10
634    6.486912289536215e-10
635    6.472635372211137e-10
636    6.458432590796254e-10
637    6.444293476908072e-10
638    6.430217463872666e-10
639    6.416204301961292e-10
640    6.402253745058422e-10
641    6.388365553593935e-10
642    6.374539505960705e-10
643    6.360775512538503e-10
644    6.347073435733937e-10
645    6.333432993939919e-10
646    6.319853895760302e-10
647    6.306335712283835e-10
648    6.292877882398162e-10
649    6.279479847321123e-10
650    6.266140975758602e-10
651    6.252860486448584e-10
652    6.239637637858242e-10
653    6.226471755068445e-10
654    6.213362177024178e-10
655    6.200308253681594e-10
656    6.187309347179129e-10
657    6.174364830456304e-10
658    6.161474063915206e-10
659    6.148636284193038e-10
660    6.13585073904669e-10
661    6.12311691737364e-10
662    6.110434211615693e-10
663    6.097801502196694e-10
664    6.085217606471754e-10
665    6.07268135975315e-10
666    6.060191610930343e-10
667    6.047747194084237e-10
668    6.018947409073274e-10
669    6.007372063584503e-10
670    5.995846462911198e-10
671    5.984368732473463e-10
672    5.972937046459637e-10
673    5.961549750956035e-10
674    5.950205250229537e-10
675    5.93890187458267e-10
676    5.92763794782431e-10
677    5.916411815028894e-10
678    5.905221842283405e-10
679    5.894066416450086e-10
680    5.882943944947649e-10
681    5.871852855549603e-10
682    5.860791596715904e-10
683    5.849758659963147e-10
684    5.838752588035523e-10
685    5.827771945342355e-10
686    5.816815316072181e-10
687    5.805881303164387e-10
688    5.794968526753312e-10
689    5.784075648144685e-10
690    5.773201401279229e-10
691    5.762344542639853e-10
692    5.751503842672259e-10
693    5.740678072099172e-10
694    5.729866016468476e-10
695    5.719066512776526e-10
696    5.708278440511092e-10
697    5.697500714937259e-10
698    5.686732272250679e-10
699    5.675972064303243e-10
700    5.665219082763589e-10
701    5.65447241066409e-10
702    5.64373118662429e-10
703    5.632994733029068e-10
704    5.622262629788747e-10
705    5.611534565215837e-10
706    5.600810234192669e-10
707    5.5900893372205e-10
708    5.579371580455752e-10
709    5.568656675756543e-10
710    5.557944340738483e-10
711    5.547234298831252e-10
712    5.536526279335242e-10
713    5.525820017478332e-10
714    5.515115254473993e-10
715    5.504411737577934e-10
716    5.493709220142794e-10
717    5.483007461961646e-10
718    5.472306313690984e-10
719    5.461605832484424e-10
720    5.450906073047366e-10
721    5.440207006081011e-10
722    5.429508795076291e-10
723    5.418811928279102e-10
724    5.408116941696715e-10
725    5.397424364822121e-10
726    5.386734721805851e-10
727    5.376048531814466e-10
728    5.365366340723634e-10
729    5.35468874766842e-10
730    5.344016351357568e-10
731    5.33334974362011e-10
732    5.322689515190976e-10
733    5.312036340348664e-10
734    5.30139095695898e-10
735    5.290754095386294e-10
736    5.280126476496209e-10
737    5.269508811736741e-10
738    5.258901800591346e-10
739    5.248306119876735e-10
740    5.23772243352652e-10
741    5.22715146317247e-10
742    5.216594075994411e-10
743    5.206051146303171e-10
744    5.195523463376819e-10
745    5.185011669473485e-10
746    5.174516382740648e-10
747    5.164038240362744e-10
748    5.153577982652282e-10
749    5.143136366938324e-10
750    5.132714138787198e-10
751    5.122312038378012e-10
752    5.111930813206908e-10
753    5.101571202339946e-10
754    5.091233933262471e-10
755    5.080919735573923e-10
756    5.070629373244242e-10
757    5.060363629105738e-10
758    5.050123268651342e-10
759    5.039909043773911e-10
760    5.029721702554041e-10
761    5.019562054830242e-10
762    5.009430923373996e-10
763    4.99932910482525e-10
764    4.989257380614672e-10
765    4.979216517860989e-10
766    4.969207269507269e-10
767    4.959230372789227e-10
768    4.949286487407304e-10
769    4.939376178494929e-10
770    4.929499994359539e-10
771    4.919658472081999e-10
772    4.909852137602891e-10
773    4.900081505808616e-10
774    4.890347080587723e-10
775    4.880649350128499e-10
776    4.870988804719963e-10
777    4.861366074425447e-10
778    4.851781840627291e-10
779    4.842236771223831e-10
780    4.832731538687481e-10
781    4.823266777488897e-10
782    4.813842973756592e-10
783    4.80446058001063e-10
784    4.795120071323942e-10
785    4.785821934086329e-10
786    4.776566657149504e-10
787    4.767354746991158e-10
788    4.758186701810778e-10
789    4.749063007901002e-10
790    4.739984138069963e-10
791    4.730950278577238e-10
792    4.721961016527354e-10
793    4.713015846975127e-10
794    4.704114268380646e-10
795    4.695255783412002e-10
796    4.686439898863747e-10
797    4.677666125582324e-10
798    4.670521117918185e-10
799    4.66219428037302e-10
800    4.653897241693492e-10
801    4.645629482438478e-10
802    4.637390460904622e-10
803    4.629179570345164e-10
804    4.620996691378346e-10
805    4.6128426280844655e-10
806    4.6047182846428915e-10
807    4.596624532689281e-10
808    4.588562176152784e-10
809    4.580531995038051e-10
810    4.572534755270259e-10
811    4.5645712092988567e-10
812    4.5566421065926434e-10
813    4.5487621682285903e-10
814    4.541042931488506e-10
815    4.5333602067726e-10
816    4.525714756436935e-10
817    4.518107330682186e-10
818    4.510538079139051e-10
819    4.5030011723023814e-10
820    4.4954874980820574e-10
821    4.487991829239753e-10
822    4.480513708685972e-10
823    4.473052984493233e-10
824    4.465609516116491e-10
825    4.458183171842849e-10
826    4.4507738316011215e-10
827    4.4433813848010476e-10
828    4.4360057213725526e-10
829    4.4286467300212597e-10
830    4.4213042990423803e-10
831    4.4139783167373353e-10
832    4.4066686712792025e-10
833    4.3993752363578227e-10
834    4.392097867979639e-10
835    4.384836423899756e-10
836    4.3775907622990245e-10
837    4.370360756599396e-10
838    4.363146380264088e-10
839    4.3559476534534726e-10
840    4.3487645955436704e-10
841    4.341597224539035e-10
842    4.3344455661485955e-10
843    4.327309655156154e-10
844    4.32018952459195e-10
845    4.3130852043889873e-10
846    4.305996706844942e-10
847    4.2989240307340196e-10
848    4.291867174812422e-10
849    4.284826163931068e-10
850    4.277801045973048e-10
851    4.2707918681110324e-10
852    4.263798675966205e-10
853    4.2568214995598875e-10
854    4.249860186467331e-10
855    4.24291445619981e-10
856    4.23598407843599e-10
857    4.2290688557313103e-10
858    4.222168592561154e-10
859    4.2152830920709094e-10
860    4.2084121544594966e-10
861    4.201555581181809e-10
862    4.1947131752126803e-10
863    4.187884741468648e-10
864    4.1810700868515354e-10
865    4.1742690202520467e-10
866    4.167481352554908e-10
867    4.1607068966454204e-10
868    4.153945467416658e-10
869    4.147196881701737e-10
870    4.1404609580250474e-10
871    4.133737522200628e-10
872    4.1270264264039614e-10
873    4.120327589051896e-10
874    4.1136409760255397e-10
875    4.106966525522699e-10
876    4.100304146260827e-10
877    4.093653748450922e-10
878    4.087015245602126e-10
879    4.080388552414455e-10
880    4.073773584892891e-10
881    4.067170260508594e-10
882    4.0605784978486555e-10
883    4.0539982165769703e-10
884    4.0474293371338206e-10
885    4.04087177381039e-10
886    4.0343254351044007e-10
887    4.0277902426767873e-10
888    4.0212662345155976e-10
889    4.0147535507022886e-10
890    4.0082523410002193e-10
891    4.001762770692012e-10
892    3.995285037983868e-10
893    3.9888193449703956e-10
894    3.9823658910252865e-10
895    3.975924872859928e-10
896    3.969496476114747e-10
897    3.963080881973811e-10
898    3.9566782698655946e-10
899    3.950288816934461e-10
900    3.9439126978166975e-10
901    3.9375500825573375e-10
902    3.9312011133224387e-10
903    3.924865911669285e-10
904    3.918544596926957e-10
905    3.9122372826297587e-10
906    3.9059440319029645e-10
907    3.899664874532106e-10
908    3.893399840969238e-10
909    3.8871489857299066e-10
910    3.880912385879675e-10
911    3.8746901206713184e-10
912    3.8684822721223987e-10
913    3.8622889224449176e-10
914    3.856110152316909e-10
915    3.8499460407403905e-10
916    3.843796656357165e-10
917    3.8376620277368434e-10
918    3.8315421725707824e-10
919    3.825437116933147e-10
920    3.819346904402429e-10
921    3.813271580193888e-10
922    3.8072111903010233e-10
923    3.8011657973041744e-10
924    3.795135506473993e-10
925    3.789120434957115e-10
926    3.7831207004442547e-10
927    3.777136417592129e-10
928    3.771167698082389e-10
929    3.7652146508550976e-10
930    3.759277377029818e-10
931    3.7533559695140115e-10
932    3.747450503031506e-10
933    3.7415610437143796e-10
934    3.755523999414928e-10
935    3.749716147307674e-10
936    3.7439139308686395e-10
937    3.738117534923736e-10
938    3.732327141389669e-10
939    3.726542929343732e-10
940    3.720765075054688e-10
941    3.714993752008635e-10
942    3.709229126098494e-10
943    3.7034713455012477e-10
944    3.697720553079988e-10
945    3.6919768893768257e-10
946    3.6862404926384075e-10
947    3.6805114988421145e-10
948    3.674790041722906e-10
949    3.6690762528183946e-10
950    3.663370267003736e-10
951    3.657672224087626e-10
952    3.651982259632836e-10
953    3.6463005069484984e-10
954    3.640627103927018e-10
955    3.634962244569946e-10
956    3.6293061496079113e-10
957    3.623659036678704e-10
958    3.618021122938682e-10
959    3.6123926360067595e-10
960    3.6067738088295534e-10
961    3.6011648711550103e-10
962    3.595566033276879e-10
963    3.5899774694241285e-10
964    3.5843993473321334e-10
965    3.5788318320189524e-10
966    3.5732750858193384e-10
967    3.5677292684176835e-10
968    3.5621945368812493e-10
969    3.5566710456937024e-10
970    3.55115894678808e-10
971    3.545658389564162e-10
972    3.5401695209239244e-10
973    3.534692482144904e-10
974    3.529227411629163e-10
975    3.5237744684577735e-10
976    3.518333811587136e-10
977    3.5129055975182953e-10
978    3.5074899816007936e-10
979    3.5020871200174003e-10
980    3.4966971672494125e-10
981    3.491320275249102e-10
982    3.473557485702333e-10
983    3.468494551995697e-10
984    3.463448012629091e-10
985    3.458418331873128e-10
986    3.45340596869846e-10
987    3.448411376869202e-10
988    3.4434350082593483e-10
989    3.438477326154028e-10
990    3.4335387744559924e-10
991    3.4286197786216776e-10
992    3.423720753369702e-10
993    3.418842107359126e-10
994    3.413984244385969e-10
995    3.409147563423595e-10
996    3.404332459361214e-10
997    3.3995390069181075e-10
998    3.3947646240672423e-10
999    3.3900053898959634e-10
