10    5.645503089714632e-09
11    5.859873833988541e-09
12    6.047334805467756e-09
13    6.212818373711708e-09
14    6.3613889111203884e-09
15    6.50014421537221e-09
16    6.6495878257161e-09
17    6.753687284988247e-09
18    6.842419602186353e-09
19    6.9158808572822795e-09
20    6.992732701729341e-09
21    7.058886596274869e-09
22    7.11547508884444e-09
23    7.163872912760715e-09
24    7.205335193752314e-09
25    7.2409208041048785e-09
26    7.271463814961213e-09
27    7.297485947049656e-09
28    7.312317327010831e-09
29    7.3283360348013494e-09
30    7.3410806523517144e-09
31    7.363002171513095e-09
32    7.370896870551072e-09
33    7.3748763289909626e-09
34    7.409039648404326e-09
35    7.398360576729319e-09
36    7.383784273033621e-09
37    7.365914532913747e-09
38    7.341572121579254e-09
39    7.327505068293411e-09
40    7.310937487894119e-09
41    7.292124231934858e-09
42    7.271383114426791e-09
43    7.2490494471240205e-09
44    7.225432854877411e-09
45    7.200752976253432e-09
46    7.175198583209501e-09
47    7.15314694930699e-09
48    7.123635529016279e-09
49    7.093400657290819e-09
50    7.0626074889786595e-09
51    7.031375234565215e-09
52    7.006351220187802e-09
53    6.975819107549587e-09
54    6.944612863448186e-09
55    6.8907592702744545e-09
56    6.8561183516583036e-09
57    6.821444734647808e-09
58    6.786750229927806e-09
59    6.778206244822519e-09
60    6.739687028218731e-09
61    6.7070084130279006e-09
62    6.6735988180950096e-09
63    6.63954413441052e-09
64    6.596382253429211e-09
65    6.5589264784034226e-09
66    6.521317610843261e-09
67    6.483619484484698e-09
68    6.445881092866091e-09
69    6.408140068117439e-09
70    6.379238468782943e-09
71    6.342536787451122e-09
72    6.305622005986075e-09
73    6.268494441302585e-09
74    6.2311515124032805e-09
75    6.193584739523501e-09
76    6.155793739893819e-09
77    6.117799174272588e-09
78    6.0796356529154834e-09
79    6.041334142485739e-09
80    6.002939601175839e-09
81    5.964519584162813e-09
82    5.926136328593841e-09
83    5.88784069863229e-09
84    5.849680111280963e-09
85    5.8117010400565214e-09
86    5.773942173088355e-09
87    5.7364440958228936e-09
88    5.699232155625415e-09
89    5.662322963362969e-09
90    5.625775684464286e-09
91    5.589577979658056e-09
92    5.55371930484027e-09
93    5.523471224738177e-09
94    5.4861955974560356e-09
95    5.44927600951039e-09
96    5.412742014271496e-09
97    5.376615587015481e-09
98    5.340913345850369e-09
99    5.3056397046145286e-09
100    5.2796790845530285e-09
101    5.246864394738663e-09
102    5.214315538765398e-09
103    5.182020649742569e-09
104    5.149962210679429e-09
105    5.118120065902496e-09
106    5.052414554938323e-09
107    5.018663579488857e-09
108    4.985396284173687e-09
109    4.95260746052827e-09
110    4.9202923426181725e-09
111    4.9305551074814955e-09
112    4.8997449598919384e-09
113    4.8690383740286235e-09
114    4.838433580811401e-09
115    4.807933548549002e-09
116    4.777541919513895e-09
117    4.747263266143349e-09
118    4.717105814831621e-09
119    4.687079490325968e-09
120    4.657197185122748e-09
121    4.627474238358497e-09
122    4.5979244387184426e-09
123    4.568560686467998e-09
124    4.539394907764696e-09
125    4.510436418616537e-09
126    4.481693351866707e-09
127    4.453172892575454e-09
128    4.4248850370084275e-09
129    4.396839987849495e-09
130    4.3690446633511875e-09
131    4.34150538227912e-09
132    4.3142279493978155e-09
133    4.287215942537864e-09
134    4.260470503736265e-09
135    4.233993313769184e-09
136    4.221860456791505e-09
137    4.196769949316017e-09
138    4.171846637048488e-09
139    4.147084519579989e-09
140    4.1224770588217575e-09
141    4.098016712581512e-09
142    4.0736965797834625e-09
143    4.049511727132652e-09
144    4.007894285927466e-09
145    3.984098764039432e-09
146    3.960555847888446e-09
147    3.937258761468904e-09
148    3.914199854586986e-09
149    3.89137216928975e-09
150    3.868770223814761e-09
151    3.8463917940471725e-09
152    3.824234151855897e-09
153    3.8022930260768885e-09
154    3.780561972263091e-09
155    3.7590335054609925e-09
156    3.737700662023434e-09
157    3.716558594089773e-09
158    3.6956046018559937e-09
159    3.6748362498517582e-09
160    3.654250308384624e-09
161    3.6338425845835875e-09
162    3.613608181443829e-09
163    3.5935433140014647e-09
164    3.5693301675819536e-09
165    3.548093778683877e-09
166    3.5270670028966763e-09
167    3.5062574429203393e-09
168    3.4856731158250522e-09
169    3.4653231984926507e-09
170    3.4452163560751464e-09
171    3.425359479581233e-09
172    3.4218868713774294e-09
173    3.4011961680334777e-09
174    3.3806819019099163e-09
175    3.360351158775539e-09
176    3.3402108132709336e-09
177    3.320267876656277e-09
178    3.3005293090853504e-09
179    3.2810015374657097e-09
180    3.261691356582124e-09
181    3.2426053810648523e-09
182    3.2237496031093893e-09
183    3.20512946270762e-09
184    3.186749139621575e-09
185    3.173668345082528e-09
186    3.1574283633331975e-09
187    3.1413888901346392e-09
188    3.1255421546940066e-09
189    3.109880809213536e-09
190    3.094397051121654e-09
191    3.0790822660876736e-09
192    3.0639283182102493e-09
193    3.0489289690501637e-09
194    3.0340786662664434e-09
195    3.0193713568401353e-09
196    3.0048010547902428e-09
197    2.990362168398718e-09
198    2.9760497338183295e-09
199    2.961858935172381e-09
200    2.947785163328309e-09
201    2.933824395392447e-09
202    2.919972402238696e-09
203    2.9062246368506905e-09
204    2.8925763376387073e-09
205    2.8790224843881453e-09
206    2.865557992880361e-09
207    2.852178118835637e-09
208    2.8388787977628793e-09
209    2.8256556057165383e-09
210    2.812504131155745e-09
211    2.7994201322202444e-09
212    2.786399599911367e-09
213    2.773438978024738e-09
214    2.7605354995579293e-09
215    2.747686751526534e-09
216    2.734890357830708e-09
217    2.722143583430908e-09
218    2.7094439801761994e-09
219    2.6967895908246815e-09
220    2.6841794183064623e-09
221    2.671612827090977e-09
222    2.6590896365416296e-09
223    2.6466098359141856e-09
224    2.6341734783798915e-09
225    2.6217809484726e-09
226    2.609433685190063e-09
227    2.597133274912865e-09
228    2.5848812259595322e-09
229    2.5726789844407984e-09
230    2.5605279190897617e-09
231    2.5484299840836273e-09
232    2.536387607710701e-09
233    2.5244031328889504e-09
234    2.512478957549284e-09
235    2.5006176753859758e-09
236    2.4888217831607243e-09
237    2.477093716969044e-09
238    2.4654359105001398e-09
239    2.4538509754899764e-09
240    2.4423420345402064e-09
241    2.4309122946315785e-09
242    2.4195645767171563e-09
243    2.408300960650702e-09
244    2.3971229757529765e-09
245    2.3860320458862498e-09
246    2.3750295034198997e-09
247    2.3755965011027857e-09
248    2.365655384541995e-09
249    2.35577048921291e-09
250    2.345941482878438e-09
251    2.336167813761261e-09
252    2.3264488390577517e-09
253    2.3167841789213374e-09
254    2.3071734895850635e-09
255    2.2976164710734405e-09
256    2.288112814213396e-09
257    2.2786618163202448e-09
258    2.250263560870254e-09
259    2.2404828327875657e-09
260    2.230795430602197e-09
261    2.2212005282133215e-09
262    2.2116971742957604e-09
263    2.2022844374579957e-09
264    2.1929613985641926e-09
265    2.183727254353675e-09
266    2.1745812624350965e-09
267    2.1655224136004177e-09
268    2.1565494846804097e-09
269    2.147660991467919e-09
270    2.138855437584109e-09
271    2.130131309606474e-09
272    2.1214869324995087e-09
273    2.11292060426042e-09
274    2.1044307679579643e-09
275    2.096015967164874e-09
276    2.0876746464735164e-09
277    2.0794049756091155e-09
278    2.071205255647493e-09
279    2.0630740457834576e-09
280    2.0550099358212627e-09
281    2.0470114340071966e-09
282    2.039077009626972e-09
283    2.031205168006781e-09
284    2.023394624024765e-09
285    2.015644160319506e-09
286    2.0079520911095055e-09
287    2.0003166914446283e-09
288    1.992736310960379e-09
289    1.985209435670469e-09
290    1.9777348184096997e-09
291    1.9703114427774907e-09
292    1.96293832303695e-09
293    1.9556144934744638e-09
294    1.948338925204573e-09
295    1.941110246942423e-09
296    1.9339271210361617e-09
297    1.9267883186818377e-09
298    1.9196926319997897e-09
299    1.91263885906681e-09
300    1.905625829181091e-09
301    1.8986524204885555e-09
302    1.8917176814968476e-09
303    1.884820721346017e-09
304    1.877960627945455e-09
305    1.871136569353914e-09
306    1.8643478402204453e-09
307    1.8575938571811544e-09
308    1.850874014665212e-09
309    1.8441877110894785e-09
310    1.8375343112727139e-09
311    1.8309129854006966e-09
312    1.8243228529189527e-09
313    1.8177630318659786e-09
314    1.8112329766817172e-09
315    1.8047322387322507e-09
316    1.7982604219808002e-09
317    1.79181716081278e-09
318    1.7854021271216179e-09
319    1.779014733315561e-09
320    1.7726533191740093e-09
321    1.7663161558888898e-09
322    1.7600016332574014e-09
323    1.753708243341231e-09
324    1.7474345479377132e-09
325    1.7411805664823868e-09
326    1.7349487526621928e-09
327    1.7287415151975154e-09
328    1.7225610870766473e-09
329    1.7164096260532387e-09
330    1.710288953351068e-09
331    1.7041915987771245e-09
332    1.6981080892936192e-09
333    1.692038266185345e-09
334    1.6859824435204248e-09
335    1.6799409894888278e-09
336    1.6739143050608589e-09
337    1.6679028437306983e-09
338    1.661907052008582e-09
339    1.6379494278441244e-09
340    1.6323333761094944e-09
341    1.62679339138926e-09
342    1.6213157408191501e-09
343    1.61589116029316e-09
344    1.6105185969672073e-09
345    1.6051970754416606e-09
346    1.5999256443761842e-09
347    1.594703375967515e-09
348    1.5895293758059998e-09
349    1.5844028440763496e-09
350    1.579323022146525e-09
351    1.5742891670180794e-09
352    1.5693004703204882e-09
353    1.5643558324935883e-09
354    1.5594541030566982e-09
355    1.554594136740051e-09
356    1.5497746433543312e-09
357    1.5449938205128182e-09
358    1.5402497988347584e-09
359    1.5355407471634927e-09
360    1.5349952013861983e-09
361    1.5294907988062668e-09
362    1.52401193835306e-09
363    1.5185593449944954e-09
364    1.5131337087112943e-09
365    1.5077356852338608e-09
366    1.502365901631802e-09
367    1.4970249696060485e-09
368    1.4917135036562435e-09
369    1.486432098597455e-09
370    1.4811813229869402e-09
371    1.475961731451216e-09
372    1.470773875441935e-09
373    1.4656183186489538e-09
374    1.460495672429679e-09
375    1.455406491527188e-09
376    1.4503512376479506e-09
377    1.445330307339646e-09
378    1.4403440632569566e-09
379    1.4353928466422169e-09
380    1.4304769781183566e-09
381    1.4255967483778412e-09
382    1.420752329389566e-09
383    1.4159438174545914e-09
384    1.4111712940039905e-09
385    1.4064348174046501e-09
386    1.401734340910913e-09
387    1.3970697675106488e-09
388    1.3924409560188187e-09
389    1.3878477214514012e-09
390    1.3832899187614037e-09
391    1.3787674413385626e-09
392    1.374280237333192e-09
393    1.3698282558728772e-09
394    1.365411372337937e-09
395    1.3610291040252093e-09
396    1.356680837938128e-09
397    1.3523659927713085e-09
398    1.3480840037115596e-09
399    1.3438343202538455e-09
400    1.3396164042151696e-09
401    1.3354297297985094e-09
402    1.3312737847482959e-09
403    1.327148047511306e-09
404    1.3230518344759562e-09
405    1.3189843792687306e-09
406    1.3149449292602653e-09
407    1.3109326923242989e-09
408    1.3069468962371047e-09
409    1.3029868046792936e-09
410    1.2990516997563782e-09
411    1.2951408826244467e-09
412    1.2912536816726313e-09
413    1.287389398778809e-09
414    1.283547275597314e-09
415    1.279726518374654e-09
416    1.2759263448527036e-09
417    1.2721460049628855e-09
418    1.268384779686091e-09
419    1.2646419732498642e-09
420    1.260916895933107e-09
421    1.2572088668567809e-09
422    1.2535172014461638e-09
423    1.2498412146860424e-09
424    1.2461803156866023e-09
425    1.2425339548454866e-09
426    1.2389015939243733e-09
427    1.2352827053667713e-09
428    1.2316767712808504e-09
429    1.2280832833346654e-09
430    1.2245017434158684e-09
431    1.2209316763406246e-09
432    1.2173726271328752e-09
433    1.2138241115314291e-09
434    1.2102856319013114e-09
435    1.2067566660621607e-09
436    1.2032366971470002e-09
437    1.1997252855014548e-09
438    1.1962220286178153e-09
439    1.1927265456613194e-09
440    1.1892385389430777e-09
441    1.1857578230514966e-09
442    1.1822842303231505e-09
443    1.1788175965376039e-09
444    1.1753577691780837e-09
445    1.1719046212435914e-09
446    1.1684580430928625e-09
447    1.1650179264476804e-09
448    1.16158416403226e-09
449    1.158156666517229e-09
450    1.1547354227686614e-09
451    1.15132044264649e-09
452    1.1479117343130242e-09
453    1.1445093044560044e-09
454    1.1411131632068223e-09
455    1.1312114048860342e-09
456    1.1275041538999855e-09
457    1.123819031768779e-09
458    1.1201564614193052e-09
459    1.1165168496185752e-09
460    1.1129005868387226e-09
461    1.1093080376086212e-09
462    1.105739471910441e-09
463    1.1021951117034208e-09
464    1.0986751746757955e-09
465    1.0951798792818774e-09
466    1.0917094381883282e-09
467    1.088264053188123e-09
468    1.0848439174316628e-09
469    1.0814492221532523e-09
470    1.0780801509971107e-09
471    1.0747368773609525e-09
472    1.0714195390755858e-09
473    1.0681281517199409e-09
474    1.0648626922777677e-09
475    1.0616231342505182e-09
476    1.058409446983491e-09
477    1.05522159583369e-09
478    1.0618298674865285e-09
479    1.0586406769235944e-09
480    1.0554626646282166e-09
481    1.0522960190170867e-09
482    1.049140926935686e-09
483    1.0459976340171597e-09
484    1.0428664141444248e-09
485    1.0397475359351164e-09
486    1.036641306810934e-09
487    1.0335480730915138e-09
488    1.0304681476637269e-09
489    1.027401772366492e-09
490    1.024349169307612e-09
491    1.0213105554689191e-09
492    1.0182861532734974e-09
493    1.0152762259038388e-09
494    1.0122810406174939e-09
495    1.0093007319276462e-09
496    1.006335262137818e-09
497    1.0033845863365106e-09
498    1.0004486618502014e-09
499    9.975274461530613e-10
500    9.94620896854711e-10
501    9.917289723028857e-10
502    9.888516305336278e-10
503    9.85988823624513e-10
504    9.831407481518328e-10
505    9.803080768006904e-10
506    9.77491518358489e-10
507    9.74691763779192e-10
508    9.719094952897261e-10
509    9.691453872266413e-10
510    9.664001083770966e-10
511    9.636743344207027e-10
512    9.609687505896376e-10
513    9.582826914426025e-10
514    9.556119605840766e-10
515    9.52954798341327e-10
516    9.503113205162032e-10
517    9.47681667822769e-10
518    9.450659808759452e-10
519    9.424643961558121e-10
520    9.398770327123756e-10
521    9.37303945547323e-10
522    9.347451712541687e-10
523    9.322007472977957e-10
524    9.296707111190763e-10
525    9.271550977569431e-10
526    9.246539395770146e-10
527    9.221672664658372e-10
528    9.196951059572002e-10
529    9.172374833943369e-10
530    9.147944220701943e-10
531    9.123659433245756e-10
532    9.099520882334257e-10
533    9.075528865737156e-10
534    9.051683332220625e-10
535    9.027983687052805e-10
536    9.004428012861271e-10
537    8.98101400407579e-10
538    8.95773932326283e-10
539    8.934601641012715e-10
540    8.911598537533671e-10
541    8.888727586745767e-10
542    8.865986402804398e-10
543    8.843372648966985e-10
544    8.820884028249032e-10
545    8.798518251570554e-10
546    8.776272713954643e-10
547    8.75414459452702e-10
548    8.732131165480304e-10
549    8.710229891356327e-10
550    8.688438327539635e-10
551    8.666754189365568e-10
552    8.645175295413076e-10
553    8.623699318885084e-10
554    8.602323879197454e-10
555    8.581046628780257e-10
556    8.55986536687474e-10
557    8.538778738204341e-10
558    8.517785673119709e-10
559    8.49688476777344e-10
560    8.476074554006133e-10
561    8.455353584476439e-10
562    8.434720430662427e-10
563    8.450729944711864e-10
564    8.429839248010525e-10
565    8.408990078475142e-10
566    8.388182718259527e-10
567    8.367417435465774e-10
568    8.34669448582906e-10
569    8.326014108448651e-10
570    8.305376466193598e-10
571    8.284781670616658e-10
572    8.264229795238654e-10
573    8.243720880728926e-10
574    8.223254803809128e-10
575    8.202831350143389e-10
576    8.182450294499117e-10
577    8.162111407626284e-10
578    8.14181449818748e-10
579    8.121559615923794e-10
580    8.101346890084232e-10
581    8.081176469881858e-10
582    8.038236203863886e-10
583    8.019119989023487e-10
584    8.0000632732377e-10
585    7.981065154633412e-10
586    7.962124954829994e-10
587    7.943242020420206e-10
588    7.924415707221274e-10
589    7.905645384229852e-10
590    7.88693032434116e-10
591    7.868269629597375e-10
592    7.849662351886455e-10
593    7.831107545783108e-10
594    7.8126044450204e-10
595    7.794152350785932e-10
596    7.775750619456455e-10
597    7.757398759326276e-10
598    7.739096320896157e-10
599    7.720842869165811e-10
600    7.702637986888133e-10
601    7.684481405129897e-10
602    7.666373049996943e-10
603    7.648312766154216e-10
604    7.630300400980451e-10
605    7.612335805657201e-10
606    7.594418834792931e-10
607    7.576549329562075e-10
608    7.558727079153707e-10
609    7.540952031698067e-10
610    7.523224050736767e-10
611    7.505542874248859e-10
612    7.487908246489516e-10
613    7.470319892448421e-10
614    7.452777520005626e-10
615    7.4352808506992e-10
616    7.417829715227564e-10
617    7.40042417870384e-10
618    7.383064602749511e-10
619    7.365751407310472e-10
620    7.348484968310171e-10
621    7.33126563007824e-10
622    7.314093981977353e-10
623    7.296970695783018e-10
624    7.279896433263726e-10
625    7.262871835975555e-10
626    7.245897333926771e-10
627    7.228973145945546e-10
628    7.212099476042748e-10
629    7.195276427505944e-10
630    7.178503902267541e-10
631    7.161781777745852e-10
632    7.145109931790889e-10
633    7.128488268652735e-10
634    7.111916894185932e-10
635    7.095396082920961e-10
636    7.078926114454679e-10
637    7.062507251911228e-10
638    7.046139717633821e-10
639    7.029823793421142e-10
640    7.01355981552613e-10
641    6.997348139710632e-10
642    6.981189207274156e-10
643    6.965083457297518e-10
644    6.94903129238096e-10
645    6.93303308116951e-10
646    6.917089185845915e-10
647    6.901200080267652e-10
648    6.885366300084881e-10
649    6.869588308958653e-10
650    6.853866566579825e-10
651    6.838201566139807e-10
652    6.822593807734729e-10
653    6.807043774690515e-10
654    6.79155193405431e-10
655    6.77611873666478e-10
656    6.760744616946254e-10
657    6.745429994485824e-10
658    6.73017527264256e-10
659    6.714980830960689e-10
660    6.699847006228812e-10
661    6.684774117633846e-10
662    6.669762487024853e-10
663    6.654812427293992e-10
664    6.639924237181071e-10
665    6.62509819908014e-10
666    6.610334552132565e-10
667    6.595633562024338e-10
668    6.580995494005027e-10
669    6.566420520914302e-10
670    6.551908786121193e-10
671    6.537460429271965e-10
672    6.523075715276239e-10
673    6.508755064761301e-10
674    6.49449889308138e-10
675    6.480307602489154e-10
676    6.466181613509749e-10
677    6.452121450957972e-10
678    6.438127721451672e-10
679    6.42420101861968e-10
680    6.410341920011087e-10
681    6.39655098336608e-10
682    6.382828659083984e-10
683    6.36917527430311e-10
684    6.355590996889283e-10
685    6.342075164947561e-10
686    6.32862676902936e-10
687    6.315244812754177e-10
688    6.301928335450914e-10
689    6.288676406005085e-10
690    6.275488101698382e-10
691    6.262362507565794e-10
692    6.249298742304969e-10
693    6.23629599391585e-10
694    6.223353470687345e-10
695    6.210470391301179e-10
696    6.197645986816067e-10
697    6.184880258508251e-10
698    6.172175003679035e-10
699    6.159532117559956e-10
700    6.146953443397812e-10
701    6.134440790233357e-10
702    6.121995933040717e-10
703    6.109620619362369e-10
704    6.097316613757334e-10
705    6.085085677975556e-10
706    6.072929535101738e-10
707    6.060849791988169e-10
708    6.048848045654785e-10
709    6.036925370949683e-10
710    6.025073044932249e-10
711    6.013274177681567e-10
712    6.001520672309232e-10
713    5.989812135440124e-10
714    5.978148376403688e-10
715    5.966529070794654e-10
716    5.954953875705278e-10
717    5.943422457211501e-10
718    5.931934530259628e-10
719    5.92048984191971e-10
720    5.909088141884955e-10
721    5.897729179848074e-10
722    5.886412708234022e-10
723    5.875138482732662e-10
724    5.863906262270649e-10
725    5.852715809803132e-10
726    5.841566895202167e-10
727    5.830459401419904e-10
728    5.819393328570843e-10
729    5.80836866942542e-10
730    5.773709667947629e-10
731    5.763338240741106e-10
732    5.753015607007678e-10
733    5.742740722204543e-10
734    5.732512549531691e-10
735    5.722330063698429e-10
736    5.712192250643335e-10
737    5.702098107238933e-10
738    5.692046639005079e-10
739    5.682036849949171e-10
740    5.672067747090972e-10
741    5.66213833914698e-10
742    5.652247644112611e-10
743    5.642394690657371e-10
744    5.632578518026768e-10
745    5.622798175951911e-10
746    5.613052724566274e-10
747    5.603341233510005e-10
748    5.59366274361687e-10
749    5.584016224596979e-10
750    5.574400449450554e-10
751    5.56481414204022e-10
752    5.555256052500023e-10
753    5.545725001809465e-10
754    5.536219844895847e-10
755    5.526739456932503e-10
756    5.517282741429147e-10
757    5.507848617515092e-10
758    5.498436017706973e-10
759    5.489043887821174e-10
760    5.479671186893261e-10
761    5.470316887104144e-10
762    5.460979973716127e-10
763    5.451659445122801e-10
764    5.442354338244709e-10
765    5.433063763817207e-10
766    5.423786848052015e-10
767    5.414522717021169e-10
768    5.405270506898142e-10
769    5.39602936782792e-10
770    5.386798535986862e-10
771    5.377577347281069e-10
772    5.368365151698404e-10
773    5.359161307908939e-10
774    5.349965183803728e-10
775    5.340776156504919e-10
776    5.331593612361405e-10
777    5.322416946946637e-10
778    5.313245564703153e-10
779    5.304078877204041e-10
780    5.294916359422386e-10
781    5.285757626996834e-10
782    5.276602293219012e-10
783    5.267450019696074e-10
784    5.258300486332155e-10
785    5.249153379254663e-10
786    5.240008390795359e-10
787    5.230865219480968e-10
788    5.22172357009209e-10
789    5.212583153606676e-10
790    5.203443687290636e-10
791    5.194304954390596e-10
792    5.185166893015752e-10
793    5.176029467209758e-10
794    5.166892643573185e-10
795    5.157756391245436e-10
796    5.148620702335302e-10
797    5.139485720115163e-10
798    5.130351653751529e-10
799    5.121218711726697e-10
800    5.11208710153642e-10
801    5.102957029711657e-10
802    5.093828700462782e-10
803    5.084702311712196e-10
804    5.07557805922533e-10
805    5.066456144875547e-10
806    5.057336780252965e-10
807    5.048220106903126e-10
808    5.039106180937259e-10
809    5.029995054609561e-10
810    5.020886810817907e-10
811    5.011781685774873e-10
812    5.002680000418962e-10
813    4.99358229508404e-10
814    4.984489202405191e-10
815    4.975401348414316e-10
816    4.966319351314186e-10
817    4.95724382048796e-10
818    4.948175352152109e-10
819    4.939114532822346e-10
820    4.930061937987848e-10
821    4.921018132540217e-10
822    4.911983673699621e-10
823    4.902959111139415e-10
824    4.893944987007607e-10
825    4.884941835950629e-10
826    4.875950185139491e-10
827    4.866970554298161e-10
828    4.858003457438144e-10
829    4.849049455732969e-10
830    4.840109166781876e-10
831    4.831183202726716e-10
832    4.822272163442534e-10
833    4.81337658685729e-10
834    4.804497002388681e-10
835    4.795633965612803e-10
836    4.786788023943065e-10
837    4.777959715816229e-10
838    4.769149575821884e-10
839    4.76035815140859e-10
840    4.751585986414917e-10
841    4.742833615524417e-10
842    4.734101577859563e-10
843    4.725390441440321e-10
844    4.716700777528002e-10
845    4.708033144331113e-10
846    4.699388083640817e-10
847    4.690766126802156e-10
848    4.682167795563408e-10
849    4.673593602165044e-10
850    4.665044049430593e-10
851    4.6565196308593266e-10
852    4.648020830720822e-10
853    4.639548124139109e-10
854    4.631101976463571e-10
855    4.61572264323315e-10
856    4.6077288392661433e-10
857    4.5997645506895845e-10
858    4.5918298039114243e-10
859    4.583924631841367e-10
860    4.5760491359077145e-10
861    4.5682034513228274e-10
862    4.5603877104562175e-10
863    4.5526020350622195e-10
864    4.544846485641154e-10
865    4.5371211003728405e-10
866    4.529425888277471e-10
867    4.521760815798269e-10
868    4.514125848301092e-10
869    4.506520960009895e-10
870    4.4989461275660415e-10
871    4.49140130062575e-10
872    4.4838863858432787e-10
873    4.476401283304452e-10
874    4.468945892963797e-10
875    4.461520099272476e-10
876    4.4541235498026907e-10
877    4.4467557093804926e-10
878    4.439416052804494e-10
879    4.4321040759276874e-10
880    4.424819281900662e-10
881    4.4175611793314657e-10
882    4.410329281834878e-10
883    4.4031230872364124e-10
884    4.3959420572532996e-10
885    4.388785654798784e-10
886    4.3816533488229535e-10
887    4.374544614541241e-10
888    4.367458948781825e-10
889    4.3603958774543524e-10
890    4.3533549396319554e-10
891    4.346335710442727e-10
892    4.3393382613658514e-10
893    4.332363234967871e-10
894    4.325411295534273e-10
895    4.318483095850223e-10
896    4.3115792805768637e-10
897    4.304700487349131e-10
898    4.2978473435657114e-10
899    4.2910204558153817e-10
900    4.2842204008830907e-10
901    4.2774477610422877e-10
902    4.2707031124291765e-10
903    4.2639870036752477e-10
904    4.2572999641722877e-10
905    4.250642515052682e-10
906    4.2440151728498194e-10
907    4.2374184207607223e-10
908    4.2308502301072306e-10
909    4.2243041656374545e-10
910    4.2177738774249054e-10
911    4.2112571147870145e-10
912    4.204753735304532e-10
913    4.1982636209073256e-10
914    4.1917866578905213e-10
915    4.1853227331461165e-10
916    4.1788717339624483e-10
917    4.1724335480149263e-10
918    4.166008063368449e-10
919    4.1595951685088366e-10
920    4.1531947521995953e-10
921    4.1468067097621875e-10
922    4.140430970598102e-10
923    4.13406748926021e-10
924    4.1277162226909734e-10
925    4.1213771279576296e-10
926    4.1151857602697653e-10
927    4.109006854659727e-10
928    4.102839772318796e-10
929    4.096684471797299e-10
930    4.09054091192063e-10
931    4.0844090513123483e-10
932    4.07828884880168e-10
933    4.072180263004191e-10
934    4.066083245350436e-10
935    4.0599977456861763e-10
936    4.053923737489267e-10
937    4.0478612562836213e-10
938    4.0418103431965465e-10
939    4.0357710176632774e-10
940    4.029743291286801e-10
941    4.023727178350633e-10
942    4.017722735213813e-10
943    4.0117300473591423e-10
944    4.00574919963812e-10
945    3.999780278204752e-10
946    3.9938233732843896e-10
947    3.9878785063037523e-10
948    3.9819455982738596e-10
949    3.976024565250023e-10
950    3.9701153240571166e-10
951    3.96421779222172e-10
952    3.958331887938769e-10
953    3.9524575298975814e-10
954    3.9465946372887414e-10
955    3.940743125892646e-10
956    3.934902889451118e-10
957    3.929073799463258e-10
958    3.923255727404845e-10
959    3.917448547027427e-10
960    3.9116521339371186e-10
961    3.9058663799670527e-10
962    3.9000912217568626e-10
963    3.8943265923763155e-10
964    3.888572415469411e-10
965    3.882828608342219e-10
966    3.877095088524721e-10
967    3.8713717748358156e-10
968    3.8656585855768467e-10
969    3.8599554263755497e-10
970    3.8542621979412374e-10
971    3.8485788026037704e-10
972    3.842905151686683e-10
973    3.8372411858010797e-10
974    3.831586858118372e-10
975    3.825942125172451e-10
976    3.8203069439515273e-10
977    3.814681272340492e-10
978    3.8090650678321764e-10
979    3.803458260133249e-10
980    3.797860764082956e-10
981    3.7922725145040816e-10
982    3.786693463698719e-10
983    3.781123569467384e-10
984    3.7755627995122955e-10
985    3.7700112047975846e-10
986    3.7644689056653246e-10
987    3.7589360234584254e-10
988    3.753412677995777e-10
989    3.7478989875737617e-10
990    3.742395068976358e-10
991    3.7369010374816097e-10
992    3.731417006868638e-10
993    3.7259430894250684e-10
994    3.7204793959549813e-10
995    3.715026035785392e-10
996    3.709583114226566e-10
997    3.704150724932769e-10
998    3.6987289680815313e-10
999    3.693317946294973e-10
