10    7.718584225305079e-09
11    7.916340367796117e-09
12    8.107255905816444e-09
13    8.223068653647125e-09
14    8.317419665609176e-09
15    8.399577153165184e-09
16    8.475267108416489e-09
17    8.545369834536306e-09
18    8.607987435262393e-09
19    8.660575731903292e-09
20    8.700094437879357e-09
21    8.717715401060683e-09
22    8.716586126133668e-09
23    8.721678168077532e-09
24    8.744999273402766e-09
25    8.707918037282898e-09
26    8.662702137093813e-09
27    8.64706984689842e-09
28    8.602776383570975e-09
29    8.549678614774642e-09
30    8.489017985026079e-09
31    8.422148916593728e-09
32    8.350424145228676e-09
33    8.274979132002392e-09
34    8.196536682084456e-09
35    8.11546359491986e-09
36    8.031916430625957e-09
37    7.945938017607815e-09
38    7.841921482160457e-09
39    7.75003779287085e-09
40    7.656784194535618e-09
41    7.577195103662996e-09
42    7.479196812068693e-09
43    7.379402948512204e-09
44    7.278178941603101e-09
45    7.175844774262375e-09
46    7.072670146286454e-09
47    6.968853753154762e-09
48    6.872460895230403e-09
49    6.770306735102426e-09
50    6.6672291548208794e-09
51    6.563417571873792e-09
52    6.459142330906333e-09
53    6.354761707792135e-09
54    6.25068309664315e-09
55    6.147291520710241e-09
56    6.0449322442908875e-09
57    5.943913668773839e-09
58    5.844498108874277e-09
59    5.746932811484687e-09
60    5.651452081756109e-09
61    5.5582430784141724e-09
62    5.467476819341641e-09
63    5.3792810440070045e-09
64    5.293726281804064e-09
65    5.210851051020611e-09
66    5.130645836990379e-09
67    5.05306824982318e-09
68    4.978050416429315e-09
69    4.90550847728617e-09
70    4.835324916930469e-09
71    4.767389667192763e-09
72    4.701624005125215e-09
73    4.6379300857707125e-09
74    4.576127566981752e-09
75    4.516129887266708e-09
76    4.4580659586803296e-09
77    4.401758927837572e-09
78    4.347196893617794e-09
79    4.2943606235954074e-09
80    4.2432529502898895e-09
81    4.193875681979029e-09
82    4.146221133985921e-09
83    4.1002674250092305e-09
84    4.055987559202976e-09
85    4.013340959515747e-09
86    3.9722681641680655e-09
87    3.9326875124206554e-09
88    3.894497115733172e-09
89    3.857593847495964e-09
90    3.821885151682939e-09
91    3.787284036076822e-09
92    3.753699373150821e-09
93    3.7210472816965867e-09
94    3.689254067153693e-09
95    3.6582612391987088e-09
96    3.6280174840263376e-09
97    3.5984704149249228e-09
98    3.5695697397384883e-09
99    3.541276683424545e-09
100    3.513554282708501e-09
101    3.486360897191649e-09
102    3.459654596881232e-09
103    3.4333965096203106e-09
104    3.4075481682671726e-09
105    3.3820702729521677e-09
106    3.3569248943308928e-09
107    3.3320797906191207e-09
108    3.3075052568124643e-09
109    3.2831694931837888e-09
110    3.259036466311443e-09
111    3.235066387788834e-09
112    3.2112184291166024e-09
113    3.1874509406238748e-09
114    3.1637234125212833e-09
115    3.1399961892195324e-09
116    3.1162273387156613e-09
117    3.0923757674025842e-09
118    3.068403695798608e-09
119    3.0442777380598785e-09
120    3.0199661948731055e-09
121    2.9954388592323553e-09
122    2.9706695727153783e-09
123    2.9456367726771825e-09
124    2.9203270063470857e-09
125    2.8947369026403424e-09
126    2.8688696294556093e-09
127    2.8427275306163365e-09
128    2.8163054823982943e-09
129    2.789600315961977e-09
130    2.762617901086226e-09
131    2.7354181774208296e-09
132    2.7080408913621792e-09
133    2.6804763530425695e-09
134    2.652745731205299e-09
135    2.624884704210602e-09
136    2.59692189105841e-09
137    2.5688837246904184e-09
138    2.5407990165906923e-09
139    2.5126976935014994e-09
140    2.4846077757668823e-09
141    2.456557488737193e-09
142    2.428577000060623e-09
143    2.4006955562532005e-09
144    2.372940701852639e-09
145    2.3453387851178153e-09
146    2.317915760835694e-09
147    2.290696490266608e-09
148    2.2637046229248865e-09
149    2.236964021438321e-09
150    2.210498305659839e-09
151    2.1843303056004637e-09
152    2.158481696902253e-09
153    2.1329705197828276e-09
154    2.107813675498868e-09
155    2.0830270669795946e-09
156    2.0586257941395208e-09
157    2.03462484448615e-09
158    2.0110384678469574e-09
159    1.9878774172643103e-09
160    1.965150808708855e-09
161    1.942866519780084e-09
162    1.9210314954889023e-09
163    1.8996509892040486e-09
164    1.8787284701283112e-09
165    1.8582675167966198e-09
166    1.838271417580629e-09
167    1.8187421130107227e-09
168    1.7996804869691524e-09
169    1.7810865331677615e-09
170    1.762959346666407e-09
171    1.7452974188276378e-09
172    1.7280986581222962e-09
173    1.7113599924575661e-09
174    1.695077030549232e-09
175    1.6792443365495058e-09
176    1.663856051525856e-09
177    1.6489066642124496e-09
178    1.6343914709261324e-09
179    1.6203060830482558e-09
180    1.6066453144814179e-09
181    1.5934021092906961e-09
182    1.580568009916071e-09
183    1.568132529001448e-09
184    1.5560830128817507e-09
185    1.544405573674883e-09
186    1.53308675571542e-09
187    1.5221171725979428e-09
188    1.511493123587825e-09
189    1.5012030578987434e-09
190    1.4912307113609155e-09
191    1.4815603707673231e-09
192    1.4721794056710485e-09
193    1.4630742869763059e-09
194    1.4542296075935525e-09
195    1.4456286751308202e-09
196    1.437255302234876e-09
197    1.4290943725458277e-09
198    1.4207233922013057e-09
199    1.4129724191968574e-09
200    1.4053983107677062e-09
201    1.3979866215256202e-09
202    1.3907232992469173e-09
203    1.383594471229789e-09
204    1.376586491326792e-09
205    1.3696855190195072e-09
206    1.3628774097477637e-09
207    1.3561482245908998e-09
208    1.3494846987837056e-09
209    1.3428742475012584e-09
210    1.3363047135742657e-09
211    1.3297643226061276e-09
212    1.3232416552687145e-09
213    1.3167256551795516e-09
214    1.3102060630102291e-09
215    1.3036754527374155e-09
216    1.2971261514047384e-09
217    1.2905487874955693e-09
218    1.2839346575636557e-09
219    1.2772760438799352e-09
220    1.2705666708082683e-09
221    1.2638007491747638e-09
222    1.2569730793460665e-09
223    1.250079451576796e-09
224    1.2431164934284833e-09
225    1.2360814491343271e-09
226    1.2289724910899818e-09
227    1.2217883648536844e-09
228    1.2145279933088638e-09
229    1.207190746628784e-09
230    1.1997765011038118e-09
231    1.1922857068428616e-09
232    1.183771550646168e-09
233    1.1761820175032693e-09
234    1.1685259438300243e-09
235    1.1608053250887712e-09
236    1.1530223119919688e-09
237    1.1451791705899723e-09
238    1.1372790110722361e-09
239    1.1293289527620555e-09
240    1.1213381815182591e-09
241    1.113301517533656e-09
242    1.1052232503958237e-09
243    1.097108253425393e-09
244    1.0889615275180627e-09
245    1.0807881474819855e-09
246    1.0725931641033946e-09
247    1.0643817209055754e-09
248    1.05615942616771e-09
249    1.0479318076936043e-09
250    1.0397042664392826e-09
251    1.0314822181827158e-09
252    1.0232712909041188e-09
253    1.015077447859944e-09
254    1.006906715524967e-09
255    9.987649849164373e-10
256    9.906579369131788e-10
257    9.825913738169682e-10
258    9.745709588363215e-10
259    9.66601990384148e-10
260    9.586895079238888e-10
261    9.508384135225864e-10
262    9.43053759275906e-10
263    9.353408692655022e-10
264    9.277049740268208e-10
265    9.201509246672296e-10
266    9.126832993645184e-10
267    9.053064846295078e-10
268    8.980245939749628e-10
269    8.908413334639353e-10
270    8.837601338731132e-10
271    8.767841908342042e-10
272    8.699167292322952e-10
273    8.631609537559363e-10
274    8.565197525839681e-10
275    8.499954052698875e-10
276    8.435895226314783e-10
277    8.373034492934748e-10
278    8.311386165202721e-10
279    8.250969031036385e-10
280    8.191801625284889e-10
281    8.133893676809298e-10
282    8.077243614489061e-10
283    8.021848140530558e-10
284    7.96770387475193e-10
285    7.914804691008136e-10
286    7.863138688167516e-10
287    7.812690492748923e-10
288    7.763443239687597e-10
289    7.715378959525174e-10
290    7.668482984450957e-10
291    7.623057219759202e-10
292    7.578196087226865e-10
293    7.534431547874595e-10
294    7.491731065302883e-10
295    7.450064028724905e-10
296    7.409400397858891e-10
297    7.369707698074966e-10
298    7.3309539993216e-10
299    7.293104287069842e-10
300    7.256124560454216e-10
301    7.219991749577104e-10
302    7.184680917949645e-10
303    7.150153558063941e-10
304    7.116365186900227e-10
305    7.083271064437371e-10
306    7.050825681354381e-10
307    7.018987638293006e-10
308    6.987721804306076e-10
309    6.95699318412702e-10
310    6.926766204421626e-10
311    6.89700506172312e-10
312    6.867672107066403e-10
313    6.838737140458824e-10
314    6.810181010999281e-10
315    6.78198094027557e-10
316    6.754091955507688e-10
317    6.726460241590045e-10
318    6.699030536843283e-10
319    6.671748903246566e-10
320    6.644570630703542e-10
321    6.61746131812185e-10
322    6.59042338465766e-10
323    6.56348375414617e-10
324    6.53665387852987e-10
325    6.509893659322937e-10
326    6.483173750721673e-10
327    6.45648512305565e-10
328    6.429815503869817e-10
329    6.403131735047516e-10
330    6.376403029667737e-10
331    6.349601468223358e-10
332    6.322702248552741e-10
333    6.295687167718433e-10
334    6.268543687914383e-10
335    6.241251228076774e-10
336    6.213787952424829e-10
337    6.187402877198905e-10
338    6.15957793280092e-10
339    6.13155637014167e-10
340    6.103329526265694e-10
341    6.074880088507577e-10
342    6.046176382939145e-10
343    6.017231390193301e-10
344    5.988084739979578e-10
345    5.958761527516332e-10
346    5.929229662143677e-10
347    5.899466877844119e-10
348    5.869464733813968e-10
349    5.83923994710498e-10
350    5.808843081027709e-10
351    5.778373426156768e-10
352    5.747902066065306e-10
353    5.717438696874369e-10
354    5.686951570688361e-10
355    5.656404782644176e-10
356    5.625764051195581e-10
357    5.595015170173685e-10
358    5.564166410870579e-10
359    5.533241540889156e-10
360    5.502267471889813e-10
361    5.471270722241936e-10
362    5.440272863016958e-10
363    5.409290449852197e-10
364    5.378336526877471e-10
365    5.347423918135527e-10
366    5.316565775513943e-10
367    5.285776922316754e-10
368    5.255073592462216e-10
369    5.224472839927437e-10
370    5.19399168108417e-10
371    5.163646692892753e-10
372    5.133453854516615e-10
373    5.103428375841356e-10
374    5.073584867843739e-10
375    5.043937170259091e-10
376    5.014498173576387e-10
377    4.98528070666831e-10
378    4.956297363054946e-10
379    4.927560402455002e-10
380    4.899081815903411e-10
381    4.870873076701286e-10
382    4.842945177332692e-10
383    4.81530860191125e-10
384    4.787972877712249e-10
385    4.760945853489447e-10
386    4.734234457972601e-10
387    4.70784527297309e-10
388    4.681784527932452e-10
389    4.656057978632898e-10
390    4.6306708810900773e-10
391    4.605627625373224e-10
392    4.58093177473764e-10
393    4.5565863633356045e-10
394    4.5325939529463133e-10
395    4.5089566387240656e-10
396    4.485676030444929e-10
397    4.457661674497636e-10
398    4.4351183797229983e-10
399    4.412935418374285e-10
400    4.3911119553745476e-10
401    4.369645753561516e-10
402    4.348533210681575e-10
403    4.3277706920993607e-10
404    4.3073544598968307e-10
405    4.2872794232987497e-10
406    4.2675397235885886e-10
407    4.2481295935865245e-10
408    4.2290432425333564e-10
409    4.210273385383152e-10
410    4.191811171224161e-10
411    4.173647632567573e-10
412    4.1557739091239617e-10
413    4.1381813411529915e-10
414    4.120861492886595e-10
415    4.1038061762920964e-10
416    4.087007382546262e-10
417    4.070456003330009e-10
418    4.0541419124203573e-10
419    4.0380552067519835e-10
420    4.022186180287102e-10
421    4.0065242693487575e-10
422    3.991058815150861e-10
423    3.9757797353999837e-10
424    3.9606772006052277e-10
425    3.945740548296477e-10
426    3.9309580119346035e-10
427    3.9163185528258947e-10
428    3.9018117725707015e-10
429    3.8874275355285896e-10
430    3.873155975285362e-10
431    3.8589874906482217e-10
432    3.844912764987632e-10
433    3.8309227349275173e-10
434    3.8170085113490384e-10
435    3.8031614206044213e-10
436    3.789373020998966e-10
437    3.7756350892930895e-10
438    3.7619397297145e-10
439    3.7482800455468317e-10
440    3.734649573424106e-10
441    3.7249880520607727e-10
442    3.711416783036114e-10
443    3.697860947328285e-10
444    3.684314971069952e-10
445    3.670773575090239e-10
446    3.6572316913869686e-10
447    3.6436844176832436e-10
448    3.6301270623067097e-10
449    3.6165556371190764e-10
450    3.602967444840673e-10
451    3.589360344227386e-10
452    3.5757323432474845e-10
453    3.562081503080599e-10
454    3.5484060784676084e-10
455    3.5347047210378023e-10
456    3.5209760486012545e-10
457    3.507218978141655e-10
458    3.4934332382108795e-10
459    3.479619082451091e-10
460    3.4657772078219955e-10
461    3.451908510336955e-10
462    3.4380141272344436e-10
463    3.424095364596809e-10
464    3.41015354081733e-10
465    3.396189964742389e-10
466    3.3822059451426265e-10
467    3.368203347631019e-10
468    3.3541850092744664e-10
469    3.340153938110094e-10
470    3.3261131175195277e-10
471    3.312065426495287e-10
472    3.2980137017467345e-10
473    3.283961103991591e-10
474    3.269910713378303e-10
475    3.2558655677074504e-10
476    3.2418293564730885e-10
477    3.227806323958801e-10
478    3.2138010849637135e-10
479    3.199818503727388e-10
480    3.1858633961799245e-10
481    3.171940546676417e-10
482    3.1580545877529764e-10
483    3.144209995039262e-10
484    3.1304111012325546e-10
485    3.116662050775618e-10
486    3.1029670805984217e-10
487    3.089330133145987e-10
488    3.0757549345702426e-10
489    3.062245013620269e-10
490    3.048803763985009e-10
491    3.035434483070796e-10
492    3.0221405135184554e-10
493    3.00892505024439e-10
494    2.995791069445746e-10
495    2.9827416856377247e-10
496    2.969780173292732e-10
497    2.9569098743771924e-10
498    2.944134168356358e-10
499    2.9291017976811956e-10
500    2.916604993938449e-10
501    2.904213138169951e-10
502    2.891928409393419e-10
503    2.879752898116348e-10
504    2.8676886135396125e-10
505    2.85573750341132e-10
506    2.843901423667032e-10
507    2.832181670771731e-10
508    2.8205790113970274e-10
509    2.809094147618784e-10
510    2.7977277385258227e-10
511    2.7864803502885904e-10
512    2.775351998253771e-10
513    2.7643422745713473e-10
514    2.7534506877359886e-10
515    2.7426767379930015e-10
516    2.732019878780476e-10
517    2.721479007329142e-10
518    2.7110524334966794e-10
519    2.7007383459565623e-10
520    2.6905348879973064e-10
521    2.6804401835687717e-10
522    2.6704523892700733e-10
523    2.660569695372308e-10
524    2.6507903251040057e-10
525    2.64111253261531e-10
526    2.631534599593657e-10
527    2.622054549732183e-10
528    2.612669946196483e-10
529    2.60337835375958e-10
530    2.5941773884700027e-10
531    2.585064713229815e-10
532    2.576037789788625e-10
533    2.56709389020086e-10
534    2.5582306423418234e-10
535    2.5494457639583317e-10
536    2.5407370220589943e-10
537    2.5321020827102073e-10
538    2.523538045645795e-10
539    2.515041832453757e-10
540    2.5066106157740324e-10
541    2.498241830497283e-10
542    2.4899329824735473e-10
543    2.4816816364562526e-10
544    2.473485411064935e-10
545    2.4653419755693216e-10
546    2.457249039896074e-10
547    2.4492043569265906e-10
548    2.4412056402485034e-10
549    2.4332504907029873e-10
550    2.4253365435710673e-10
551    2.417461485412672e-10
552    2.4096230529820424e-10
553    2.40181898439245e-10
554    2.394046967056834e-10
555    2.3863049173194445e-10
556    2.3785908509449127e-10
557    2.370902826176306e-10
558    2.363238934138246e-10
559    2.3555971629225726e-10
560    2.3479755716063063e-10
561    2.3403724983441096e-10
562    2.332786456702663e-10
563    2.3252160722250142e-10
564    2.3176600050846594e-10
565    2.3101169451586682e-10
566    2.3025856111275971e-10
567    2.2950647511272464e-10
568    2.287553146366058e-10
569    2.280049614978679e-10
570    2.272553303797523e-10
571    2.2650637696995768e-10
572    2.2575806062361495e-10
573    2.250103417054112e-10
574    2.242631815888117e-10
575    2.2351655315756885e-10
576    2.227704693037175e-10
577    2.2202494308415784e-10
578    2.2127998387171085e-10
579    2.205356010377155e-10
580    2.197918042390545e-10
581    2.1904862788478857e-10
582    2.183061556516748e-10
583    2.1756448822148394e-10
584    2.1682371692599668e-10
585    2.160839262208466e-10
586    2.1534519872054438e-10
587    2.1460761503432013e-10
588    2.1387125398070748e-10
589    2.1313619269502036e-10
590    2.1240250680883576e-10
591    2.1167027058005032e-10
592    2.1093955863971493e-10
593    2.1021046753448933e-10
594    2.0948310707837666e-10
595    2.087575848044465e-10
596    2.080340057217083e-10
597    2.0731247235295777e-10
598    2.0659309153800053e-10
599    2.058759875586262e-10
