1e-06   1.1520003010961979
1.0162650893929951e-06   1.1520003010961979
1.0327947319189525e-06   1.1520003010961979
1.0495932305582266e-06   1.1520003010961979
1.0666649582795387e-06   1.1520003010961979
1.084014359178331e-06   1.1520003010961979
1.101645949633657e-06   1.1520003010961979
1.1195643194838795e-06   1.1520003010961979
1.1377741332214902e-06   1.1520003010961979
1.1562801312073753e-06   1.1520003010961979
1.1750871309048075e-06   1.1520003010961979
1.1942000281335324e-06   1.1520003010961979
1.2136237983442419e-06   1.1520003010961979
1.2333634979137747e-06   1.1520003010961979
1.2534242654613996e-06   1.1520003010961979
1.2738113231864784e-06   1.1520003010961979
1.294529978227916e-06   1.1520003010961979
1.3155856240457052e-06   1.1520003010961979
1.3369837418249452e-06   1.1520003010961979
1.3587299019027092e-06   1.1520003010961979
1.3808297652180924e-06   1.1520003010961979
1.4032890847858731e-06   1.1520003010961979
1.4261137071941298e-06   1.1520003010961979
1.4493095741262152e-06   1.1520003010961979
1.4728827239075018e-06   1.1520003010961979
1.4968392930772555e-06   1.1520003010961979
1.5211855179861048e-06   1.1520003010961979
1.5459277364194786e-06   1.1520003010961979
1.5710723892474488e-06   1.1520003010961979
1.596626022101425e-06   1.1520003010961979
1.6225952870780872e-06   1.1520003010961979
1.648986944471065e-06   1.1520003010961979
1.6758078645307687e-06   1.1520003010961979
1.7030650292528427e-06   1.1520003010961979
1.730765534195724e-06   1.1520003010961979
1.7589165903277326e-06   1.1520003010961979
1.7875255259042354e-06   1.1520003010961979
1.8165997883753285e-06   1.1520003010961979
1.8461469463245456e-06   1.1520003010961979
1.8761746914391196e-06   1.1520003010961979
1.906690840512252e-06   1.1520003010961979
1.937703337477989e-06   1.1520003010961979
1.9692202554791733e-06   1.1520003010961979
2.001249798969035e-06   1.1520003010961979
2.03380030584698e-06   1.1520003010961979
2.066880249629082e-06   1.1520003010961979
2.1004982416539153e-06   1.1520003010961979
2.1346630333242456e-06   1.1520003010961979
2.169383518385182e-06   1.1520003010961979
2.2046687352394075e-06   1.1520003010961979
2.240527869300018e-06   1.1520003010961979
2.27697025538168e-06   1.1520003010961979
2.3140053801306542e-06   1.1520003010961979
2.351642884494351e-06   1.1520003010961979
2.389892566231048e-06   1.1520003010961979
2.4287643824604506e-06   1.1520003010961979
2.4682684522556926e-06   1.1520003010961979
2.508415059277541e-06   1.1520003010961979
2.549214654451426e-06   1.1520003010961979
2.5906778586880063e-06   1.1520003010961979
2.63281546564802e-06   1.1520003010961979
2.6756384445520452e-06   1.1520003010961979
2.719157943036019e-06   1.1520003010961979
2.763385290053173e-06   1.1520003010961979
2.8083319988231696e-06   1.1520003010961979
2.8540097698292375e-06   1.1520003010961979
2.9004304938639916e-06   1.1520003010961979
2.9476062551248585e-06   1.1520003010961979
2.995549334359816e-06   1.1520003010961979
3.0442722120642998e-06   1.1520003010961979
3.0937875717301367e-06   1.1520003010961979
3.144108303147265e-06   1.1520003010961979
3.1952475057592136e-06   1.1520003010961979
3.247218492073132e-06   1.1520003010961979
3.300034791125282e-06   1.1520003010961979
3.3537101520029288e-06   1.1520003010961979
3.408258547423452e-06   1.1520003010961979
3.4636941773717343e-06   1.1520003010961979
3.5200314727966823e-06   1.1520003010961979
3.5772850993678697e-06   1.1520003010961979
3.6354699612933177e-06   1.1520003010961979
3.6946012051993024e-06   1.1520003010961979
3.754694224073337e-06   1.1520003010961979
3.8157646612712525e-06   1.1520003010961979
3.877828414589453e-06   1.1520003010961979
3.9409016404034476e-06   1.1520003010961979
4.005000757873611e-06   1.1520003010961979
4.070142453219439e-06   1.1520003010961979
4.136343684063278e-06   1.1520003010961979
4.203621683844718e-06   1.1520003010961979
4.271993966306777e-06   1.1520003010961979
4.3414783300550925e-06   1.1520003010961979
4.41209286319119e-06   1.1520003010961979
4.4838559480211905e-06   1.1520003010961979
4.556786265841069e-06   1.1520003010961979
4.630902801799737e-06   1.1520003010961979
4.706224849841281e-06   1.1520003010961979
4.782772017727485e-06   1.1520003010961979
4.8605642321421384e-06   1.1520003010961979
4.939621743878326e-06   1.1520003010961979
5.019965133110079e-06   1.1520003010961979
5.101615314749834e-06   1.1520003010961979
5.184593543892913e-06   1.1520003010961979
5.268921421350677e-06   1.1520003010961979
5.354620899273613e-06   1.1520003010961979
5.441714286865887e-06   1.1520003010961979
5.5302242561929e-06   1.1520003010961979
5.620173848083188e-06   1.1520003010961979
5.711586478126435e-06   1.1520003010961979
5.804485942768984e-06   1.1520003010961979
5.898896425508493e-06   1.1520003010961979
5.994842503189409e-06   1.1520003010961979
6.0923491524007115e-06   1.1520003010961979
6.1914417559778475e-06   1.1520003010961979
6.2921461096103505e-06   1.1520003010961979
6.394488428556936e-06   1.1520003010961979
6.4984953544698886e-06   1.1520003010961979
6.604193962330305e-06   1.1520003010961979
6.711611767496287e-06   1.1520003010961979
6.820776732865692e-06   1.1520003010961979
6.9317172761554005e-06   1.1520003010961979
7.044462277299037e-06   1.1520003010961979
7.1590410859648885e-06   1.1520003010961979
7.275483529196233e-06   1.1520003010961979
7.393819919175873e-06   1.1520003010961979
7.514081061116962e-06   1.1520003010961979
7.636298261282242e-06   1.1520003010961979
7.76050333513357e-06   1.1520003010961979
7.886728615614156e-06   1.1520003010961979
8.015006961565414e-06   1.1520003010961979
8.145371766280737e-06   1.1520003010961979
8.277856966198472e-06   1.1520003010961979
8.412497049736117e-06   1.1520003010961979
8.549327066268385e-06   1.1520003010961979
8.688382635251194e-06   1.1520003010961979
8.829699955494083e-06   1.1520003010961979
8.97331581458352e-06   1.1520003010961979
9.119267598459298e-06   1.1520003010961979
9.267593301146882e-06   1.1520003010961979
9.418331534647961e-06   1.1520003010961979
9.571521538991856e-06   1.1520003010961979
9.727203192450538e-06   1.1520003010961979
9.885417021919573e-06   1.1520003010961979
1.0046204213468132e-05   1.1520003010961979
1.0209606623060476e-05   1.1520003010961979
1.0375666787451848e-05   1.1529751447407488
1.0544427935261684e-05   1.1709780071185232
1.0715933998226711e-05   1.1892619797894257
1.0890229622637305e-05   1.2078314507424504
1.1067360180959745e-05   1.2266908764125235
1.1247371783647507e-05   1.2458447827469952
1.1430311291144787e-05   1.2652977662887575
1.1616226326085018e-05   1.2850544952761718
1.1805165285688056e-05   1.3051197107601304
1.1997177354358856e-05   1.3254982277385081
1.2192312516491094e-05   1.3461949363082393
1.2390621569479157e-05   1.3672148028353335
1.259215613694151e-05   1.388562871143084
1.2796968682159416e-05   1.410244264011755
1.3005112521734099e-05   1.432264186731743
1.3216641839466038e-05   1.4546279272752543
1.3431611700460154e-05   1.4773408562979649
1.3650078065460137e-05   1.500408428422269
1.387209780541621e-05   1.5238361835518077
1.4097728716289677e-05   1.547629748018779
1.4327029534098295e-05   1.5717948332112954
1.4560059950206486e-05   1.596337237375764
1.4796880626863964e-05   1.6212628491009367
1.5037553212997385e-05   1.6465776487831605
1.5282140360258708e-05   1.6722877100555908
1.5530705739334586e-05   1.6983992013203755
1.5783314056521164e-05   1.7249183896617133
1.60400310705682e-05   1.751851642952852
1.630092360979741e-05   1.779205428769392
1.656605958949915e-05   1.8069863157880726
1.6835508029612008e-05   1.8352009753690501
1.7109339072690134e-05   1.8638561831382712
1.7387624002162504e-05   1.8929588185237656
1.7670435260889467e-05   1.9225158646469764
1.795784647002097e-05   1.9525344131372961
1.8249932448161504e-05   1.9830216661868707
1.8546769230846977e-05   2.0139849382717565
1.8848434090337955e-05   2.045431657901496
1.915500555573528e-05   2.0773693703912524
1.9466563433422632e-05   2.1098057414389095
1.978318882784162e-05   2.1427485568716746
2.010496416260497e-05   2.176205724087681
2.0431973201952705e-05   2.2101852739544046
2.0764301072557747e-05   2.244695362736769
2.1102034285685967e-05   2.2797442749569004
2.1445260759716654e-05   2.3153404283864227
2.1794069843029538e-05   2.351492373487075
2.2148552337263592e-05   2.38820879451101
2.2508800520954618e-05   2.4254985115987573
2.287490817355704e-05   2.463370482910168
2.3246970599856455e-05   2.501833804819406
2.362508465477945e-05   2.540897702540483
2.4009348768606518e-05   2.58057153933102
2.43998629725955e-05   2.620864823960997
2.47967289250216e-05   2.661787212980579
2.5200049937640895e-05   2.703348513006051
2.5609931002584567e-05   2.7455586844186914
2.6026478819690045e-05   2.7884278580773882
2.64498018242772e-05   2.8319663330068456
2.6880010215376075e-05   2.8761845696848356
2.7317215984413734e-05   2.9210931924302903
2.7761532944367983e-05   2.9667029919779764
2.8213076759394707e-05   3.0130249276393766
2.8671964974937698e-05   3.060070120895941
2.9138317048327887e-05   3.107849857949943
2.9612254379880313e-05   3.156375600564517
3.0093900344497244e-05   3.20565898913383
3.0583380323784315e-05   3.255711845461887
3.1080821738690636e-05   3.3065461756224006
3.158635408267819e-05   3.3581741745658884
3.210010895543169e-05   3.410608229892269
3.2622220097116734e-05   3.4638609226323895
3.315282342319423e-05   3.5179450300801722
3.369205705980267e-05   3.572873528852121
3.4240061379714256e-05   3.6286595979984715
3.479697903887688e-05   3.685316622881381
3.5362955013550464e-05   3.7428581992626486
3.5938136638046256e-05   3.8012981352957183
3.6522673643081753e-05   3.8606504546465725
3.711671819475767e-05   3.920929399856611
3.7720424934169935e-05   3.9821494357578064
3.833395101766605e-05   4.044325251970051
3.895745615775501e-05   4.107471764087757
3.959110266468459e-05   4.17160411962212
4.023505548869293e-05   4.236737702259228
4.0889482262948645e-05   4.302888135538021
4.15545533471888e-05   4.370071286585325
4.223044187206672e-05   4.438303270624406
4.291732378422158e-05   4.507600457941821
4.3615377892080056e-05   4.577979475500002
4.432478591240401e-05   4.649457209751751
4.504573251759463e-05   4.72205081068863
4.577840538376616e-05   4.79577769595305
4.652299523960189e-05   4.870655554411948
4.7279695916003906e-05   4.946702345797757
4.804870439655134e-05   5.023936307224545
4.883022086877885e-05   5.102375959997022
4.962444877628913e-05   5.182040114051547
5.043159487171359e-05   5.262947872446851
5.125186927053333e-05   5.345118636103078
5.2085485505776655e-05   5.428572110914949
5.2932660583605666e-05   5.51332831200873
5.379361503980698e-05   5.59940756666641
5.466857299720181e-05   5.686830519140021
5.555776222398878e-05   5.775618135589715
5.646141419303673e-05   5.865791708915396
5.7379764142141396e-05   5.957372858626954
5.8313051135262185e-05   6.050383534883916
5.926151812475552e-05   6.144846029200894
6.022541201461928e-05   6.240782980069036
6.120498372476703e-05   6.338217378342716
6.220048825634719e-05   6.437172572727721
6.321218475812448e-05   6.537672276743413
6.424033659394191e-05   6.639740575478578
6.528521141127847e-05   6.7434019292658025
6.63470812109235e-05   6.8486811792815745
6.742622241778349e-05   6.955603553463039
6.852291595284057e-05   7.06419467252608
6.963744730628222e-05   7.174480560607405
7.077010661181889e-05   7.286487659168509
7.192118872221193e-05   7.400242824017231
7.309099328602919e-05   7.515773329915306
7.42798248256491e-05   7.63310687711338
7.548799281653431e-05   7.7522715979881935
7.671581176779303e-05   7.873296054247376
7.796360130405237e-05   7.996209213297045
7.923168624866262e-05   8.121040481943806
8.05203967082547e-05   8.247819722883762
8.183006815867389e-05   8.376577261725124
8.316104153230961e-05   8.507343894117916
8.451366330684722e-05   8.640150897804439
8.588828559546259e-05   8.775030067155019
8.728526623848371e-05   8.91201370376498
8.870496889654403e-05   9.051134612112417
9.014776314524917e-05   9.192426107340378
9.161402457138522e-05   9.335922023192403
9.310413487069085e-05   9.481656718506795
9.461848194721992e-05   9.62966506977051
9.615746001432095e-05   9.779982484879099
9.772146969725725e-05   9.932644921292278
9.9310918137498e-05   10.087688894673992
0.00010092621909870473   10.245151487519875
0.00010256779307444219   10.40507035661447
0.00010423606739764012   10.567483717207617
0.000105931476351837   10.732430352326448
0.00010765446128423159   10.899949643519555
0.00010940547072057424   11.070081580879501
0.0001111849604819271   11.242866772363275
0.00011299339380332217   11.418346454183684
0.00011483124145435111   11.596562540440846
0.00011669898186171475   11.77755765109045
0.00011859710123376694   11.96137507303029
0.00012052609368708426   12.148058766530388
0.00012248646137509307   12.337653375691982
0.00012447871461879063   12.530204238710906
0.00012650337203959038   12.725757344254534
0.0001285609606943295   12.924359279353938
0.00013065201621247213   13.126057333337902
0.0001327770829355429   13.330899522121763
0.00013493671405883064   13.538934599214313
0.00013713147177539455   13.750212066896815
0.0001393619274224142   13.964782214439222
0.00014162866162991988   14.182696191447828
0.00014393226447194065   14.404005955564026
0.000146273335620113   14.62876426810949
0.0001486524844997857   14.857024706440276
0.0001510703304486654   15.08884167648928
0.00015352750287804228   15.324270402979849
0.00015602464143663696   15.563366848139731
0.00015856239617711372   15.806187796066906
0.000161141427725302   16.05279090024045
0.00016376240745216873   16.303234696624482
0.00016642601764859036   16.557578616952075
0.00016913295170296487   16.815883011125155
0.00017188391428171455   17.078209226325328
0.00017467962151272457   17.344619588236615
0.00017752080117176342   17.615177381340505
0.00018040819287193827   17.889946863267607
0.00018334254825622907   18.16899327960242
0.00018632463119315598   18.452382868162694
0.00018935521797562954   18.74018273153707
0.00019243509752303302   19.032460881585543
0.00019556507158659492   19.329286359150238
0.00019874595495809837   19.63072925184047
0.00020197857568198785   19.936860709504536
0.00020526377527092522   20.2477529614378
0.00020860240892485029   20.56347937306058
0.0002119953457536071   20.88411446957286
0.00021544346900318845   21.209733910752703
0.00021894767628566206   21.540414505490283
0.00022250887981283693   21.876234228863684
0.00022612800663372772   22.217272238779927
0.0002298059988758851   22.56360884510924
0.00023354381399064793   22.915325491502475
0.00023734242500238661   23.27250484249674
0.00024120282076180069   23.6352308088129
0.0002451260062033337   24.003588565608755
0.00024911300260677886   24.377664570826198
0.00025316484786313555   24.75754651978895
0.00025728259674479324   25.143323260390407
0.0002614673211801092   25.53508494039327
0.0002657201105324504   25.93292305060685
0.00027004207188377727   26.336930444094573
0.0002744343303228365   26.74720135563763
0.000278898029238044   27.163831414802296
0.0002834343306151309   27.586917645520213
0.00028804441533962976   28.016558504655425
0.0002927294835042816   28.45285390870362
0.00029749075472144406   28.895905254495098
0.0003023294684405776   29.34581544017145
0.0003072468842709003   29.802688841828644
0.0003122442823092858   30.266631092713848
0.00031732296347349763   30.737749259773103
0.0003224842498408442   31.21615196941051
0.0003277294849923382   31.701949429027454
0.0003330600343624589   32.1952534485947
0.0003384772855945983   32.69617745289167
0.00034398264890229247   33.204836411631526
0.0003495775574363275   33.721346895824254
0.0003552634676578139   34.24582715624964
0.0003610418597173337   34.778397146708436
0.00036691423784024937   35.319178546781245
0.00037288213071828336   35.868294771647484
0.00037894709190746675   36.42587075680302
0.00038511070023255687   36.992032990859855
0.0003913745601980384   37.56690974283317
0.0003977403024058037   38.150631092533914
0.0004042095839796306   38.743328953718304
0.0004107840889965647   39.345137090779545
0.0004174655289253135   39.95619087264723
0.0004242556430717777   40.57662718450053
0.00043115619903182285   41.206584773320586
0.000438168993151419   41.846204294987764
0.0004452958509942655   42.4956283372299
0.0004525386278170167   43.155001441167
0.00045989920905224383   43.824469907378976
0.00046737951079924635   44.5041815809333
0.00047498148032285   45.19428623729441
0.0004827070965603183   45.894935654927906
0.0004905583706365045   46.60628363770555
0.0004985373463873893   47.32848603736831
0.0005066461008921268   48.06170059083576
0.0005148867450137492   48.80608653531366
0.0005232614239486662   49.56180506287984
0.0005317723177850972   50.329019448467506
0.0005404216420705915   51.107895071019854
0.0005492116483887789   51.89859943472592
0.0005581446249454961   52.70130200667837
0.0005672228971644543   53.51617350023576
0.000576448828292588   54.343386468474435
0.0005858248200152536   55.18311558729035
0.000595353313081437   56.035537673755194
0.0006050367879391218   56.90083170437451
0.0006148777653810023   57.77917871307989
0.0006248788072006895   58.670760962108474
0.0006350425168595962   59.575762399673266
0.0006453715401646702   60.494369105338
0.0006558685659571429   61.42676930698706
0.0006665363268124914   62.37315339500297
0.0006773775997517752   63.33371385564125
0.0006883952069645496   64.30864426080136
0.0006995920165435374   65.29813951460575
0.0007109709432312431   66.30239659621022
0.0007225349491787215   67.32161458488414
0.0007342870447166766   68.35599466818766
0.0007462302891391107   69.40574011112864
0.0007583677914997191   70.47105528038004
0.0007707027114212295   71.55214550253186
0.0007832382599179197   72.64921805136878
0.0007959777002314986   73.76248220056831
0.0008089243486805938   74.89214922427615
0.0008220815755240541   76.03843237872266
0.0008354528058382863   77.2015456994157
0.0008490415204088747   78.38170316519326
0.0008628512566366895   79.57912037197701
0.0008768856094587427   80.79401469231058
0.0008911482322840202   82.02660526438268
0.0009056428379445294   83.27711297833075
0.0009203731996618221   84.5457598486526
0.0009353431520292386   85.8327680540005
0.0009505565920101192   87.1383611225147
0.0009660174799522646   88.4627641289528
0.0009817298406188842   89.80620367281371
0.0009976977642363201   91.16890785533651
0.0010139254075588154   92.551105400298
0.0010304169949505876   93.95302311944836
0.0010471768194855202   95.37488819412918
0.0010642092440647246   96.8169288920584
0.0010815187025522881   98.27937452744877
0.0010991097009294972   99.76245541961775
0.0011169868184678225   101.26640254740084
0.001135154708920999   102.79144592535741
0.0011536181017364785   104.33781559909342
0.0011723818032865986   105.90574225867695
0.001191450698119776   107.49545718440204
0.0012108297502320393   109.10719218955863
0.0012305240043592616   110.74117927965968
0.0012505385872903913   112.39764800189064
0.0012708787092020582   114.07682640056409
0.001291549665014884   115.7789424917408
0.0013125568357718427   117.50422420575704
0.0013339056900390587   119.25289930861601
0.001355601785329369   121.02519522820376
0.0013776507695490536   122.82133737178194
0.0014000583824680976   124.64154915100353
0.001422830457214352   126.48605323128471
0.0014459729217920197   128.35507148199628
0.0014694918006248172   130.24882487795966
0.0014933932161242517   132.16753335813206
0.0015176833902834053   134.11141419878402
0.0015423686462966275   136.08068133868522
0.001567455410205595   138.07554705101458
0.001592950212572123   140.09622195415568
0.0016188596901781976   142.14291489135965
0.0016451905877536625   144.21583280203282
0.00167194975973199   146.31517989323152
0.001699144172034626   148.44115678516897
0.001726780903884356   150.59396153001012
0.0017548671496481502   152.77378962752005
0.001783410220710008   154.9808338850465
0.0018124175473742377   157.2152842742462
0.0018418966807997109   159.47732691047102
0.0018718552949655793   161.76714207160705
0.0019023011886689439   164.08490605015194
0.0019332422875550453   166.43079146752572
0.0019646866461804466   168.80496711125275
0.0019966424501097935   171.20759776950248
0.002029118018046678   173.638843702696
0.0020621218039991425   176.09885908598858
0.002095662399480433   178.58779294779836
0.002129748535745521   181.10578947810637
0.00216438908606402   183.65298784592733
0.0021995930680300748   186.22952201421685
0.002235369645909794   188.8355199574575
0.0022717281330269052   191.4710994523681
0.0023086779941871695   194.13637007887957
0.0023462288481422623   196.83143501947384
0.0023843904700937206   199.55639086163973
0.0024231727942375983   202.31132738735758
0.002462585916350547   205.0963268404343
0.002502640096417919   207.91145740413523
0.002543345761304648   210.7567746180398
0.002584713507469564   213.6323255812973
0.0026267541037238358   216.5381488074528
0.0026694784940343207   219.4742739844421
0.0027128978003724672   222.44072143980225
0.0027570233256095826   225.43749485320168
0.002801866556459195   228.46458023365741
0.0028474391664672447   231.52195259396996
0.0028937530190509503   234.60957602708564
0.002940820170587064   237.72740343730518
0.0029886528735503827   240.87537614051166
0.0030372635797033115   244.05341574986815
0.0030866649433372744   247.26141891282415
0.0031368698245668766   250.49926781841845
0.003187891292677646   253.76683094096776
0.0032397426295281955   257.06396274378847
0.003292437333007769   260.3905033656207
0.0033459891205499747   263.7462732215967
0.0034004119327037063   267.13106530554444
0.0034557199367621395   270.54465473487187
0.003511927530450728   273.98680014523904
0.0035690493456752297   277.45724338285885
0.0036271002523306484   280.9557091996351
0.003686095362172158   284.4819016349583
0.003746050032748993   288.0354944594141
0.003806979871402284   291.6161397686565
0.0038689007393279753   295.2234704371336
0.003931828755705771   298.8570998165846
0.003995780301895269   302.51662144025977
0.004060772025700365   306.2016064429764
0.004126820845702952   309.91159185432076
0.004193943955667186   313.64608826244705
0.0042621588290153245   317.40458429238174
0.004331483223376399   321.18654633723816
0.004401935185208874   324.99141829188545
0.004473533054498463   328.81861943300873
0.0045462954695324   332.6675278126266
0.004620241371751313   336.53748707179216
0.004695390010680058   340.4278158614719
0.004771760948938746   344.3378077215905
0.004849374067335233   348.26673086647406
0.004928249570040513   352.2138267770501
0.005008407989848212   356.17829030261856
0.00508987019351968   360.15927173099607
0.0051726573872160194   364.1558929838785
0.005256791122018424   368.16724799636785
0.005342293299538352   372.192402587226
0.005429186177618943   376.2303938501363
0.005517492376129123   380.28021246568034
0.005607234882852033   384.34079708607266
0.005698437059469142   388.4110547221071
0.005791122647641758   392.4898621142984
0.00588531577519145   396.5760657347766
0.005981040962380938   400.66848164386033
0.00607832312829723   404.7658766788621
0.006177187597338494   408.8669506039106
0.0062776601058065   412.970366937425
0.006379766808606282   417.07475698830876
0.006483534286054721   421.1787200445154
0.00658898955079995   425.2808235838788
0.006696160054853222   429.37958686552497
0.006805073696735207   433.47344842714887
0.006915758828738525   437.5608045590571
0.0070282442643083455   441.6400182615736
0.007142559285543126   445.7094196932457
0.007258733650817253   449.7673066678049
0.007376797602527731   453.8119321643408
0.007496781874966877   457.8414573284608
0.007618717702322991   461.85399283871914
0.007742636826811269   465.8476163838548
0.007868571506936851   469.8203734623938
0.007996554525892346   473.7702782422451
0.008126619200091946   477.69530413395074
0.008258799387844264   481.5933182409973
0.008393129498166365   485.46212213612944
0.008529644499741026   489.2994861484283
0.008668379930019773   493.10315078220543
0.00880937190447399   496.8708280583864
0.008952657125996391   500.60019631512586
0.009098272894455557   504.2888255227
0.009246257116405743   507.9342028490011
0.009396648314954691   511.53378795578436
0.009549485639791966   515.0850159046221
0.009704808877380306   518.585299118888
0.009862658461312821   522.0320256073824
0.010023075482838643   525.4224745950934
0.010186101701559752   528.7538150038754
0.010351779556301762   532.0231932484368
0.01052015217616159   535.2277398668309
0.010691263391734773   538.3645722779489
0.010865157746525373   541.4307962344317
0.011041880508541602   544.4234308196594
0.011221477682079803   547.3393687355034
0.011403996019700331   550.1754874848256
0.011589483034398117   552.9286627922172
0.011777987011971181   555.5957723137487
0.011969557023590429   558.1736991642281
0.01216424293857368   560.6592641627756
0.01236209543736769   563.0491348391304
0.012563166024741215   565.3399695565182
0.012767507043192645   567.5284450719538
0.012975171686575868   569.6112613764558
0.013186214013947485   571.5851466481665
0.013400688963639508   573.4468132979654
0.013618652367560827   575.1928356043423
0.013840160965731301   576.819789579986
0.014065272421052363   578.324297836156
0.01429404533431761   579.7030355908096
0.014526539259467812   580.9527367707998
0.01476281471909391   582.0701692352517
0.015002933220192168   583.051995702621
0.01524695727017573   583.8948930488996
0.015494950393146316   584.5956209557987
0.015746977146430866   585.151029051314
0.016003103137387016   585.5580640237355
0.016263395040481906   585.8137638991603
0.016527920614648937   585.9151587371533
0.01679674872092653   585.8593324774731
0.01706994934038408   585.6434945452714
0.017347593592339325   585.2649881056509
0.01762975375287204   584.7212976262335
0.017916503273638994   584.0100546552887
0.018207916800994626   583.1290190411338
0.018504070195423022   582.0760915970164
0.018805040551285835   580.8493435401045
0.01911090621689136   579.4470242681745
0.019421746814890246   577.8675682787033
0.019737643263002553   576.1096047104586
0.02005867779508234   574.1720562654081
0.020384933982524642   572.054164164671
0.020716496756020667   569.7553832932771
0.021053452427667037   567.275380021447
0.021395888713434216   564.6140367258986
0.0217438947560008   561.77145821143
0.022097561147959032   558.7481949495989
0.022456979955397718   555.5454227368596
0.02282224474186896   552.1645746099184
0.023193450592744275   548.6072974650584
0.023570694139967277   544.8754519529473
0.023954073587208795   540.9711123138703
0.024343688735431128   536.8968771582834
0.024739641008868118   532.6564164913411
0.025142033481427965   528.2537201279742
0.02555097090352507   523.6929360376286
0.025966559729348724   518.9783637160891
0.02638890814457513   514.1144472978842
0.026818126094530128   509.10609110377425
0.027254325312810277   503.95973136464477
0.02769761935036891   498.6822411845554
0.028148123605075813   493.2805141529571
0.02860595535175745   487.76145152073144
0.029071233772725753   482.1319497443978
0.0295440799888038   476.3991745969603
0.030024617090855493   470.57225337281955
0.030512970171828708   464.6610133240261
0.031009266359319297   458.6750711990903
0.03151363484866476   452.6238150244317
0.0320262069365765   446.51639091634587
0.03254711605531848   440.3618484502266
0.03307649780744242   434.170809120286
0.03361449000108768   427.95470112849637
0.03416123268585525   421.7245079174494
0.034716868189265594   415.49073997737264
0.03528154115380883   409.2634309636403
0.03585539857459817   403.05224031887775
0.03643858983763548   396.86862608594953
0.037031266758699236   390.7256304575503
0.03763358362286533   384.6356341950041
0.03824569722466999   378.610273199261
0.038867766908926675   372.6604560140477
0.03949995461220647   366.79636038400525
0.04014242490499318   361.02624221972115
0.04079534503452449   355.35598879631505
0.04145888496832911   349.79090647944156
0.04213321743847289   344.33589055080904
0.042818517986524154   338.99544584582776
0.04351496500925046   333.77372032105706
0.04422273980505897   328.67707655098536
0.04494202662119142   323.7170130087703
0.04567301270168747   318.90499080662727
0.04641588833612782   314.251702638121
0.047170846909170124   309.7671387704936
0.047938084950891066   305.4605550375905
0.04871780218794631   301.33252807684823
0.04951020159556351   297.36975148597344
0.050315489450380564   293.558236919777
0.051133875384143206   289.88468231576957
0.051965572438276576   286.3364198157809
0.05281079711934331   282.90217918353613
0.05366976945540476   279.5755191003504
0.054542713053298365   276.3517072410316
0.05542985515684663   273.22620526192753
0.056331426706013515   270.19465725715304
0.05724766239702179   267.25035308739075
0.05817880074344935   264.37486416133123
0.05912508413831881   261.5469743518269
0.06008675891719681   258.7463453674849
0.06106407542232036   255.95347928219866
0.062057288067765004   253.1491888497766
0.06306665540567406   250.3143689933738
0.06409244019356457   247.43076372963446
0.06513490946272796   244.4810614642883
0.06619433458774387   241.4482130108803
0.06727099135712336   238.31392790198512
0.06836516004510239   235.06072183832293
0.0694771254846024   231.6724936713282
0.07060717714137765   228.13590889850306
0.07175560918936921   224.4432388612979
0.07292272058728312   220.5888963689668
0.0741088151564157   216.56868321855734
0.07531420165974376   212.3833701568285
0.07653919388230156   208.04062115504243
0.07778411071286483   203.5492962545984
0.0790492762269642   198.91981225625028
0.08033501977124735   194.1706832099462
0.08164167604921473   189.3237024236962
0.08296958520834916   184.4000032183026
0.0843190929286625   179.424225512425
0.08569055051268347   174.42483854500117
0.08708431497690725   169.4284882944662
0.08850074914473438   164.46309618700275
0.08994022174092053   159.56074435243897
0.09140310748756222   154.750879568989
0.09288978720164498   150.0631752449855
0.09440064789417603   145.5311715700365
0.09593608287093147   141.18503257202204
0.09749649183484096   137.05086062165367
0.09908228099003788   133.15072540092413
0.1006938631476027   129.50335733365984
0.10233165783302449   126.12498160134581
0.10399609139541204   123.02299228198659
0.10568759711848051   120.19004886956016
0.10740661533334322   117.6179213109269
0.10915359353313911   115.29474444520464
0.11092898648952228   113.1922044572526
0.11273325637104871   111.28017170553042
0.11456687286348727   109.52864274408898
0.11643031329208756   107.89938758553386
0.1183240627458378   106.35357457892133
0.12024861420374122   104.85334295441982
0.12220446866314887   103.35836772846419
0.12419213527017846   101.82956888219492
0.1262121314522546   100.2305625234445
0.12826498305280598   98.52812541428091
0.1303512244681509   96.69239678520393
0.13247139878661174   94.70433693533852
0.1346260579298911   92.55391224589182
0.13681576279674704   90.23808731010052
0.13904108340900698   87.77133891495123
0.14130259905995338   85.17292644248823
0.14360089846512605   82.47278070762623
0.14593657991557576   79.70783292441136
0.1483102514336103   76.91714670210888
0.15072253093107554   74.1461630723636
0.15317404637020798   71.43787404277899
0.15566543592710622   68.83814229276577
0.15819734815786016   66.38846303839142
0.1607704421673822   64.12235663628287
0.16338538778098605   62.066477089986314
0.16604286571875296   60.23038113621231
0.16874356777273758   58.61210830694094
0.1714881969870541   57.19449792802124
0.17427746784089174   55.94942623853562
0.1771121064345087   54.84269530322949
0.17999285067824763   53.83563259304458
0.18292045048462938   52.88320059073771
0.18589566796356882   51.93949806315292
0.18891927762076643   50.97447207303236
0.1919920665593283   49.95225140743013
0.19511483468466165   48.78734805218876
0.19828839491270714   47.52723232045944
0.20151357338155584   46.17459056598543
0.20479120966650832   44.72287197601243
0.2081221569986337   43.20049308906003
0.21150728248687947   41.644601660687265
0.21494746734379805   40.0960939898664
0.21844360711494284   38.595555609549045
0.22199661191199524   37.17937479566699
0.22560740664968593   35.87549051175699
0.22927693128656487   34.70533709690636
0.23300614106969247   33.66983564069791
0.23679600678330787   32.759762156760544
0.24064751500154216   31.95610195427625
0.2445616683452444   31.2224377013169
0.24853948574297985   30.523567349870717
0.25258200269627845   29.826389228153843
0.2566902715491952   29.100629013506662
0.26086536176225505   28.327576778104312
0.2651083601908536   27.50137579118834
0.26942037136818825   26.62281085754921
0.27380251779278575   25.71200904765255
0.2782559402207126   24.792365732524907
0.2827817979625344   23.891173454843038
0.2873812691851063   23.0376319735983
0.29205555121827453   22.25184823603922
0.29680586086656024   21.537190656820602
0.30163343472591975   20.89298757851287
0.306539529505653   20.306488200948532
0.3115254223555485   19.75913211919955
0.3165924111983521   19.231755627267393
0.32174181506763716   18.70267925286003
0.3269749744511768   18.154284133887423
0.3322932516398975   17.585535778540425
0.3376980310825088   17.001796778456207
0.34319071974590426   16.414074239912008
0.34877274748141773   15.83967253430876
0.3544455673970436   15.292922212054918
0.36021065623570736   14.781107331235582
0.36606951475968985   14.30865168419753
0.3720236681413066   13.870815617528907
0.3780746663599349   13.455822955616508
0.3842240846055061   13.053056672509332
0.3904735236885564   12.65344321697696
0.3968246104569478   12.24977613426009
0.4032789982193705   11.843637037281344
0.40983836717572614   11.441290203494038
0.4165044248545185   11.049036436477381
0.4232789065573553   10.673712348956869
0.43016357581067904   10.32039470489832
0.43716022482485023   9.986815720484893
0.4442706749606883   9.66814807766169
0.4514967772036102   9.359723727640507
0.45884041264547615   9.056926986196986
0.46630349297427265   8.756735580969025
0.4738879609717651   8.461254220430067
0.4815957910192351   8.173627149002115
0.48942898961145315   7.896204746055554
0.4973895958790068   7.630658070375568
0.5054796821191235   7.377377892695099
0.5137013543351339   7.133687228867823
0.5220567527846975   6.896785845874042
0.5305480525369575   6.665567321420745
0.5391774640387506   6.439919784291589
0.5479472336900282   6.2202467653760625
0.5568596444286409   6.007868582643308
0.5659170163246242   5.803819373281552
0.5751217071841613   5.60748198611523
0.5844761131633638   5.417652410087156
0.593982669392035   5.233546293140758
0.6036438506075864   5.054857347851556
0.6134621717992506   4.881428551414921
0.6234401888627864   4.713554606034652
0.6335804992658254   4.551585274059918
0.6438857427240413   4.395408765759046
0.654358601888323   4.244533196158267
0.6650018030431118   4.0985593735722
0.675818116816111   3.957313461099985
0.6868103588995308   3.820665382269514
0.6979813907830653   3.688487265846487
0.709334120498799   3.560653490806534
0.7208715033782136   3.4370407249817156
0.732596542821523   3.3175279576929797
0.7445122910795143   3.201996526674995
0.7566218500481048   3.090330139593298
0.7689283720758305   2.982414890446863
0.7814350607844542   2.8781392711426848
0.794145171902934   2.7773941785209457
0.8070620141149507   2.6800729171023225
0.8201889499202212   2.586070911866218
0.8335293965098187   2.495281804722703
0.8470868266557402   2.407599074934763
0.8608647696149244   2.3229195253743256
0.8748668120479914   2.2411432717029416
0.8890965989529167   2.162173640257479
0.903557834613892   2.085917068931818
0.9182542835656282   2.0122830109719354
0.9331897715733238   1.9411838416039937
0.9483681866285928   1.8725347674168082
0.9637934799615796   1.8062537384223858
0.9794696670695385   1.74226136271998
0.9954008287621519   1.6804808236910576
1.0115911122238297   1.6208378001209234
1.0280447320933097   1.5632608332677855
1.0447659715608053   1.507681977592418
1.0617591834829991   1.4540355345512832
1.0790287915161836   1.4022577587904215
1.0965792912678098   1.352286810802929
1.1144152514667882   1.3040627101877285
1.1325413151528128   1.2575272895326965
1.150962200885031   1.2126241489428844
1.1696827039703848   1.1692986112324766
1.1887076977119033   1.1274976777972265
1.208042134677329   1.0871699851819883
1.2276910479883605   1.0482657623563527
1.2476595526308685   1.0107367887095318
1.2679528467864338   0.9745363527739914
1.288576213185518   0.9396192116858679
1.3095350204826677   0.905941551388544
1.3308347246540762   0.8734609475845205
1.352480870417874   0.8421363274393041
1.3744790926775368   0.8119279320397687
1.3968351179887397   0.782797279608358
1.4195547660501016   0.7547071294732307
1.4426439512181588   0.7276214467935576
1.466108684046983   0.7015053680381068
1.4899550728528537   0.676325167214352
1.514189325304352   0.6520482228445332
1.5388177500383464   0.6286429856841991
1.5638467583022477   0.6093122874679188
1.5892828656229763   0.6093122874679188
1.6151326935030896   0.6093122874679188
1.6414029711444664   0.6093122874679188
1.6681005372000592   0.6093122874679188
1.6952323415541215   0.6093122874679188
1.7228054471313923   0.6093122874679188
1.7508270317357233   0.6093122874679188
1.7793043899185774   0.6093122874679188
1.8082449348779517   0.6093122874679188
1.8376562003881725   0.6093122874679188
1.867545842761074   0.6093122874679188
1.8979216428390995   0.6093122874679188
1.9287915080207778   0.6093122874679188
1.9601634743191856   0.6093122874679188
1.9920457084538712   0.6093122874679188
2.024446509976802   0.6093122874679188
2.0573743134329114   0.6093122874679188
2.09083769055575   0.6093122874679188
2.124845352498883   0.6093122874679188
2.1594061521035677   0.6093122874679188
2.1945290862033113   0.6093122874679188
2.2302232979659364   0.6093122874679188
2.266498079273693   0.6093122874679188
2.3033628731421314   0.6093122874679188
2.3408272761782944   0.6093122874679188
2.378901041078891   0.6093122874679188
2.4175940791691284   0.6093122874679188
2.45691646298279   0.6093122874679188
2.496878428884327   0.6093122874679188
2.5374903797335717   0.6093122874679188
2.5787628875938036   0.6093122874679188
2.62070669648385   0.6093122874679188
2.6633327251749805   0.6093122874679188
2.7066520700332415   0.6093122874679188
2.7506760079080674   0.6093122874679188
2.7954159990678593   0.6093122874679188
2.840883690183301   0.6093122874679188
2.8870909173592345   0.6093122874679188
2.934049709215787   0.6093122874679188
2.9817722900196735   0.6093122874679188
3.0302710828663995   0.6093122874679188
3.0795587129142232   0.6093122874679188
3.1296480106707505   0.6093122874679188
3.18055201533292   0.6093122874679188
3.2322839781813806   0.6093122874679188
3.284857366030047   0.6093122874679188
3.3382858647317577   0.6093122874679188
3.392583382740992   0.6093122874679188
3.4477640547344643   0.6093122874679188
3.503842245290676   0.6093122874679188
3.5608325526292814   0.6093122874679188
3.6187498124112767   0.6093122874679188
3.6776091016010306   0.6093122874679188
3.737425742391064   0.6093122874679188
3.798215306190736   0.6093122874679188
3.859993617679771   0.6093122874679188
3.9227767589277156   0.6093122874679188
3.986581073580439   0.6093122874679188
4.051423171114648   0.6093122874679188
4.1173199311616795   0.6093122874679188
4.184288507901584   0.6093122874679188
4.252346334528678   0.6093122874679188
4.321511127789762   0.6093122874679188
4.391800892596086   0.6093122874679188
4.463233926710397   0.6093122874679188
4.535828825510191   0.6093122874679188
4.609604486828429   0.6093122874679188
4.684580115873045   0.6093122874679188
4.760775230226368   0.6093122874679188
4.838209664925957   0.6093122874679188
4.916903577628031   0.6093122874679188
4.996877453854879   0.6093122874679188
5.078152112327671   0.6093122874679188
5.160748710385907   0.6093122874679188
5.244688749495119   0.6093122874679188
5.329994080844093   0.6093122874679188
5.416686911033146   0.6093122874679188
5.5047898078549675   0.6093122874679188
5.594325706169378   0.6093122874679188
5.685317913873753   0.6093122874679188
5.777790117970507   0.6093122874679188
5.871766390733249   0.6093122874679188
5.967271195973311   0.6093122874679188
6.064329395408062   0.6093122874679188
6.162966255132942   0.6093122874679188
6.263207452198692   0.6093122874679188
6.365079081295565   0.6093122874679188
6.46860766154632   0.6093122874679188
6.573820143409585   0.6093122874679188
6.680743915695615   0.6093122874679188
6.789406812696113   0.6093122874679188
6.899837121430012   0.6093122874679188
7.012063589007177   0.6093122874679188
7.126115430111746   0.6093122874679188
7.242022334607316   0.6093122874679188
7.359814475265771   0.6093122874679188
7.479522515621813   0.6093122874679188
7.601177617955322   0.6093122874679188
7.7248114514034   0.6093122874679188
7.850456200204509   0.6093122874679188
7.978144572076629   0.6093122874679188
8.107909806731678   0.6093122874679188
8.239785684528512   0.6093122874679188
8.373806535266489   0.6093122874679188
8.510007247122246   0.6093122874679188
8.648423275731727   0.6093122874679188
8.789090653419963   0.6093122874679188
8.932045998580959   0.6093122874679188
9.077326525210223   0.6093122874679188
9.224970052592175   0.6093122874679188
9.375015015145289   0.6093122874679188
9.5275004724273   0.6093122874679188
9.682466119303115   0.6093122874679188
9.839952296278227   0.6093122874679188
10.0   0.6093122874679188
