10    2.166125614250556e-08
11    2.2765811645299897e-08
12    2.374585978466916e-08
13    2.4640251776387403e-08
14    2.5449218972600468e-08
15    2.622035891864398e-08
16    2.6852903084432474e-08
17    2.7402353688569914e-08
18    2.787572660038088e-08
19    2.8280446078135377e-08
20    2.8638075717436283e-08
21    2.8935177769862767e-08
22    2.917676632854938e-08
23    2.9372879071919015e-08
24    2.9511073964047292e-08
25    2.9604748537753033e-08
26    2.9656890162167836e-08
27    2.9659948394939394e-08
28    2.963278839224598e-08
29    2.957184801326622e-08
30    2.9479244468091672e-08
31    2.9357163458599498e-08
32    2.920753197284804e-08
33    2.903225235633105e-08
34    2.8832960880263884e-08
35    2.861112258161939e-08
36    2.8368142951534428e-08
37    2.81054841029675e-08
38    2.7824810204354426e-08
39    2.7527973231921318e-08
40    2.7216935928879687e-08
41    2.689366127828968e-08
42    2.656007223163432e-08
43    2.6217932308151127e-08
44    2.5868925795320597e-08
45    2.5514666454935235e-08
46    2.515665733493008e-08
47    2.479625991507821e-08
48    2.4434661008989195e-08
49    2.407292393447712e-08
50    2.3711939175752198e-08
51    2.3352473595445995e-08
52    2.2995208086617985e-08
53    2.264077220078997e-08
54    2.2277905563960765e-08
55    2.1930364928805096e-08
56    2.1587721208250046e-08
57    2.1250387948924148e-08
58    2.0918765091397192e-08
59    2.0610951353180472e-08
60    2.0288429129914377e-08
61    1.9972474191352092e-08
62    1.9663525557301037e-08
63    1.9361940212140602e-08
64    1.9068033624172735e-08
65    1.8782092610538958e-08
66    1.850433789182816e-08
67    1.8234876720543705e-08
68    1.7973717497741155e-08
69    1.7720816411164375e-08
70    1.747608976468483e-08
71    1.7239391089474537e-08
72    1.7010515508174985e-08
73    1.678925277760765e-08
74    1.657542567671148e-08
75    1.6368846523421654e-08
76    1.616930711690801e-08
77    1.5976615628221084e-08
78    1.579060792503644e-08
79    1.5611103237249488e-08
80    1.5437848793912663e-08
81    1.527074764667892e-08
82    1.510970550354893e-08
83    1.495440076064116e-08
84    1.4804684073269276e-08
85    1.4660385415242635e-08
86    1.4521228271881295e-08
87    1.4386927414414216e-08
88    1.4257168699645483e-08
89    1.4131664959991869e-08
90    1.4010132624790516e-08
91    1.389229671820466e-08
92    1.3777907354429673e-08
93    1.3666741480759454e-08
94    1.3559114231188326e-08
95    1.3454650256765375e-08
96    1.33526403055818e-08
97    1.3252869159129366e-08
98    1.3155132117715372e-08
99    1.30592410756408e-08
100    1.2964996322472746e-08
101    1.2872183969802703e-08
102    1.2780568886990754e-08
103    1.268990241072529e-08
104    1.2600037585330601e-08
105    1.251081168927471e-08
106    1.2422000599726727e-08
107    1.2333443480448045e-08
108    1.224501554592617e-08
109    1.215659794658125e-08
110    1.2068062547473155e-08
111    1.1979310794780819e-08
112    1.1890257328081462e-08
113    1.1800820277982469e-08
114    1.1710931810329776e-08
115    1.1620531532935696e-08
116    1.152956930612061e-08
117    1.143800581374744e-08
118    1.1345806078531357e-08
119    1.1252938932072833e-08
120    1.1159381467645414e-08
121    1.1065115087173974e-08
122    1.097012630454125e-08
123    1.0874418603574679e-08
124    1.0778005673148621e-08
125    1.0680906967837396e-08
126    1.0583146890287677e-08
127    1.0484756688889338e-08
128    1.0385770738215965e-08
129    1.0286227434146945e-08
130    1.018617698299598e-08
131    1.0085679782680524e-08
132    9.984796813243054e-09
133    9.883591975449774e-09
134    9.782138518898424e-09
135    9.680513278557658e-09
136    9.578792998634687e-09
137    9.47705726196871e-09
138    9.375392381409575e-09
139    9.273882385724328e-09
140    9.172609044620974e-09
141    9.071656727589507e-09
142    8.971117649931566e-09
143    8.871079821755096e-09
144    8.76701506329191e-09
145    8.668573788727617e-09
146    8.570901423094093e-09
147    8.474072385239717e-09
148    8.378157095288058e-09
149    8.283224970544541e-09
150    8.18934193097848e-09
151    8.096565336050083e-09
152    8.004950185863045e-09
153    7.914552942173302e-09
154    7.825425662632064e-09
155    7.737614473949997e-09
156    7.65116527393306e-09
157    7.566123926615841e-09
158    7.482533737252216e-09
159    7.400431795504848e-09
160    7.319850546556999e-09
161    7.240818097598814e-09
162    7.1633566868043e-09
163    7.087487834188293e-09
164    7.0132347001632e-09
165    6.940620941588376e-09
166    6.869668469730245e-09
167    6.800395079827288e-09
168    6.7328145504079905e-09
169    6.666934124376693e-09
170    6.602749844275937e-09
171    6.540251270128306e-09
172    6.479425733691617e-09
173    6.420258984710444e-09
174    6.36273551319992e-09
175    6.3068386847312275e-09
176    6.252550163111647e-09
177    6.1998521991827e-09
178    6.148725725721125e-09
179    6.099140610126291e-09
180    6.051056893835179e-09
181    6.0044349869920704e-09
182    5.959236613108208e-09
183    5.915418978760645e-09
184    5.872937611333036e-09
185    5.831745442983937e-09
186    5.791796459207637e-09
187    5.7530443203886045e-09
188    5.71720380394787e-09
189    5.680880402186282e-09
190    5.645606498233779e-09
191    5.611331854984473e-09
192    5.578006538363964e-09
193    5.54557895469845e-09
194    5.513993983025956e-09
195    5.4831938849969454e-09
196    5.453122818230381e-09
197    5.4237268126213055e-09
198    5.394952527477077e-09
199    5.366747663695927e-09
200    5.339063155340216e-09
201    5.311852459687435e-09
202    5.285069610875817e-09
203    5.258669526025589e-09
204    5.232605977808434e-09
205    5.206833625666224e-09
206    5.181309603999797e-09
207    5.155993384137682e-09
208    5.130846378637572e-09
209    5.10583224767089e-09
210    5.08091694984252e-09
211    5.056067634680021e-09
212    5.0312524481753255e-09
213    5.006441231044658e-09
214    4.981605589799148e-09
215    4.956719608868115e-09
216    4.931759208296267e-09
217    4.906701959495887e-09
218    4.8815274035653455e-09
219    4.856216738507219e-09
220    4.830752253689585e-09
221    4.805117838219909e-09
222    4.779299016306905e-09
223    4.753284435150137e-09
224    4.727066004415081e-09
225    4.700636645359994e-09
226    4.673990012513028e-09
227    4.6471219824889076e-09
228    4.620029985628019e-09
229    4.592712181626598e-09
230    4.565168885887697e-09
231    4.537401558106843e-09
232    4.50941273191045e-09
233    4.481207792907627e-09
234    4.452794150623872e-09
235    4.424180192945561e-09
236    4.398081375236853e-09
237    4.369342990189382e-09
238    4.340430519464593e-09
239    4.311354402701198e-09
240    4.2821250111549094e-09
241    4.252756787518891e-09
242    4.223267509974738e-09
243    4.193677819418524e-09
244    4.1640070525072554e-09
245    4.134273790511903e-09
246    4.104497473533929e-09
247    4.074697009412135e-09
248    4.0448900572492096e-09
249    4.01509341431103e-09
250    3.9853255234132465e-09
251    3.955606956151743e-09
252    3.925958776479291e-09
253    3.896403410326465e-09
254    3.866962792078332e-09
255    3.837660744338863e-09
256    3.8085217811414775e-09
257    3.7795659153479015e-09
258    3.750808266270161e-09
259    3.7222623549385675e-09
260    3.6939423849386446e-09
261    3.665863877849594e-09
262    3.638042112502049e-09
263    3.61049117390026e-09
264    3.58322447526162e-09
265    3.556264103928883e-09
266    3.5296376266143748e-09
267    3.5033626039026383e-09
268    3.4774442646530095e-09
269    3.4518864396844017e-09
270    3.4266967043953255e-09
271    3.4018889342613943e-09
272    3.37747569151498e-09
273    3.3534644692822392e-09
274    3.3298617310005337e-09
275    3.3066740465366413e-09
276    3.2839089728047493e-09
277    3.2615733820204537e-09
278    3.2396723370199457e-09
279    3.218207235898917e-09
280    3.197176818277863e-09
281    3.17657917614156e-09
282    3.1564127908222747e-09
283    3.1366759583276916e-09
284    3.11736584863958e-09
285    3.0984792287126736e-09
286    3.0800116959253506e-09
287    3.06196389429044e-09
288    3.0443409003386268e-09
289    3.0271425260175603e-09
290    3.0103593526058887e-09
291    2.99398070138089e-09
292    2.9781265460156907e-09
293    2.962501039800321e-09
294    2.94722780415773e-09
295    2.932295554870843e-09
296    2.917695160272132e-09
297    2.903417693196093e-09
298    2.8894520437061374e-09
299    2.8757858175770495e-09
300    2.8624080652661543e-09
301    2.8493096744459737e-09
302    2.8364796242656807e-09
303    2.823903401839008e-09
304    2.811565087868531e-09
305    2.799449618422323e-09
306    2.7875431159386457e-09
307    2.775836868029467e-09
308    2.764324729119042e-09
309    2.7529980385932973e-09
310    2.741843663401642e-09
311    2.7308471753604033e-09
312    2.719992123725953e-09
313    2.709260639289578e-09
314    2.698639518634958e-09
315    2.688120822194659e-09
316    2.6776963930963536e-09
317    2.6673520847943025e-09
318    2.657070897411467e-09
319    2.6468361009553145e-09
320    2.6366317921262576e-09
321    2.6264532128612634e-09
322    2.6163115177667213e-09
323    2.606222623109899e-09
324    2.596185816744633e-09
325    2.5861866273382546e-09
326    2.576205158573031e-09
327    2.5662223286760884e-09
328    2.556222964929533e-09
329    2.5461983768962537e-09
330    2.5361433672543107e-09
331    2.526060102034828e-09
332    2.5159538935010063e-09
333    2.505827754846891e-09
334    2.501806389127579e-09
335    2.491671466843634e-09
336    2.4814808807654384e-09
337    2.4712281651766787e-09
338    2.4609026420197445e-09
339    2.450493964565943e-09
340    2.4400042216920244e-09
341    2.429446747203312e-09
342    2.4188337433574956e-09
343    2.4081579632748673e-09
344    2.397401207407825e-09
345    2.3865459775409708e-09
346    2.375577681294859e-09
347    2.3645063323665452e-09
348    2.3533628259680117e-09
349    2.342175368401309e-09
350    2.3309594318625863e-09
351    2.3197360116699254e-09
352    2.308523563194872e-09
353    2.297314685117235e-09
354    2.2860902536717733e-09
355    2.2748421058393895e-09
356    2.263564507559288e-09
357    2.2522530175169107e-09
358    2.2409129417277294e-09
359    2.2295539461467545e-09
360    2.2181847928469587e-09
361    2.206814011588607e-09
362    2.195450093907275e-09
363    2.1841002472582367e-09
364    2.172770638602291e-09
365    2.161466679447366e-09
366    2.1501935380753915e-09
367    2.1389562642080168e-09
368    2.1277599270488454e-09
369    2.116610172123945e-09
370    2.105513230569911e-09
371    2.094474987060801e-09
372    2.083501366263435e-09
373    2.0725987986397677e-09
374    2.061773278794998e-09
375    2.051029610923377e-09
376    2.0403723310367285e-09
377    2.02980568593221e-09
378    2.0193332375653306e-09
379    2.008958544343161e-09
380    1.9986852023734533e-09
381    1.9885165867836777e-09
382    1.978455902952099e-09
383    1.9685064239366973e-09
384    1.958671256249331e-09
385    1.948953310357238e-09
386    1.9393553481268313e-09
387    1.9298799933738204e-09
388    1.920529729389553e-09
389    1.911306584248313e-09
390    1.902211631640429e-09
391    1.8932456727491623e-09
392    1.884409282016807e-09
393    1.8757024185569554e-09
394    1.867124920520857e-09
395    1.8586765882386444e-09
396    1.8503569287486908e-09
397    1.842164843522807e-09
398    1.8340991021700738e-09
399    1.8261584601244628e-09
400    1.8171660311059077e-09
401    1.8093964742134992e-09
402    1.80174668736354e-09
403    1.79421567235295e-09
404    1.7868020387478025e-09
405    1.7795043337885242e-09
406    1.7723211560129085e-09
407    1.765251043581419e-09
408    1.758291910751273e-09
409    1.7514412113510886e-09
410    1.744696437406938e-09
411    1.7380549459953367e-09
412    1.7315139512172504e-09
413    1.725070493698439e-09
414    1.718721241115725e-09
415    1.7124629020210888e-09
416    1.706292265466605e-09
417    1.7002061885176709e-09
418    1.694201669421949e-09
419    1.6882757648012715e-09
420    1.6824252394489604e-09
421    1.6766469905992847e-09
422    1.6709381064977079e-09
423    1.6652956386381344e-09
424    1.6597161321587982e-09
425    1.6541955978641512e-09
426    1.6487300043532993e-09
427    1.6433154259761346e-09
428    1.637948080522708e-09
429    1.63262434076453e-09
430    1.6273406844738872e-09
431    1.6220936848794557e-09
432    1.6168800013189557e-09
433    1.6116963915350516e-09
434    1.6065398073602672e-09
435    1.6014073398592878e-09
436    1.5962961551469367e-09
437    1.5912035479782084e-09
438    1.5861271698631303e-09
439    1.581064851556411e-09
440    1.5760144954627576e-09
441    1.5709740436389522e-09
442    1.5681310825943615e-09
443    1.5630203888163818e-09
444    1.5579100686051991e-09
445    1.5527988565096987e-09
446    1.547685796087951e-09
447    1.5425700685752487e-09
448    1.537450909845375e-09
449    1.532327564460033e-09
450    1.5271991769185257e-09
451    1.5220648488277535e-09
452    1.5169237036202822e-09
453    1.5117748882321367e-09
454    1.5066176714549942e-09
455    1.5014517727777346e-09
456    1.496277183845242e-09
457    1.4910939510552993e-09
458    1.4859021749695846e-09
459    1.4807023880918498e-09
460    1.47549528562634e-09
461    1.4702815489257311e-09
462    1.4650618457580475e-09
463    1.4598369663494792e-09
464    1.4546080383006362e-09
465    1.4493762373165494e-09
466    1.444142727019498e-09
467    1.4389086304763057e-09
468    1.4336749463772118e-09
469    1.4284426073884358e-09
470    1.42321252565607e-09
471    1.417985592964954e-09
472    1.4127627734223042e-09
473    1.4075454174964668e-09
474    1.4023347019454154e-09
475    1.3971316928269708e-09
476    1.3919374987243418e-09
477    1.386753435817106e-09
478    1.3815809550975142e-09
479    1.3764214752601054e-09
480    1.371276379284084e-09
481    1.3661470254324322e-09
482    1.361034859808863e-09
483    1.3559413653687835e-09
484    1.3508679749292683e-09
485    1.3458160789120525e-09
486    1.340787017315229e-09
487    1.3357820648296876e-09
488    1.3308024557343896e-09
489    1.325849388630703e-09
490    1.3209240268443804e-09
491    1.3160275539878864e-09
492    1.3111612209317159e-09
493    1.306326060299162e-09
494    1.3015230057565904e-09
495    1.2967529891345771e-09
496    1.292016946745311e-09
497    1.2873157935982643e-09
498    1.28265041202219e-09
499    1.2780216532796537e-09
500    1.2734303325788198e-09
501    1.268877080144094e-09
502    1.2643623284059938e-09
503    1.2603369644739407e-09
504    1.2558709166360114e-09
505    1.2514452316830628e-09
506    1.2470604148210334e-09
507    1.2427168934442868e-09
508    1.2384150406215257e-09
509    1.2341552473303973e-09
510    1.229937804891256e-09
511    1.2257628499428987e-09
512    1.2216304394514284e-09
513    1.2175405986483012e-09
514    1.2134933051140242e-09
515    1.2094883940666749e-09
516    1.2055254631885971e-09
517    1.2016039401780474e-09
518    1.197723252978776e-09
519    1.1938828302271936e-09
520    1.1900820279595758e-09
521    1.1863202081481184e-09
522    1.1825967022154527e-09
523    1.1789107055850023e-09
524    1.1752614003830115e-09
525    1.1716479842461975e-09
526    1.1680696696332315e-09
527    1.1645256666446869e-09
528    1.1610151780790137e-09
529    1.157537437043658e-09
530    1.15409166371024e-09
531    1.150676981964655e-09
532    1.1472926086836268e-09
533    1.143937878857896e-09
534    1.1406121666574407e-09
535    1.1373148251107516e-09
536    1.1340450626118014e-09
537    1.1308019375662012e-09
538    1.1275844383193831e-09
539    1.1243915663524925e-09
540    1.1212223353364852e-09
541    1.1180757631993424e-09
542    1.114950902596166e-09
543    1.1118467921973935e-09
544    1.108762436481387e-09
545    1.1056968540620826e-09
546    1.1026490833638503e-09
547    1.0996181824008114e-09
548    1.0966032608148008e-09
549    1.093603510471102e-09
550    1.0906181299531198e-09
551    1.0876463210888987e-09
552    1.0846872649329661e-09
553    1.0817401815631782e-09
554    1.078804362735778e-09
555    1.0758791328330186e-09
556    1.0729638648712267e-09
557    1.070057913763712e-09
558    1.0671605879744363e-09
559    1.0642711615482719e-09
560    1.0613889034831542e-09
561    1.0585130966243684e-09
562    1.0556431016802419e-09
563    1.0527783528668912e-09
564    1.0499183016548924e-09
565    1.0470625328663603e-09
566    1.0442107377955397e-09
567    1.0413626168317652e-09
568    1.038517876544422e-09
569    1.0356762304283694e-09
570    1.0328374237330099e-09
571    1.0300012352392855e-09
572    1.0271674309332452e-09
573    1.0243357951909846e-09
574    1.0215062232461384e-09
575    1.0186786396980573e-09
576    1.0158529409058182e-09
577    1.0130290196344308e-09
578    1.0102067809327343e-09
579    1.007386218108261e-09
580    1.0045674839948648e-09
581    1.0017508721883476e-09
582    9.989367121781724e-10
583    9.961253276741218e-10
584    9.933170495246101e-10
585    9.905122356807732e-10
586    9.87711224690661e-10
587    9.849143712558023e-10
588    9.821220929865984e-10
589    9.793348137057318e-10
590    9.765529484446546e-10
591    9.737769035645224e-10
592    9.710070759983258e-10
593    9.682438390964008e-10
594    9.654875486674284e-10
595    9.62738559314034e-10
596    9.599972323940223e-10
597    9.572639752710477e-10
598    9.545391635504251e-10
599    9.51823102093745e-10
