10    7.696960416503282e-07
11    9.201216967839435e-07
12    1.0772125502108757e-06
13    1.2424283012030266e-06
14    1.4134934123279787e-06
15    1.5896255197723368e-06
16    1.7713291709330386e-06
17    1.9586922792804166e-06
18    2.148265453497471e-06
19    2.347648239465768e-06
20    2.531783129554977e-06
21    2.7472140669520686e-06
22    2.948563441468415e-06
23    3.1508503541483886e-06
24    3.3545146694957828e-06
25    3.569345796605457e-06
26    3.7774836540224536e-06
27    3.984124227694418e-06
28    4.18272968800333e-06
29    4.391874331857045e-06
30    4.60101805018692e-06
31    4.809346690902871e-06
32    5.0011550798971306e-06
33    5.206643136514205e-06
34    5.409708565327414e-06
35    5.608178610929082e-06
36    5.829116675628227e-06
37    6.036959213403758e-06
38    6.243839427429256e-06
39    6.448914800004629e-06
40    6.651323180221107e-06
41    6.850549747957597e-06
42    7.046445077921784e-06
43    7.239246627800596e-06
44    7.429526901429334e-06
45    7.618071866847365e-06
46    7.805515268621648e-06
47    7.992308580945314e-06
48    8.178756292273172e-06
49    8.364957623626008e-06
50    8.61120266353196e-06
51    8.801403142855715e-06
52    8.987656976372798e-06
53    9.108874244862094e-06
54    9.294775286210953e-06
55    9.480546340600465e-06
56    9.666102045169742e-06
57    9.851069958190245e-06
58    1.003508835526324e-05
59    1.021782459785633e-05
60    1.0398841577003335e-05
61    1.0577654202670601e-05
62    1.075415557070502e-05
63    1.0927919167730465e-05
64    1.109881657910404e-05
65    1.1266861372545464e-05
66    1.1432296070721105e-05
67    1.1595561981345665e-05
68    1.1757114920226634e-05
69    1.1917497418256801e-05
70    1.2077296342910529e-05
71    1.2237090593278918e-05
72    1.2397322985485649e-05
73    1.2611037571249787e-05
74    1.2789097551871141e-05
75    1.2965222062504432e-05
76    1.3138818844360693e-05
77    1.321326538543765e-05
78    1.337894152392743e-05
79    1.3544772942142145e-05
80    1.3710385940655713e-05
81    1.3875375853162746e-05
82    1.4039334634446974e-05
83    1.420189321679096e-05
84    1.4362742728892663e-05
85    1.4521713400486018e-05
86    1.4678764060780568e-05
87    1.4833781123861765e-05
88    1.4986553849357078e-05
89    1.5137016679800271e-05
90    1.5285308723402582e-05
91    1.5431584287679663e-05
92    1.557602484518378e-05
93    1.571889309901137e-05
94    1.586052163896629e-05
95    1.60011853998753e-05
96    1.6141153213997614e-05
97    1.62806489242227e-05
98    1.6419884863709936e-05
99    1.649362352291409e-05
100    1.6638028186397066e-05
101    1.6783253986853266e-05
102    1.692911418534587e-05
103    1.7075469079151737e-05
104    1.7259171092024407e-05
105    1.740004658588942e-05
106    1.7541186177956837e-05
107    1.768255232892579e-05
108    1.78241021313343e-05
109    1.7965722207251195e-05
110    1.8107306776069413e-05
111    1.8248705426732608e-05
112    1.8389776330098673e-05
113    1.8530368734389228e-05
114    1.867028100397583e-05
115    1.8809294046628547e-05
116    1.89471989115057e-05
117    1.9083809051372274e-05
118    1.9218895254470994e-05
119    1.9352229686345996e-05
120    1.9483604234507172e-05
121    1.961291002439547e-05
122    1.9740149421458473e-05
123    1.986537043047576e-05
124    1.998862993408081e-05
125    2.0110024807785006e-05
126    2.0229765271520275e-05
127    2.0348112361793273e-05
128    2.0505951956574347e-05
129    2.0616043719715633e-05
130    2.0724024152084392e-05
131    2.0830233309125446e-05
132    2.0935035716664593e-05
133    2.103882226630164e-05
134    2.114196789744825e-05
135    2.1269660108396244e-05
136    2.1385032636299885e-05
137    2.150106460213484e-05
138    2.1617776260018995e-05
139    2.173511531697298e-05
140    2.1853026355801604e-05
141    2.1971447678917696e-05
142    2.2090292184176136e-05
143    2.2209448369600786e-05
144    2.232880173467538e-05
145    2.2448195812369868e-05
146    2.2567436068072225e-05
147    2.2686337823121446e-05
148    2.280472081812926e-05
149    2.2922409394962577e-05
150    2.3039244068070795e-05
151    2.3155127915292905e-05
152    2.3269959912201413e-05
153    2.338362228747885e-05
154    2.3496013546635134e-05
155    2.3607093748725914e-05
156    2.3716848130859388e-05
157    2.3825257781983134e-05
158    2.3932292902979073e-05
159    2.4037987099937464e-05
160    2.4142382759293234e-05
161    2.4245518185056224e-05
162    2.434746932050267e-05
163    2.4449264031109282e-05
164    2.4550776176500968e-05
165    2.4651383323497613e-05
166    2.47512044976199e-05
167    2.4850380844886068e-05
168    2.4949048795849842e-05
169    2.5199420364426103e-05
170    2.5301092232699157e-05
171    2.5400752139811598e-05
172    2.549844114715825e-05
173    2.559424039854756e-05
174    2.5688251169888055e-05
175    2.563276978816633e-05
176    2.5730443103490138e-05
177    2.5828421089291326e-05
178    2.5926778065856338e-05
179    2.6025526074055296e-05
180    2.6124646409901205e-05
181    2.622410643531896e-05
182    2.6323915044556062e-05
183    2.6424113051252238e-05
184    2.652474511473396e-05
185    2.6625789695590536e-05
186    2.6727152693716812e-05
187    2.682873157478539e-05
188    2.6930434261149977e-05
189    2.703218337981299e-05
190    2.7133908899798573e-05
191    2.7235546069793512e-05
192    2.7337018743446824e-05
193    2.7438247771060268e-05
194    2.753917165905783e-05
195    2.763972712208131e-05
196    2.7739848708147936e-05
197    2.7839465326602756e-05
198    2.7938467833807446e-05
199    2.8036745035495158e-05
200    2.8134209177178097e-05
201    2.823079488328146e-05
202    2.8326481139054667e-05
203    2.842126540452088e-05
204    2.851515099206463e-05
205    2.860815274602807e-05
206    2.8700307561417916e-05
207    2.8702268088375884e-05
208    2.880353693778878e-05
209    2.8905213518391704e-05
210    2.900723714416806e-05
211    2.91095526056105e-05
212    2.921209410034958e-05
213    2.9314799976070122e-05
214    2.9417622674007648e-05
215    2.9520512067498476e-05
216    2.9623393639094605e-05
217    2.972618454085991e-05
218    2.9828799980999528e-05
219    2.9931139141383533e-05
220    2.993850989363002e-05
221    3.0026391537375997e-05
222    3.011453845741426e-05
223    3.0203007363421903e-05
224    3.0291857811217737e-05
225    3.038113636384349e-05
226    3.047088073256367e-05
227    3.0561122052972256e-05
228    3.0651874252065315e-05
229    3.074316432003168e-05
230    3.08350202997169e-05
231    3.092741873018601e-05
232    3.102029216313796e-05
233    3.111357255348798e-05
234    3.1207193283781966e-05
235    3.130109160422199e-05
236    3.1395208757748975e-05
237    3.148948849198047e-05
238    3.158387594734745e-05
239    3.167831713383918e-05
240    3.1772745606304874e-05
241    3.186709490571275e-05
242    3.196130039947073e-05
243    3.205529669088145e-05
244    3.2149018638243265e-05
245    3.224241159388655e-05
246    3.2335444343184556e-05
247    3.242808632949971e-05
248    3.2520299747822646e-05
249    3.2612046608021735e-05
250    3.270329668329606e-05
251    3.271728582889612e-05
252    3.279440342748374e-05
253    3.2871989913514384e-05
254    3.295013262060813e-05
255    3.302891532012348e-05
256    3.31084328193262e-05
257    3.318878225470401e-05
258    3.3270059431379785e-05
259    3.335235339199421e-05
260    3.343573864559578e-05
261    3.36737688386121e-05
262    3.3759604460468935e-05
263    3.384523656274705e-05
264    3.393072560162484e-05
265    3.401611031999671e-05
266    3.410140447785105e-05
267    3.4186633546038935e-05
268    3.427183163410564e-05
269    3.435703508321536e-05
270    3.444228568562976e-05
271    3.45276293627307e-05
272    3.4613102142992756e-05
273    3.469873397454378e-05
274    3.4784548013624156e-05
275    3.487056447676202e-05
276    3.4956804106020154e-05
277    3.5043292742820934e-05
278    3.513005083269942e-05
279    3.521709372748476e-05
280    3.530443722105122e-05
281    3.539209721304662e-05
282    3.548007501878576e-05
283    3.556835503796363e-05
284    3.565692063494665e-05
285    3.574575450565259e-05
286    3.58348405399533e-05
287    3.592416815705116e-05
288    3.601372549030303e-05
289    3.6103485629735925e-05
290    3.6193422340523086e-05
291    3.628351251900166e-05
292    3.637372210193387e-05
293    3.646400135873397e-05
294    3.655430027778135e-05
295    3.664457161071613e-05
296    3.6734782897412255e-05
297    3.682491367079681e-05
298    3.691493850148521e-05
299    3.700482415892066e-05
300    3.709453809040584e-05
301    3.7184051359335304e-05
302    3.727334241247429e-05
303    3.736239957715426e-05
304    3.7451219044508976e-05
305    3.7539797000275585e-05
306    3.762812236792529e-05
307    3.771617958890589e-05
308    3.7803950026257495e-05
309    3.7891418898244854e-05
310    3.7978568313705776e-05
311    3.806569943837173e-05
312    3.815602884875262e-05
313    3.8246040946662544e-05
314    3.833574843532448e-05
315    3.842516847907995e-05
316    3.851431844715504e-05
317    3.8603216586601955e-05
318    3.869188560814877e-05
319    3.8780346825674454e-05
320    3.886861702669965e-05
321    3.895671152378159e-05
322    3.90446473619012e-05
323    3.9132444186889396e-05
324    3.9087131140500105e-05
325    3.91716532556495e-05
326    3.925656308936757e-05
327    3.934188344827808e-05
328    3.942763676070064e-05
329    3.951383971854827e-05
330    3.960050587909813e-05
331    3.9687648411834175e-05
332    3.9775271974237976e-05
333    3.986337697976725e-05
334    3.995196545903525e-05
335    4.004104096679424e-05
336    4.0130611829569196e-05
337    4.022068920293641e-05
338    4.031128422149616e-05
339    4.040240521280029e-05
340    4.0494047415053385e-05
341    4.058620279893907e-05
342    4.067885557653597e-05
343    4.077198948403593e-05
344    4.0865588675525226e-05
345    4.0959637761658885e-05
346    4.105412273186328e-05
347    4.114902405941613e-05
348    4.1244298411207115e-05
349    4.133990285151744e-05
350    4.143580994370775e-05
351    4.1531994793303233e-05
352    4.1628431448484004e-05
353    4.172509423196387e-05
354    4.1821957185208764e-05
355    4.19957519016526e-05
356    4.2087907634277434e-05
357    4.2180115301831924e-05
358    4.227235233804427e-05
359    4.23645956194936e-05
360    4.245681973259932e-05
361    4.2548998122633664e-05
362    4.264110390611575e-05
363    4.273311129632375e-05
364    4.28249961212415e-05
365    4.291673989002707e-05
366    4.300832675012391e-05
367    4.309974232641792e-05
368    4.319097178984803e-05
369    4.328200158859617e-05
370    4.337282624501048e-05
371    4.346344954420263e-05
372    4.355387596334705e-05
373    4.364411027846439e-05
374    4.373415808044664e-05
375    4.382402564102036e-05
376    4.3913721652193885e-05
377    4.4003255596197235e-05
378    4.409263700537289e-05
379    4.418187393861783e-05
380    4.427097411186107e-05
381    4.435995153466053e-05
382    4.444882434613576e-05
383    4.453761030839653e-05
384    4.4626327379020265e-05
385    4.471499662902153e-05
386    4.48036410222482e-05
387    4.48922828491279e-05
388    4.4980941527166425e-05
389    4.506963425745593e-05
390    4.5158377626025756e-05
391    4.524718568605897e-05
392    4.533607402820803e-05
393    4.542505670093998e-05
394    4.5514145248030825e-05
395    4.560334765059833e-05
396    4.569267239125855e-05
397    4.578212681096913e-05
398    4.58717156642679e-05
399    4.596144391068409e-05
400    4.605131727214375e-05
401    4.614134043205484e-05
402    4.623151714865993e-05
403    4.632184908488367e-05
404    4.641233761058562e-05
405    4.65029837226219e-05
406    4.6593787570977793e-05
407    4.6684750000647425e-05
408    4.677587399404448e-05
409    4.686716334744585e-05
410    4.695862295742638e-05
411    4.70502584031658e-05
412    4.714206765240557e-05
413    4.72340441843289e-05
414    4.732618207642373e-05
415    4.741847708363475e-05
416    4.7510921271165526e-05
417    4.7603499376668636e-05
418    4.769619533942799e-05
419    4.7788993497709045e-05
420    4.788187908700751e-05
421    4.797483601235626e-05
422    4.806784687649028e-05
423    4.816089788259438e-05
424    4.8219948282659726e-05
425    4.83130521047987e-05
426    4.840668888750691e-05
427    4.850084453422184e-05
428    4.859550476633929e-05
429    4.869065551724061e-05
430    4.8786282788417076e-05
431    4.888237263096613e-05
432    4.897891132229181e-05
433    4.9075885589221056e-05
434    4.917327711799823e-05
435    4.927106092539623e-05
436    4.9369211098420856e-05
437    4.946770083352585e-05
438    4.956650346108659e-05
439    4.966559270356453e-05
440    4.976494244179713e-05
441    4.986452525518631e-05
442    4.9964307290800876e-05
443    5.006425335691469e-05
444    5.016433124224551e-05
445    5.0264513841513344e-05
446    5.036477562747366e-05
447    5.0465091237193824e-05
448    5.056543543065241e-05
449    5.0665782200667495e-05
450    5.0766104502132596e-05
451    5.086637524867381e-05
452    5.096656757175386e-05
453    5.1066655353730703e-05
454    5.116661755937366e-05
455    5.1266435285985215e-05
456    5.136608748782443e-05
457    5.1465554083259684e-05
458    5.156481677626022e-05
459    5.1663858785365124e-05
460    5.176266398678852e-05
461    5.1861220912120076e-05
462    5.19595230664573e-05
463    5.205756613013754e-05
464    5.21553489806959e-05
465    5.225287077266559e-05
466    5.235013070218108e-05
467    5.244712803281229e-05
468    5.254386212368497e-05
469    5.264033279708435e-05
470    5.273654108755624e-05
471    5.283248608347892e-05
472    5.292816552780638e-05
473    5.302358062153289e-05
474    5.3118742999319874e-05
475    5.321366785666846e-05
476    5.3308370281230724e-05
477    5.340286570770438e-05
478    5.349717061251352e-05
479    5.35913022857905e-05
480    5.368527946361264e-05
481    5.377912090279055e-05
482    5.38728451245353e-05
483    5.396647088098372e-05
484    5.4060016816610476e-05
485    5.4153501412465884e-05
486    5.4246942982353615e-05
487    5.434035967244013e-05
488    5.44337693683279e-05
489    5.452718966758375e-05
490    5.4620637852968064e-05
491    5.471413166836903e-05
492    5.4807690102458955e-05
493    5.490133375483547e-05
494    5.499508319286042e-05
495    5.50889589051419e-05
496    5.518298052521591e-05
497    5.527716552058796e-05
498    5.537152841331908e-05
499    5.546607668229776e-05
500    5.556081643695166e-05
501    5.565575348435112e-05
502    5.57508933994924e-05
503    5.5846241516653546e-05
504    5.5941802924320854e-05
505    5.6037583483446244e-05
506    5.6133588865911775e-05
507    5.622982387663668e-05
508    5.6326293087165684e-05
509    5.642300098591916e-05
510    5.6519950628135555e-05
511    5.661714119607268e-05
512    5.671457051669857e-05
513    5.681223537258123e-05
514    5.691013272833501e-05
515    5.7008261177069176e-05
516    5.710662031528794e-05
517    5.720521038481351e-05
518    5.730403211797308e-05
519    5.7403085620453584e-05
520    5.750236685028877e-05
521    5.7601869591182976e-05
522    5.770158757957849e-05
523    5.7801514560734724e-05
524    5.790164431755531e-05
525    5.8001971239381694e-05
526    5.8102492473153736e-05
527    5.820320604535154e-05
528    5.8304110016487805e-05
529    5.840520185294481e-05
530    5.84814495357628e-05
531    5.858508688184458e-05
532    5.868877011226668e-05
533    5.879250695518462e-05
534    5.889630529009386e-05
535    5.900017292476896e-05
536    5.910411715222114e-05
537    5.920814467272211e-05
538    5.931226183222247e-05
539    5.941647196228817e-05
540    5.9520776748448526e-05
541    5.962517752170139e-05
542    5.972967472493304e-05
543    5.983426871445227e-05
544    5.9938960218765795e-05
545    6.004375016999049e-05
546    6.014863933275579e-05
547    6.0253628364826664e-05
548    6.0358717866866076e-05
549    6.046390852120368e-05
550    6.056920241173413e-05
551    6.067460293702485e-05
552    6.0780113629343244e-05
553    6.0885737409198066e-05
554    6.099147613242636e-05
555    6.109733173939755e-05
556    6.120330654008573e-05
557    6.130940249510657e-05
558    6.141562128289145e-05
559    6.152196436377008e-05
560    6.16284311134041e-05
561    6.173501936812625e-05
562    6.18417269081276e-05
563    6.194855185323281e-05
564    6.205549195140702e-05
565    6.216254468546876e-05
566    6.226970777803427e-05
567    6.237697935768046e-05
568    6.248435768613065e-05
569    6.259183983999258e-05
570    6.269942121708267e-05
571    6.280709693175343e-05
572    6.291486084366809e-05
573    6.302270573754358e-05
574    6.313062493855143e-05
575    6.323861414030494e-05
576    6.334666960438825e-05
577    6.345478745861953e-05
578    6.356296425326235e-05
579    6.367119687002811e-05
580    6.377948226711067e-05
581    6.388781743369352e-05
582    6.399619980025428e-05
583    6.410462902452467e-05
584    6.421310550320385e-05
585    6.43216291737757e-05
586    6.44301995705658e-05
587    6.453881655265932e-05
588    6.464748017286621e-05
589    6.475619057339488e-05
590    6.486494804579667e-05
591    6.497375273127919e-05
592    6.508260543499143e-05
593    6.519150745856155e-05
594    6.530045998408667e-05
595    6.540946247820892e-05
596    6.551851293161715e-05
597    6.562760913617511e-05
598    6.57367499873808e-05
599    6.584593474988735e-05
600    6.59551627701109e-05
601    6.60644333918372e-05
602    6.61737461179815e-05
603    6.628310047894091e-05
604    6.639249590561202e-05
605    6.650193212185947e-05
606    6.661141076722221e-05
607    6.672093392139775e-05
608    6.683050372641714e-05
609    6.694012226076567e-05
610    6.704979143800976e-05
611    6.715951302946133e-05
612    6.726928837945554e-05
613    6.73791185621455e-05
614    6.748900478882479e-05
615    6.759894954165642e-05
616    6.770895671473796e-05
617    6.781903024758453e-05
618    6.792917384797273e-05
619    6.803939125555912e-05
620    6.81496862904536e-05
621    6.826006272896527e-05
622    6.837052414614268e-05
623    6.848107380155413e-05
624    6.859171454754911e-05
625    6.870244901161824e-05
626    6.881327970771593e-05
627    6.892420913495846e-05
628    6.903523978063009e-05
629    6.914637406658563e-05
630    6.925761292162012e-05
631    6.936895579821772e-05
632    6.948040198760574e-05
633    6.959195065515802e-05
634    6.970360080546454e-05
635    6.981535139913358e-05
636    6.992720144633003e-05
637    7.0039150025136e-05
638    7.015119628004511e-05
639    7.026333960778422e-05
640    7.037557952468711e-05
641    7.048791527558577e-05
642    7.06003461191972e-05
643    7.071287228425235e-05
644    7.08254952966255e-05
645    7.093821651800282e-05
646    7.105103566059867e-05
647    7.116395127347472e-05
648    7.12769619003629e-05
649    7.139006607356656e-05
650    7.150326256835453e-05
651    7.16165510467054e-05
652    7.172993143539015e-05
653    7.184340375769299e-05
654    7.195696782362952e-05
655    7.207062228272549e-05
656    7.218436518659097e-05
657    7.229819446748986e-05
658    7.241210801075305e-05
659    7.252610390796295e-05
660    7.264018040014636e-05
661    7.275433560587033e-05
662    7.28685672598091e-05
663    7.298287297154386e-05
664    7.309725034791234e-05
665    7.321169682870512e-05
666    7.332620984389169e-05
667    7.344078689511927e-05
668    7.355542558990972e-05
669    7.367012379652131e-05
670    7.378487946015974e-05
671    7.389969055247258e-05
672    7.401455550820558e-05
673    7.412947294533145e-05
674    7.42444413478981e-05
675    7.435945916255116e-05
676    7.447452507865507e-05
677    7.458963814296271e-05
678    7.470479732125113e-05
679    7.4820001636199e-05
680    7.493525063673827e-05
681    7.505054535453629e-05
682    7.516588844351037e-05
683    7.52812826699804e-05
684    7.539673059171525e-05
685    7.551223459400551e-05
686    7.56277968958376e-05
687    7.574341973045763e-05
688    7.585910531763994e-05
689    7.597485586986274e-05
690    7.60906735902882e-05
691    7.620656053759218e-05
692    7.632251793485942e-05
693    7.643854673871352e-05
694    7.655464784349485e-05
695    7.667082174036499e-05
696    7.678706765626386e-05
697    7.690338443758851e-05
698    7.701977114041585e-05
699    7.713622755330255e-05
700    7.725275353450607e-05
701    7.736934896724586e-05
702    7.748601373511196e-05
703    7.760274758921718e-05
704    7.771955031746893e-05
705    7.783642197160251e-05
706    7.795336271796641e-05
707    7.807037296588989e-05
708    7.818745352927086e-05
709    7.830460528099643e-05
710    7.84218290922564e-05
711    7.853912585789868e-05
712    7.865649631826952e-05
713    7.877394109910346e-05
714    7.889146083311046e-05
715    7.900905616703293e-05
716    7.91267277703677e-05
717    7.924447630874661e-05
718    7.936230238731438e-05
719    7.948020642481468e-05
720    7.959818865390805e-05
721    7.971624930109287e-05
722    7.984279119568704e-05
723    7.996994949028703e-05
724    8.009721765944746e-05
725    8.022459636193009e-05
726    8.035208630180402e-05
727    8.047968839945444e-05
728    8.060740358156388e-05
729    8.073523276422996e-05
730    8.086317686596513e-05
731    8.099123656187512e-05
732    8.111941188592518e-05
733    8.124770287806444e-05
734    8.13761096819987e-05
735    8.150463252123438e-05
736    8.163327122549882e-05
737    8.176202440057201e-05
738    8.189089019289581e-05
739    8.201986676741248e-05
740    8.214895235602613e-05
741    8.227814516629823e-05
742    8.240744327666769e-05
743    8.253684480302987e-05
744    8.266634787302841e-05
745    8.279595056891351e-05
746    8.292565098647506e-05
747    8.305544728969565e-05
748    8.341759334895929e-05
749    8.3546455869059e-05
750    8.367545487363275e-05
751    8.38045860672934e-05
752    8.39338451584837e-05
753    8.406322787977206e-05
754    8.419273004628025e-05
755    8.43223475604325e-05
756    8.445207634855965e-05
757    8.458191266807911e-05
758    8.471185367004543e-05
759    8.484189678886137e-05
760    8.497203950761236e-05
761    8.51022793216435e-05
762    8.523261373849432e-05
763    8.536304020030722e-05
764    8.549355595799831e-05
765    8.562415824256255e-05
766    8.575484433892575e-05
767    8.588561165222864e-05
768    8.601645764687791e-05
769    8.614737994484231e-05
770    8.627837629345457e-05
771    8.64094450753865e-05
772    8.65405849920047e-05
773    8.667179475092501e-05
774    8.680307309936158e-05
775    8.693441888417217e-05
776    8.706583102058848e-05
777    8.71973084491292e-05
778    8.732885011158101e-05
779    8.746045495004174e-05
780    8.759212190821278e-05
781    8.772384993152817e-05
782    8.785563796710874e-05
783    8.79874849575146e-05
784    8.811938982650254e-05
785    8.825135150448737e-05
786    8.838336891379208e-05
787    8.851544093410703e-05
788    8.864756669733779e-05
789    8.877974544058038e-05
790    8.891197643148362e-05
791    8.904425898043281e-05
792    8.917659240173521e-05
793    8.930897601015635e-05
794    8.94414091168365e-05
795    8.957389103059572e-05
796    8.970642106123801e-05
797    8.98389985182802e-05
798    8.997162265978136e-05
799    9.01042933648008e-05
800    9.023701147557232e-05
801    9.036977784065486e-05
802    9.050259295427536e-05
803    9.063545721176258e-05
804    9.076837100657858e-05
805    9.090133473222817e-05
806    9.103434895552813e-05
807    9.116741526792633e-05
808    9.130053567962855e-05
809    9.143371219384463e-05
810    9.15669468053186e-05
811    9.170024150024707e-05
812    9.18335982510353e-05
813    9.196701890019447e-05
814    9.21005051110364e-05
815    9.223405852658662e-05
816    9.236768078237769e-05
817    9.250137352123632e-05
818    9.263513872307403e-05
819    9.276897848113857e-05
820    9.290289447107421e-05
821    9.303688833942578e-05
822    9.317096174114998e-05
823    9.330511633130069e-05
824    9.343935375746127e-05
825    9.357367565971684e-05
826    9.370808367067226e-05
827    9.384257941044814e-05
828    9.397716441117975e-05
829    9.41118401331185e-05
830    9.424660803547069e-05
831    9.438146973214704e-05
832    9.451642697920014e-05
833    9.46514813118857e-05
834    9.478663339157908e-05
835    9.492188367435211e-05
836    9.505723261942761e-05
837    9.519268069909799e-05
838    9.53282283693155e-05
839    9.546387602124922e-05
840    9.559962400127385e-05
841    9.573547265298122e-05
842    9.587142231811505e-05
843    9.600747333653204e-05
844    9.61436260461697e-05
845    9.627988078301361e-05
846    9.641623788107038e-05
847    9.655269767245374e-05
848    9.668926048995356e-05
849    9.682592666717002e-05
850    9.696269655933228e-05
851    9.709957083716663e-05
852    9.723655057275617e-05
853    9.737363688238264e-05
854    9.751083075078879e-05
855    9.764813314880035e-05
856    9.778554504284266e-05
857    9.792306739438168e-05
858    9.803881125422684e-05
859    9.817908242989215e-05
860    9.831944203404853e-05
861    9.845988993356755e-05
862    9.860042616125215e-05
863    9.874105077562701e-05
864    9.888176376589439e-05
865    9.902256510580243e-05
866    9.916345474714903e-05
867    9.930443260736365e-05
868    9.94454986037628e-05
869    9.958665265632545e-05
870    9.972789468524943e-05
871    9.986922461169444e-05
872    0.00010001064236105726
873    0.00010015214783947039
874    0.00010029374084927613
875    0.00010043542143704189
876    0.00010057718977703665
877    0.00010071904604421211
878    0.00010086099046412572
879    0.00010100302335889617
880    0.00010114514516535594
881    0.00010128735635005417
882    0.00010142965741057165
883    0.00010157204883293419
884    0.0001017145307893367
885    0.00010185710340274414
886    0.00010199976685819379
887    0.00010214252141740301
888    0.0001022853673459924
889    0.0001024283049197626
890    0.0001025713344461141
891    0.0001027144562438335
892    0.00010285767060544492
893    0.00010300097788856728
894    0.00010314437835773985
895    0.00010328787197190232
896    0.00010343145869967295
897    0.00010357513856318878
898    0.00010371891147248595
899    0.00010386277722235921
900    0.00010400673562352635
901    0.0001041507865087285
902    0.00010429492971631957
903    0.00010443916510905827
904    0.00010458349256338377
905    0.00010472791194232172
906    0.00010487242309351668
907    0.00010501702586435122
908    0.0001051617201056028
909    0.00010530650567482153
910    0.0001054513824562138
911    0.0001055963503537497
912    0.00010574140926482905
913    0.00010588655910751007
914    0.00010603179987619878
915    0.00010617713139441274
916    0.00010632255339883079
917    0.00010646806564343489
918    0.00010661366799434485
919    0.00010675936053669674
920    0.00010690514342583021
921    0.00010705101680088843
922    0.00010719698072951845
923    0.00010734303525824057
924    0.0001074891805046465
925    0.00010763541682485434
926    0.00010778174452102054
927    0.00010792816364288639
928    0.0001080746742020812
929    0.00010822127621069976
930    0.0001083679696804392
931    0.00010851475460921504
932    0.00010866163090302879
933    0.00010880859841578966
934    0.00010895565701630524
935    0.00010910280658412114
936    0.00010925004699804647
937    0.00010939737813632338
938    0.00010954479987487594
939    0.00010969231207238353
940    0.00010983991458143385
941    0.00010998760725495547
942    0.00011013538994623562
943    0.0001102832625089232
944    0.00011043122480460425
945    0.00011057927681024181
946    0.00011072741843868335
947    0.00011087564946432735
948    0.00011102396964750679
949    0.00011117237873609239
950    0.00011132087642649865
951    0.00011146946246145478
952    0.00011161813665649096
953    0.00011176689883267567
954    0.00011191574878248761
955    0.0001120646862929189
956    0.00011221371122075515
957    0.00011236282343202239
958    0.00011251202273552609
959    0.00011266130882716439
960    0.00011281068139085109
961    0.0001129601401166936
962    0.00011310968468894292
963    0.00011325931479202831
964    0.00011340903012800352
965    0.0001135588303864066
966    0.0001137087152117344
967    0.00011385868431714496
968    0.00011400873753239046
969    0.00011416397208562468
970    0.00011432480692542767
971    0.00011448575183684355
972    0.0001146468068596634
973    0.00011480797203338861
974    0.00011496924738257324
975    0.00011513063292702297
976    0.00011529212870402531
977    0.00011545373477544898
978    0.00011561545120631154
979    0.00011577727806163047
980    0.00011593921540604366
981    0.00011610126330380995
982    0.00011626342182574013
983    0.0001164256911171447
984    0.0001165880714554625
985    0.00011675056314013196
986    0.0001169131664679309
987    0.00011707588173282151
988    0.00011723870920145713
989    0.00011740164913835289
990    0.00011756470184846528
991    0.00011772786763941617
992    0.00011789114677462552
993    0.00011805453938047318
994    0.00011821804542430605
995    0.00011838166484023039
996    0.00011854539756509356
997    0.00011870924354828552
998    0.00011887320274264823
999    0.00011903727507647299
