10    1.5979144269633259e-09
11    1.3260113500173175e-09
12    1.1113589916503418e-09
13    9.422110532007015e-10
14    8.046100058351105e-10
15    6.935288906227158e-10
16    6.020407925262656e-10
17    5.259198229337586e-10
18    4.6205529499003525e-10
19    4.082279460320587e-10
20    3.60535103256355e-10
21    3.2305199139668894e-10
22    2.891437354479423e-10
23    2.5983890400837354e-10
24    2.342148428524305e-10
25    2.1179580184729186e-10
26    1.925519869746269e-10
27    1.7467002697569867e-10
28    1.5940752670236966e-10
29    1.4574095054038598e-10
30    1.3359089647232882e-10
31    1.227084405973274e-10
32    1.1291078754700519e-10
33    1.0413524869699418e-10
34    9.61999656892689e-11
35    8.90326547817232e-11
36    8.25158870453455e-11
37    7.666505259323046e-11
38    7.141261781823762e-11
39    6.644222966200108e-11
40    6.198753817377569e-11
41    5.79077100340341e-11
42    5.41651083068118e-11
43    5.072636355214248e-11
44    4.756262909057304e-11
45    4.464875306084495e-11
46    4.19968492240896e-11
47    3.950723503823585e-11
48    3.718840917212623e-11
49    3.5067072081866244e-11
50    3.308778980915238e-11
51    3.1435799463300354e-11
52    2.950989711518387e-11
53    2.7934768880613485e-11
54    2.648975824853835e-11
55    2.5116541230402093e-11
56    2.3835281715875317e-11
57    2.2638083914536935e-11
58    2.151776828484607e-11
59    2.0467778951631194e-11
60    1.948225098323566e-11
61    1.8555904368165614e-11
62    1.7684141363219162e-11
63    1.6863077351539708e-11
64    1.608925875212581e-11
65    1.5359741454406624e-11
66    1.467194054399167e-11
67    1.4023380776123624e-11
68    1.3411679179826716e-11
69    1.2832475390893307e-11
70    1.2282211746693947e-11
71    1.1775738457056294e-11
72    1.12897385556673e-11
73    1.0830026028790383e-11
74    1.0429742082720659e-11
75    1.002420369991109e-11
76    9.590499355275333e-12
77    9.218536291220368e-12
78    8.864832421701878e-12
79    8.528191069362272e-12
80    8.207539066107036e-12
81    7.90192363462493e-12
82    7.610543199111101e-12
83    7.332760584725274e-12
84    7.067657142753901e-12
85    6.814585668093667e-12
86    6.572989634197452e-12
87    6.342322994843829e-12
88    6.122005066295825e-12
89    5.911502248629426e-12
90    5.724348242248326e-12
91    5.530593145366604e-12
92    5.334253927891323e-12
93    5.158423640434495e-12
94    4.990176706038343e-12
95    4.829106438603406e-12
96    4.67482497423119e-12
97    4.5269556939726175e-12
98    4.385140130975567e-12
99    4.2490341042788725e-12
100    4.097120557222766e-12
101    3.972397600895529e-12
102    3.8528231647663835e-12
103    3.747542084866884e-12
104    3.6357523399587163e-12
105    3.5284154692080784e-12
106    3.42530546327588e-12
107    3.3262088956815223e-12
108    3.2309243558515466e-12
109    3.139250333341101e-12
110    3.0509997123426552e-12
111    2.9659900717012716e-12
112    2.884052420308324e-12
113    2.80502739318778e-12
114    2.7287585292777182e-12
115    2.655097487526715e-12
116    2.583907411104618e-12
117    2.5150635281869185e-12
118    2.4484436733561467e-12
119    2.3839340134142452e-12
120    2.3214305829274155e-12
121    2.2608475000781235e-12
122    2.202115970294262e-12
123    2.1451749141116498e-12
124    2.0899662182897397e-12
125    2.0364376847429957e-12
126    1.984549548872122e-12
127    1.93426681511269e-12
128    1.885552828712208e-12
129    1.841445358061794e-12
130    1.7949999006980529e-12
131    1.7499406338216196e-12
132    1.7062481632924775e-12
133    1.6639036758023916e-12
134    1.6238712477277394e-12
135    1.5850203089116772e-12
136    1.5474285360380754e-12
137    1.511055068777598e-12
138    1.4758522421476868e-12
139    1.4417697587228268e-12
140    1.4087597276697787e-12
141    1.3767763403878065e-12
142    1.3457746136104808e-12
143    1.3157105217901791e-12
144    1.2865422822419059e-12
145    1.258228044843654e-12
146    1.2307262814605308e-12
147    1.2039984551218487e-12
148    1.1780085085718747e-12
149    1.1527226981796817e-12
150    1.1281099971052699e-12
151    1.1041440820745051e-12
152    1.080799742781774e-12
153    1.0580522597080906e-12
154    1.0358788857383908e-12
155    1.0142606269220078e-12
156    9.931803218155752e-13
157    9.726212740275426e-13
158    9.525669778417622e-13
159    9.330040283934035e-13
160    9.139197207884144e-13
161    8.953015252918814e-13
162    8.771386022796649e-13
163    8.594537695568551e-13
164    8.422272281433452e-13
165    8.254235689963679e-13
166    8.090341521238042e-13
167    7.930511116443055e-13
168    7.77466446075918e-13
169    7.622713848499103e-13
170    7.520883152115333e-13
171    7.375935276337418e-13
172    7.234094297379669e-13
173    7.095306767915435e-13
174    6.959524692692135e-13
175    6.787560898536202e-13
176    6.660319023010577e-13
177    6.536284632635524e-13
178    6.415376051768359e-13
179    6.297498604028837e-13
180    6.182553685829379e-13
181    6.07044331735504e-13
182    5.961082880965889e-13
183    5.854397791773573e-13
184    5.750316532306959e-13
185    5.648755630394021e-13
186    5.549619766670419e-13
187    5.452816259830403e-13
188    5.358258786416297e-13
189    5.265867773652257e-13
190    5.175568503066562e-13
191    5.087290412395967e-13
192    5.000963792094194e-13
193    4.916521364514209e-13
194    4.833901823093496e-13
195    4.753046035953972e-13
196    4.673896899485842e-13
197    4.596398691640087e-13
198    4.520491813922408e-13
199    4.4461190076742913e-13
200    4.373229217907439e-13
201    4.301776947327616e-13
202    4.231725104721539e-13
203    4.163040487006655e-13
204    4.0956916591171947e-13
205    4.0296496429895574e-13
206    3.964889189692991e-13
207    3.8892735562958514e-13
208    3.8286548184674067e-13
209    3.7693342886307073e-13
210    3.7112695680746123e-13
211    3.6544206246363665e-13
212    3.5987476748295275e-13
213    3.5442130202359454e-13
214    3.490782111101275e-13
215    3.438421387156414e-13
216    3.3870957555884773e-13
217    3.3367705954750065e-13
218    3.2874124845134077e-13
219    3.23898763144312e-13
220    3.181411940888921e-13
221    3.1335186379421367e-13
222    3.086598718394524e-13
223    3.0406333937448874e-13
224    2.9956044824648433e-13
225    2.9514928437206564e-13
226    2.9082788814641547e-13
227    2.865942824724417e-13
228    2.824463791326555e-13
229    2.7838226540922306e-13
230    2.7440008522359105e-13
231    2.704975773810946e-13
232    2.666721774776037e-13
233    2.629214139345303e-13
234    2.592429211826816e-13
235    2.5563445469093634e-13
236    2.5209388563313435e-13
237    2.486191830469961e-13
238    2.452084004056193e-13
239    2.4185966778187976e-13
240    2.385710884698317e-13
241    2.3534083592414794e-13
242    2.3216716429657756e-13
243    2.290483861249714e-13
244    2.259828773845437e-13
245    2.229691456854173e-13
246    2.2000591010259696e-13
247    2.1709193388363345e-13
248    2.1422597059284098e-13
249    2.1140681235296363e-13
250    2.0863333920017705e-13
251    2.0542267425233175e-13
252    2.0266429677581075e-13
253    1.9995724961885274e-13
254    1.973008734508047e-13
255    1.9469448744395886e-13
256    1.921374762011669e-13
257    1.8962923554475242e-13
258    1.8716915153738753e-13
259    1.8475657160721588e-13
260    1.8239076559152751e-13
261    1.8089550025983073e-13
262    1.7860882156959313e-13
263    1.7635908556462943e-13
264    1.7414587048043136e-13
265    1.7196864339392154e-13
266    1.6982675253175182e-13
267    1.6771961661068258e-13
268    1.6564670545161955e-13
269    1.636075062697416e-13
270    1.6160153799316592e-13
271    1.596283432949402e-13
272    1.5768742339869765e-13
273    1.5577825859376439e-13
274    1.5390030705673703e-13
275    1.5205302373386068e-13
276    1.502358759918069e-13
277    1.4844836263593275e-13
278    1.4668996835717106e-13
279    1.449601664516839e-13
280    1.432584425870028e-13
281    1.4158429309699305e-13
282    1.3993716678966251e-13
283    1.383164597011368e-13
284    1.367215802335072e-13
285    1.351519503162005e-13
286    1.3360701203038274e-13
287    1.320862427571354e-13
288    1.3058912860593444e-13
289    1.2911511514152883e-13
290    1.2766366612048033e-13
291    1.2623427136904771e-13
292    1.2482639720465992e-13
293    1.2343947260936458e-13
294    1.2207294368537612e-13
295    1.207262831344786e-13
296    1.193990281385242e-13
297    1.1809076762921585e-13
298    1.1680108565177626e-13
299    1.1552955322051915e-13
300    1.142757557043146e-13
301    1.1303930123098777e-13
302    1.118198308939077e-13
303    1.1061702435730226e-13
304    1.0943059177469027e-13
305    1.0826024939276631e-13
306    1.071056987457941e-13
307    1.0596663565859141e-13
308    1.0484275476629019e-13
309    1.037337688394435e-13
310    1.0263938906809316e-13
311    1.015601849575993e-13
312    1.0050436880025699e-13
313    9.946222023218326e-14
314    9.843355671504989e-14
315    9.741820937640131e-14
316    9.641601162214452e-14
317    9.542680076863924e-14
318    9.445042666106621e-14
319    9.348673687044414e-14
320    9.253556947586165e-14
321    9.159676092148352e-14
322    9.067015367187963e-14
323    8.97555979419799e-14
324    8.855165625904576e-14
325    8.765760780354338e-14
326    8.677631508409831e-14
327    8.590760067993518e-14
328    8.505128872494032e-14
329    8.42071935140017e-14
330    8.337512569115743e-14
331    8.255489831147282e-14
332    8.174631013306219e-14
333    8.094915526867331e-14
334    8.016323536952508e-14
335    7.938835914582201e-14
336    7.86243484566971e-14
337    7.787103391105639e-14
338    7.71282490245003e-14
339    7.639582489670753e-14
340    7.567357125097341e-14
341    7.496129593745346e-14
342    7.425879698201251e-14
343    7.356587643676238e-14
344    7.288234189223193e-14
345    7.220800637352912e-14
346    7.154268977711268e-14
347    7.088620673633605e-14
348    7.02383359047835e-14
349    6.959886289128473e-14
350    6.896760517189936e-14
351    6.83443891275448e-14
352    6.772904381902448e-14
353    6.712140310483983e-14
354    6.652130461160702e-14
355    6.604931142522449e-14
356    6.545465567431621e-14
357    6.486716417743746e-14
358    6.428669518946905e-14
359    6.371310956925905e-14
360    6.314626815607627e-14
361    6.2586033556453e-14
362    6.203227132479404e-14
363    6.148485194736746e-14
364    6.094365140190095e-14
365    6.040855666997105e-14
366    5.987946098551314e-14
367    5.935626197077545e-14
368    5.883885883618674e-14
369    5.832715469222274e-14
370    5.7821065464114e-14
371    5.73205208323471e-14
372    5.6825452363951014e-14
373    5.6335792941880026e-14
374    5.585147739011096e-14
375    5.537244223642832e-14
376    5.489862783045323e-14
377    5.4429976157969364e-14
378    5.396642987821995e-14
379    5.350793047142132e-14
380    5.3054419682844365e-14
381    5.260584740789261e-14
382    5.216216875658464e-14
383    5.172333857107045e-14
384    5.128931211543032e-14
385    5.0860048391139086e-14
386    5.0435508588444e-14
387    5.001565312989685e-14
388    4.9600439297899697e-14
389    4.9189822126120624e-14
390    4.878375626096156e-14
391    4.8382193949283496e-14
392    4.798508948742899e-14
393    4.759239591187531e-14
394    4.720406408415665e-14
395    4.6820041734826447e-14
396    4.644027777377282e-14
397    4.6064720602585814e-14
398    4.569331672480841e-14
399    4.532601361786297e-14
400    4.4962760254765633e-14
401    4.4603505314305895e-14
402    4.4248197328372045e-14
403    4.389678360487537e-14
404    4.35492120038615e-14
405    4.320543086181386e-14
406    4.286538855772733e-14
407    4.252903494076032e-14
408    4.2196322584854097e-14
409    4.186720549794706e-14
410    4.154163932805083e-14
411    4.1219580939244325e-14
412    4.090098117718036e-14
413    4.0585787861927596e-14
414    4.027395028599416e-14
415    3.996542007910441e-14
416    3.9660146640961606e-14
417    3.935807426334784e-14
418    3.905914774513772e-14
419    3.876331336787305e-14
420    3.847051925397133e-14
421    3.818071353399415e-14
422    3.789384439449708e-14
423    3.760986393012615e-14
424    3.730240233937912e-14
425    3.702431660148546e-14
426    3.674938400976591e-14
427    3.64775488666814e-14
428    3.6208756492391756e-14
429    3.5942953495923966e-14
430    3.5680087637194794e-14
431    3.542010778657842e-14
432    3.516296402603317e-14
433    3.4908607776882745e-14
434    3.465698789311344e-14
435    3.440804966460051e-14
436    3.4161738976422335e-14
437    3.391800233579325e-14
438    3.367678756666725e-14
439    3.343804395031396e-14
440    3.3201722029155497e-14
441    3.296777260952356e-14
442    3.273614341216245e-14
443    3.250678254212503e-14
444    3.2279641276748155e-14
445    3.205467530489982e-14
446    3.1831842324070356e-14
447    3.161110108654814e-14
448    3.139241134686711e-14
449    3.117573328911367e-14
450    3.0961027361655074e-14
451    3.074825488658166e-14
452    3.053737819497284e-14
453    3.0328360917153594e-14
454    3.012117049308551e-14
455    2.9915776301023355e-14
456    2.971214711428796e-14
457    2.951025292274897e-14
458    2.931006536072928e-14
459    2.9111557496124833e-14
460    2.891470330195786e-14
461    2.871947984259688e-14
462    2.852586732616626e-14
463    2.8333847455591923e-14
464    2.8143403923478252e-14
465    2.7954520771400918e-14
466    2.7767182255827318e-14
467    2.758137285805502e-14
468    2.7397077294721644e-14
469    2.7214280703165655e-14
470    2.7032969012788506e-14
471    2.6853127311216566e-14
472    2.667474018715668e-14
473    2.6497794156905498e-14
474    2.632228104535369e-14
475    2.614819439053793e-14
476    2.5975527585853456e-14
477    2.5804274106544796e-14
478    2.5634427839902965e-14
479    2.5465982960486053e-14
480    2.5298934216642633e-14
481    2.513327624105929e-14
482    2.4969003436821745e-14
483    2.480611020148326e-14
484    2.464459077322602e-14
485    2.4484439212496623e-14
486    2.4325649407970846e-14
487    2.4168215083901102e-14
488    2.4012129766428618e-14
489    2.385738678032032e-14
490    2.3703979246333688e-14
491    2.3551900424404393e-14
492    2.3401144043627273e-14
493    2.3251704439329902e-14
494    2.3103575839075216e-14
495    2.2956752348072318e-14
496    2.2811227633702273e-14
497    2.2666994406085448e-14
498    2.252404414013423e-14
499    2.2382365472577534e-14
500    2.224194658820046e-14
501    2.2102775664836747e-14
502    2.196484090479872e-14
503    2.182813053400585e-14
504    2.169263280255915e-14
505    2.155833637899636e-14
506    2.1425229970287662e-14
507    2.1293302066904835e-14
508    2.116254119263619e-14
509    2.1032935962677468e-14
510    2.0904474584107892e-14
511    2.0777143979798844e-14
512    2.0650930758665325e-14
513    2.0525821344310693e-14
514    2.040180242616009e-14
515    2.02788614680763e-14
516    2.0156986462076612e-14
517    2.0036165786485322e-14
518    1.9916388140964123e-14
519    1.9797642152417333e-14
520    1.9679915176125513e-14
521    1.9563194018003955e-14
522    1.9447465676466165e-14
523    1.9332717358092498e-14
524    1.9218936483451697e-14
525    1.9106110870427725e-14
526    1.899422942640246e-14
527    1.8883281501587447e-14
528    1.8773256603443557e-14
529    1.8664144193211736e-14
530    1.854799551951904e-14
531    1.8441422025458407e-14
532    1.8335677466893432e-14
533    1.8230756153298432e-14
534    1.812665246382147e-14
535    1.8023360777784884e-14
536    1.7920875341556487e-14
537    1.7819190251231957e-14
538    1.7718299530699168e-14
539    1.7618196346887006e-14
540    1.751887344551279e-14
541    1.742032354565821e-14
542    1.732253918790824e-14
543    1.7225512973574112e-14
544    1.7129237695574525e-14
545    1.703370628558103e-14
546    1.693891170635151e-14
547    1.684484696939952e-14
548    1.6751505148877514e-14
549    1.6658879419366508e-14
550    1.6566963415066893e-14
551    1.64757511913544e-14
552    1.638523689280341e-14
553    1.6295414551895274e-14
554    1.6206277974110887e-14
555    1.6117821050700696e-14
556    1.603003783181903e-14
557    1.5942922335393753e-14
558    1.585646856707733e-14
559    1.5770670538584097e-14
560    1.568552179388113e-14
561    1.560101556509825e-14
562    1.5517145157404634e-14
563    1.5433904046809196e-14
564    1.5351285699872584e-14
565    1.526928360194991e-14
566    1.5187891381390945e-14
567    1.510710284645658e-14
568    1.5026911915046383e-14
569    1.494731229763544e-14
570    1.4868297389007168e-14
571    1.4789860609472133e-14
572    1.4711995178612683e-14
573    1.4634694165741964e-14
574    1.4557950869447594e-14
575    1.4481759230127712e-14
576    1.440611340011591e-14
577    1.4331007579439128e-14
578    1.4256436140414507e-14
579    1.4182393602924491e-14
580    1.4108874574360369e-14
581    1.4035873737992067e-14
582    1.396338594123203e-14
583    1.3891406578352494e-14
584    1.3819931252770703e-14
585    1.3748955514876969e-14
586    1.3678474876737939e-14
587    1.3608484967903943e-14
588    1.3538981505018648e-14
589    1.3469960268166819e-14
590    1.3401417112083978e-14
591    1.3333347903087985e-14
592    1.3265748685589152e-14
593    1.3198615643122515e-14
594    1.313194497066374e-14
595    1.3065732556274628e-14
596    1.2999974039706155e-14
597    1.2934665073322637e-14
598    1.2869801577680466e-14
599    1.280537959076952e-14
600    1.2741395209509279e-14
601    1.26778445724786e-14
602    1.2614723890234422e-14
603    1.2552029418851873e-14
604    1.2489757435361836e-14
605    1.2427904311219556e-14
606    1.2366466811264568e-14
607    1.2305441809450172e-14
608    1.2244826216694519e-14
609    1.2184616957378533e-14
610    1.2124810951184754e-14
611    1.2065405117929838e-14
612    1.200639632735262e-14
613    1.194778142915751e-14
614    1.1889557326052062e-14
615    1.1831721171100022e-14
616    1.1774270384771089e-14
617    1.1717202410749713e-14
618    1.1660514668072224e-14
619    1.1604204597336892e-14
620    1.1548269668706282e-14
621    1.1492707360497194e-14
622    1.1437515133029662e-14
623    1.1382690410667683e-14
624    1.1328230568273725e-14
625    1.127413296318207e-14
626    1.1220394954394023e-14
627    1.1167013919007518e-14
628    1.1113987252618868e-14
629    1.1061312360650436e-14
630    1.1008986431591258e-14
631    1.0957006446978334e-14
632    1.0905369394878295e-14
633    1.085407227581386e-14
634    1.0803112097567794e-14
635    1.075248589355082e-14
636    1.0702190736919665e-14
637    1.0652223742724599e-14
638    1.0602582066961121e-14
639    1.0553262933779162e-14
640    1.050426361413025e-14
641    1.045558136684527e-14
642    1.0407213481614448e-14
643    1.0359157418638642e-14
644    1.0311410851507855e-14
645    1.0263971449649563e-14
646    1.0216836665302476e-14
647    1.0170003810133998e-14
648    1.0123470224498577e-14
649    1.0077233276223656e-14
650    1.0031290395977078e-14
651    9.985639165614946e-15
652    9.94027722787037e-15
653    9.895202261772588e-15
654    9.850411939572657e-15
655    9.805903798501152e-15
656    9.761675321383036e-15
657    9.717724003084861e-15
658    9.674047360310481e-15
659    9.630642965044207e-15
660    9.5875084358615e-15
661    9.544641401316568e-15
662    9.502039466003146e-15
663    9.459700245269637e-15
664    9.417621381116573e-15
665    9.375800520811035e-15
666    9.334235337191951e-15
667    9.292923538665884e-15
668    9.251862872888142e-15
669    9.211051145388076e-15
670    9.170486195426891e-15
671    9.130165889163402e-15
672    9.090088172883472e-15
673    9.050251036850424e-15
674    9.010652475885627e-15
675    8.97129050124077e-15
676    8.932163174070855e-15
677    8.89326861799364e-15
678    8.85460496563903e-15
679    8.81617037496004e-15
680    8.777963083797815e-15
681    8.739981519250528e-15
682    8.702224308593152e-15
683    8.66469009990667e-15
684    8.627377524948823e-15
685    8.590285203931014e-15
686    8.553411746754972e-15
687    8.516755773821116e-15
688    8.480315912833325e-15
689    8.444090799480955e-15
690    8.408079077190496e-15
691    8.37227938225617e-15
692    8.336690268758906e-15
693    8.30131027294516e-15
694    8.266137936011628e-15
695    8.231171767596097e-15
696    8.196410155001976e-15
697    8.16185146072242e-15
698    8.127494085700676e-15
699    8.093336523361474e-15
700    8.059377288097819e-15
701    8.025614910277462e-15
702    7.992047933491773e-15
703    7.958674900791815e-15
704    7.925494372198091e-15
705    7.892504947474714e-15
706    7.8597052501917e-15
707    7.82709394014369e-15
708    7.794669728653811e-15
709    7.762431343073494e-15
710    7.73037752054522e-15
711    7.698507010404953e-15
712    7.666818556664697e-15
713    7.63531090221504e-15
714    7.603982800764516e-15
715    7.572833017403632e-15
716    7.541860329306375e-15
717    7.511063523055915e-15
718    7.480441389228623e-15
719    7.449992710661475e-15
720    7.419716262876039e-15
721    7.38961083114136e-15
722    7.360449819853681e-15
723    7.331498158017926e-15
724    7.30270773293497e-15
725    7.274077456005921e-15
726    7.245606251307259e-15
727    7.217293070737146e-15
728    7.189136874677907e-15
729    7.161136630416143e-15
730    7.13329131324891e-15
731    7.105599884845284e-15
732    7.078061259058727e-15
733    7.050674359534188e-15
734    7.023438128040036e-15
735    6.99635152207735e-15
736    6.969413474175581e-15
737    6.9426228222272e-15
738    6.915978376775666e-15
739    6.889478962068134e-15
740    6.863123419918185e-15
741    6.8369106018266895e-15
742    6.810839360238582e-15
743    6.784908562386281e-15
744    6.75911708796649e-15
745    6.733463824331628e-15
746    6.707947671222113e-15
747    6.682567545001294e-15
748    6.675909796549437e-15
749    6.650610355991085e-15
750    6.625449013744947e-15
751    6.600424462398768e-15
752    6.5755354102598725e-15
753    6.550780582728036e-15
754    6.526158726576892e-15
755    6.5016686099566285e-15
756    6.477309017164582e-15
757    6.4530787718483616e-15
758    6.428976778853092e-15
759    6.405001976196223e-15
760    6.38115331673908e-15
761    6.357429765235132e-15
762    6.333830298169215e-15
763    6.3103538978681134e-15
764    6.2869995432457405e-15
765    6.263766222573714e-15
766    6.240652938762871e-15
767    6.2176587139301614e-15
768    6.194782584656569e-15
769    6.172023608796835e-15
770    6.149380862773199e-15
771    6.1268534773903826e-15
772    6.104440614226824e-15
773    6.082141443036194e-15
774    6.059955143980247e-15
775    6.0378809116451505e-15
776    6.015917952622045e-15
777    5.994065482346231e-15
778    5.972322723334816e-15
779    5.950688905045702e-15
780    5.929163263891759e-15
781    5.907745043174851e-15
782    5.886433493008778e-15
783    5.865227869829825e-15
784    5.844127435390677e-15
785    5.823131458403613e-15
786    5.802239213492938e-15
787    5.78144997888524e-15
788    5.7607630555740316e-15
789    5.7401777573326125e-15
790    5.71969340568028e-15
791    5.699309330554837e-15
792    5.679024867715402e-15
793    5.658839358461715e-15
794    5.638752149321711e-15
795    5.618762592085486e-15
796    5.598870043962065e-15
797    5.579073867446392e-15
798    5.5593734271059845e-15
799    5.539768130952852e-15
800    5.520257450372137e-15
801    5.5008408603714725e-15
802    5.4815178177066066e-15
803    5.46228777678828e-15
804    5.443150195621917e-15
805    5.424104535895787e-15
806    5.405150273240437e-15
807    5.386286947243212e-15
808    5.3675141243098165e-15
809    5.348831372144703e-15
810    5.330238259676875e-15
811    5.3117343570682695e-15
812    5.293319235424315e-15
813    5.2749924601543956e-15
814    5.256753588340213e-15
815    5.238602178009436e-15
816    5.220537788881251e-15
817    5.202559983202286e-15
818    5.1846683441882505e-15
819    5.166862463096193e-15
820    5.149141909642863e-15
821    5.131506253996357e-15
822    5.11395506886798e-15
823    5.0964879290403536e-15
824    5.079104410949457e-15
825    5.061804092686428e-15
826    5.04458655400163e-15
827    5.0274513760394156e-15
828    5.010398137321862e-15
829    4.993426414708717e-15
830    4.976535787220928e-15
831    4.959725844216779e-15
832    4.942996184530136e-15
833    4.926346397394949e-15
834    4.9097760288862694e-15
835    4.8932846174586874e-15
836    4.876871704871951e-15
837    4.86053683666907e-15
838    4.844279560641681e-15
839    4.828099424375963e-15
840    4.8119959763127356e-15
841    4.795968767880997e-15
842    4.780017353522844e-15
843    4.7641412906689224e-15
844    4.74834013971446e-15
845    4.732613463995485e-15
846    4.7169608297655536e-15
847    4.7013818061782185e-15
848    4.685875965389859e-15
849    4.670442882541752e-15
850    4.6550821367352174e-15
851    4.6397933250262405e-15
852    4.624576066133198e-15
853    4.609429983064981e-15
854    4.594354694778983e-15
855    4.579349821829418e-15
856    4.564414986812755e-15
857    4.5495498143324335e-15
858    4.533741646407909e-15
859    4.519135610199225e-15
860    4.504595876278746e-15
861    4.490122053594501e-15
862    4.4757137614509065e-15
863    4.461370622975555e-15
864    4.4470922607960875e-15
865    4.432878299502326e-15
866    4.418728365350844e-15
867    4.4046420857147854e-15
868    4.3906190906093995e-15
869    4.376659012791988e-15
870    4.3627614876304295e-15
871    4.348926153113622e-15
872    4.335152649971043e-15
873    4.3214406206332464e-15
874    4.307789705599302e-15
875    4.2941995583971375e-15
876    4.280669840364335e-15
877    4.26720021512397e-15
878    4.253790350671964e-15
879    4.240439921240698e-15
880    4.2271486079491205e-15
881    4.2139160951425475e-15
882    4.2007420704050904e-15
883    4.187626222761201e-15
884    4.1745682302672075e-15
885    4.161567771099288e-15
886    4.1486245281093536e-15
887    4.135738189342957e-15
888    4.1229084450200505e-15
889    4.1101349877682836e-15
890    4.097417513454594e-15
891    4.084755720338426e-15
892    4.072149307556857e-15
893    4.059597978734529e-15
894    4.0471014357059125e-15
895    4.03465937028184e-15
896    4.022271476761827e-15
897    4.009937453605959e-15
898    3.997656996988572e-15
899    3.985429800757551e-15
900    3.9732555615260966e-15
901    3.96113397887331e-15
902    3.9490647546866655e-15
903    3.937047593848454e-15
904    3.92508220379596e-15
905    3.913168293481096e-15
906    3.901305573291891e-15
907    3.889493755608689e-15
908    3.877732554922885e-15
909    3.866021687941995e-15
910    3.8543608742949836e-15
911    3.842749836244297e-15
912    3.8311882977006016e-15
913    3.819675985195119e-15
914    3.808212629848471e-15
915    3.796797958455231e-15
916    3.7854316965956054e-15
917    3.774113572379116e-15
918    3.76284331976258e-15
919    3.751620682204423e-15
920    3.740445407276558e-15
921    3.729317243588755e-15
922    3.7182359388708925e-15
923    3.7072012417542876e-15
924    3.696212904945516e-15
925    3.685270690894689e-15
926    3.6743743616365446e-15
927    3.663523672084e-15
928    3.652718377445368e-15
929    3.6419582345382884e-15
930    3.631243001748296e-15
931    3.620572438570489e-15
932    3.609946303011711e-15
933    3.599364352961188e-15
934    3.588826348421372e-15
935    3.578332051348173e-15
936    3.567881225256109e-15
937    3.5574736352119195e-15
938    3.5471090477659466e-15
939    3.536787230460258e-15
940    3.526507952186416e-15
941    3.516270983383153e-15
942    3.506076096024644e-15
943    3.495923063608413e-15
944    3.485811661382382e-15
945    3.475741669704906e-15
946    3.465712868338671e-15
947    3.455725034165542e-15
948    3.445777945126797e-15
949    3.435871380269996e-15
950    3.4260051185451325e-15
951    3.4161789418224044e-15
952    3.4063926356586918e-15
953    3.3966459871952406e-15
954    3.3869387841102513e-15
955    3.377270815322295e-15
956    3.3676418732419865e-15
957    3.3580517519076695e-15
958    3.3485002449913086e-15
959    3.338987144173271e-15
960    3.329512242180038e-15
961    3.3200753333146706e-15
962    3.310676213089212e-15
963    3.3013146783931577e-15
964    3.2919905279888472e-15
965    3.2827035616187813e-15
966    3.2734535790661497e-15
967    3.2642403834307516e-15
968    3.2550637824461742e-15
969    3.2460685213926797e-15
970    3.237264489066082e-15
971    3.2284947604830874e-15
972    3.2197591639904764e-15
973    3.2110575289709386e-15
974    3.2023896854274932e-15
975    3.19375546426754e-15
976    3.1851546979122745e-15
977    3.1765872204747597e-15
978    3.1680528671516147e-15
979    3.159551474128289e-15
980    3.15108287856179e-15
981    3.1426469185740113e-15
982    3.1342434334319394e-15
983    3.1258722653615776e-15
984    3.1175332610416472e-15
985    3.109226268592879e-15
986    3.10095113690661e-15
987    3.0927077156368124e-15
988    3.084495854551904e-15
989    3.0763154042035462e-15
990    3.068166217033627e-15
991    3.0600481463657668e-15
992    3.051961045185538e-15
993    3.0439047637646895e-15
994    3.035879149162083e-15
995    3.0278840485171287e-15
996    3.019919309976772e-15
997    3.011984782935979e-15
998    3.0040803177949094e-15
999    2.9962057652457276e-15
