10    2.7758525514693177e-09
11    2.3384866877095545e-09
12    1.9883014931317758e-09
13    1.70825234669765e-09
14    1.4782830265783805e-09
15    1.2894770021130658e-09
16    1.1320389777315973e-09
17    9.996216980450108e-10
18    8.872116570433273e-10
19    7.91498993561535e-10
20    7.06660408464126e-10
21    6.373029491306542e-10
22    5.750761792282118e-10
23    5.207288783586603e-10
24    4.728618818079122e-10
25    4.306228205539523e-10
26    3.937138988612523e-10
27    3.599795968017579e-10
28    3.3029201967198484e-10
29    3.037189822819599e-10
30    2.7988197680884096e-10
31    2.583666637678971e-10
32    2.3897517285595555e-10
33    2.214234789515923e-10
34    2.05159646145957e-10
35    1.9101663697340032e-10
36    1.777636193316218e-10
37    1.6576266303344803e-10
38    1.548690930387413e-10
39    1.4466440088517973e-10
40    1.3540039729168574e-10
41    1.2688249621704255e-10
42    1.1903757772188504e-10
43    1.1180150519399438e-10
44    1.0511836299721315e-10
45    9.893337075877087e-11
46    9.324518273012366e-11
47    8.789863307271911e-11
48    8.297867841033985e-11
49    7.839882725662693e-11
50    7.413659565077774e-11
51    7.016547501585992e-11
52    6.63946229460234e-11
53    6.300878380391559e-11
54    5.977677056306229e-11
55    5.6752167754249754e-11
56    5.391949218245762e-11
57    5.1264652844447894e-11
58    4.8783237562111683e-11
59    4.645227684819651e-11
60    4.424288128468681e-11
61    4.2179355367714824e-11
62    4.02377305106444e-11
63    3.840909425121354e-11
64    3.668537661114569e-11
65    3.5059226064801244e-11
66    3.35238800612469e-11
67    3.2073205372823816e-11
68    3.070162678037315e-11
69    2.9390658740007854e-11
70    2.8154148395489764e-11
71    2.7012037339028972e-11
72    2.5901207348403573e-11
73    2.4857943162362833e-11
74    2.3917687612981898e-11
75    2.2930142390273122e-11
76    2.203585912843889e-11
77    2.1186013648353553e-11
78    2.0377884972255602e-11
79    1.9608938948239925e-11
80    1.8876802610235875e-11
81    1.8179278247796298e-11
82    1.7514353369353768e-11
83    1.6880187245088163e-11
84    1.627506294574573e-11
85    1.5697387840921597e-11
86    1.514568977259176e-11
87    1.4618439552622517e-11
88    1.4113821699945171e-11
89    1.3649930388243042e-11
90    1.318722105247143e-11
91    1.2731562772491504e-11
92    1.2309502033640183e-11
93    1.1905260174817127e-11
94    1.1517907472842101e-11
95    1.1146580070835508e-11
96    1.0790459231151303e-11
97    1.0448769527167863e-11
98    1.0120780831731769e-11
99    9.773769491400828e-12
100    9.473206340897695e-12
101    9.212473318101067e-12
102    8.93293358080578e-12
103    8.664099757231068e-12
104    8.407855330635515e-12
105    8.159069445734687e-12
106    7.919436920364144e-12
107    7.688549138326178e-12
108    7.466037956667098e-12
109    7.250304944866483e-12
110    7.044050576951031e-12
111    6.845221096467365e-12
112    6.653485520387095e-12
113    6.470397822359224e-12
114    6.29310648297286e-12
115    6.1177870999871055e-12
116    5.9514493945735685e-12
117    5.78916509237365e-12
118    5.63396213509735e-12
119    5.484054493542842e-12
120    5.339212308628728e-12
121    5.199213357949023e-12
122    5.063851273867727e-12
123    4.9329270323584525e-12
124    4.806246878000758e-12
125    4.68362843602787e-12
126    4.564902608073827e-12
127    4.449910847757206e-12
128    4.338503674714988e-12
129    4.230540622603841e-12
130    4.125888209637386e-12
131    4.024417286246791e-12
132    3.924532079974284e-12
133    3.826907060104116e-12
134    3.732302682463041e-12
135    3.648068598192617e-12
136    3.560854291983845e-12
137    3.4761995058151385e-12
138    3.39402016100702e-12
139    3.3101655528427912e-12
140    3.2331116276143583e-12
141    3.158375334606209e-12
142    3.0884809645907797e-12
143    3.0175151706944077e-12
144    2.9485789112711005e-12
145    2.881607263607084e-12
146    2.816535341307087e-12
147    2.7532994702570442e-12
148    2.6918365271730963e-12
149    2.6320848074312987e-12
150    2.5739857604279622e-12
151    2.5174805770983636e-12
152    2.462511113775289e-12
153    2.409022220243653e-12
154    2.356961307006135e-12
155    2.3062783270935226e-12
156    2.2569255295638103e-12
157    2.2088581510157326e-12
158    2.162034154210878e-12
159    2.1164138625400905e-12
160    2.073686983489538e-12
161    2.03016846289005e-12
162    1.987728564325804e-12
163    1.9463395228046082e-12
164    1.9059750086610005e-12
165    1.866610017278288e-12
166    1.8282211062303085e-12
167    1.7907859525372424e-12
168    1.7542820137307236e-12
169    1.7254467035827309e-12
170    1.6907154940906735e-12
171    1.6567557163292255e-12
172    1.6171085499697394e-12
173    1.584914707196539e-12
174    1.5535189551452416e-12
175    1.5229018447863296e-12
176    1.4930439962264252e-12
177    1.4639250993619735e-12
178    1.4355251300715557e-12
179    1.407824708467913e-12
180    1.3808042912928113e-12
181    1.354444225314316e-12
182    1.3287248169202904e-12
183    1.3036262694626062e-12
184    1.2791299896988957e-12
185    1.255217453854983e-12
186    1.2318697421948632e-12
187    1.2090682933842115e-12
188    1.1867954847421168e-12
189    1.1650345661553666e-12
190    1.1437695035700053e-12
191    1.1229849021947147e-12
192    1.102665158745737e-12
193    1.0827949191925484e-12
194    1.0633600288718245e-12
195    1.0443472616493192e-12
196    1.02574374044961e-12
197    1.007537105483701e-12
198    9.897150792219829e-13
199    9.722658980695407e-13
200    9.551792703793113e-13
201    9.384456307110508e-13
202    9.220560971725185e-13
203    9.060024288926051e-13
204    8.902766415040573e-13
205    8.748710978599852e-13
206    8.597789746482099e-13
207    8.449937762617884e-13
208    8.305092534689459e-13
209    8.145869409440705e-13
210    8.01033100969689e-13
211    7.8776810027209e-13
212    7.747826437010948e-13
213    7.620678905287438e-13
214    7.496157778140712e-13
215    7.370916669556204e-13
216    7.248244619366676e-13
217    7.12811532788952e-13
218    7.010480129340329e-13
219    6.895292337649646e-13
220    6.782503044306863e-13
221    6.672059201824344e-13
222    6.563908013155733e-13
223    6.457999969497719e-13
224    6.354288528394734e-13
225    6.252727255888678e-13
226    6.153266632887269e-13
227    6.055856569969266e-13
228    5.9604446285527e-13
229    5.866980140227056e-13
230    5.775416308192944e-13
231    5.685706057582509e-13
232    5.59780066478292e-13
233    5.511652015145894e-13
234    5.427213379719349e-13
235    5.344439348030077e-13
236    5.263283337326939e-13
237    5.183698941120202e-13
238    5.105641541949122e-13
239    5.029069022191393e-13
240    4.953940406418474e-13
241    4.880214763606894e-13
242    4.807853259433421e-13
243    4.736818767391215e-13
244    4.667075202022527e-13
245    4.598587266906656e-13
246    4.5313223757301625e-13
247    4.465250769739297e-13
248    4.40034366630425e-13
249    4.3365726814778604e-13
250    4.2739117498072653e-13
251    4.21233680918646e-13
252    4.1518261251704707e-13
253    4.09235850571159e-13
254    4.033912174764052e-13
255    3.9764655569616755e-13
256    3.9199979881681384e-13
257    3.849187833460481e-13
258    3.794363240618671e-13
259    3.740629386073544e-13
260    3.687963620315167e-13
261    3.6363422009109964e-13
262    3.5857409509055296e-13
263    3.53613624346068e-13
264    3.50156286610276e-13
265    3.4532026057333256e-13
266    3.4056735085487533e-13
267    3.35896092509524e-13
268    3.3130509823246304e-13
269    3.2679301151402867e-13
270    3.223584942794333e-13
271    3.1800033167229554e-13
272    3.13717330923368e-13
273    3.0950824301828333e-13
274    3.0537174663924887e-13
275    3.0130645668965627e-13
276    2.9731100213856606e-13
277    2.933840488983537e-13
278    2.895242953784277e-13
279    2.8573039924497703e-13
280    2.820010423089613e-13
281    2.783349517207781e-13
282    2.7473086076670606e-13
283    2.711873927818096e-13
284    2.6770316508175233e-13
285    2.64276834326154e-13
286    2.609070910921917e-13
287    2.57592626039225e-13
288    2.543320891517069e-13
289    2.5112417600473907e-13
290    2.4796765446527676e-13
291    2.4486136179572175e-13
292    2.418041164274043e-13
293    2.387947564691606e-13
294    2.358321683177565e-13
295    2.3291528162345683e-13
296    2.300431010685877e-13
297    2.2721475633522532e-13
298    2.2442937762330605e-13
299    2.216860339807569e-13
300    2.1898377350812814e-13
301    2.163216644542398e-13
302    2.136988102951902e-13
303    2.1111437824133181e-13
304    2.0856762649890701e-13
305    2.0651843276821006e-13
306    2.0399900871432763e-13
307    2.0151413810504675e-13
308    1.9906353954165324e-13
309    1.9664697457089273e-13
310    1.9426425194054244e-13
311    1.9191521059648393e-13
312    1.8959966224377702e-13
313    1.8731736985812331e-13
314    1.8506806045494076e-13
315    1.8284782152363833e-13
316    1.8070232979570865e-13
317    1.7858669945576942e-13
318    1.7650051485234664e-13
319    1.7444338935715318e-13
320    1.724149566531276e-13
321    1.7041483596024844e-13
322    1.6844265763266209e-13
323    1.66498059087581e-13
324    1.6458068960578165e-13
325    1.62690218736821e-13
326    1.6082630443311028e-13
327    1.5898861734102745e-13
328    1.5717681824925323e-13
329    1.553905413720166e-13
330    1.53629429119763e-13
331    1.5189312742329104e-13
332    1.5018128402610576e-13
333    1.4849355366031693e-13
334    1.4682958093213513e-13
335    1.4518902086427405e-13
336    1.435715451869256e-13
337    1.4197681064864508e-13
338    1.4040447488077532e-13
339    1.388541873472668e-13
340    1.3732557160875778e-13
341    1.3581823503761235e-13
342    1.3433181834333757e-13
343    1.3286596103168238e-13
344    1.314202960149974e-13
345    1.2999445682978402e-13
346    1.2858808861478233e-13
347    1.2720083511830928e-13
348    1.258323447172356e-13
349    1.24482292833707e-13
350    1.2315036456233223e-13
351    1.2183624212706592e-13
352    1.2053959463341443e-13
353    1.1926006744117033e-13
354    1.179973135420312e-13
355    1.167510120714138e-13
356    1.1552086589015477e-13
357    1.1430658384122452e-13
358    1.1310788321436425e-13
359    1.1192448410097366e-13
360    1.1075610814510299e-13
361    1.0962448711314089e-13
362    1.0849941015483623e-13
363    1.0738813457246286e-13
364    1.0629037113411024e-13
365    1.0520583448950182e-13
366    1.041342458033693e-13
367    1.0307533194161588e-13
368    1.0202882630680075e-13
369    1.0099447843398079e-13
370    9.997206049320347e-14
371    9.896134839275412e-14
372    9.79621298975777e-14
373    9.69742059997976e-14
374    9.583194168438576e-14
375    9.485972478290835e-14
376    9.389907121466887e-14
377    9.294983932998094e-14
378    9.201189644655653e-14
379    9.10851116517782e-14
380    9.016935302108757e-14
381    8.926449109230495e-14
382    8.837040495929633e-14
383    8.74869819052411e-14
384    8.661411716918192e-14
385    8.575170865429481e-14
386    8.489965106532414e-14
387    8.405783905757067e-14
388    8.322616664376538e-14
389    8.24045181863103e-14
390    8.159278033093065e-14
391    8.079084644605156e-14
392    7.999861074950429e-14
393    7.921597192557199e-14
394    7.844282423999117e-14
395    7.767906132415027e-14
396    7.692457618844395e-14
397    7.617926093682639e-14
398    7.544299803888893e-14
399    7.471566298258066e-14
400    7.399713186640575e-14
401    7.328728740454824e-14
402    7.258601569448247e-14
403    7.18931992632528e-14
404    7.120871885626903e-14
405    7.053245502360495e-14
406    6.986428561629256e-14
407    6.920409172702287e-14
408    6.855175638258817e-14
409    6.790716736148536e-14
410    6.727021659495599e-14
411    6.664080040825053e-14
412    6.601881687721293e-14
413    6.540415644766488e-14
414    6.479670183515535e-14
415    6.419633518603197e-14
416    6.36029448734673e-14
417    6.301642215725256e-14
418    6.24366578123681e-14
419    6.186354110202828e-14
420    6.129696653706906e-14
421    6.059819942803546e-14
422    6.004146385816238e-14
423    5.949182265892305e-14
424    5.894918056524898e-14
425    5.841343786185407e-14
426    5.788449205915946e-14
427    5.73622260009045e-14
428    5.684651694892673e-14
429    5.633724630225493e-14
430    5.5834295964422635e-14
431    5.533754437781567e-14
432    5.484687074281492e-14
433    5.436215815457188e-14
434    5.388329363319741e-14
435    5.3518675606070146e-14
436    5.304435716125182e-14
437    5.2575148275484527e-14
438    5.211098558295004e-14
439    5.1651806564621913e-14
440    5.1197545109645045e-14
441    5.074813238414195e-14
442    5.0303500054937225e-14
443    4.986358109736545e-14
444    4.942830995219859e-14
445    4.899762457538e-14
446    4.8571465806518487e-14
447    4.814977707706778e-14
448    4.77325017901783e-14
449    4.731958345935417e-14
450    4.6910970253173265e-14
451    4.650661855982798e-14
452    4.6106487279634745e-14
453    4.571053424873174e-14
454    4.531871766276408e-14
455    4.493099677396193e-14
456    4.4547328848907267e-14
457    4.4167669406073566e-14
458    4.379197620422691e-14
459    4.34202091857902e-14
460    4.305233013088522e-14
461    4.2688303548169713e-14
462    4.232809390915296e-14
463    4.197166474250898e-14
464    4.161897964413704e-14
465    4.1270001396335164e-14
466    4.0924691956462576e-14
467    4.058301358572697e-14
468    4.024492745327589e-14
469    3.9910393139431394e-14
470    3.9579370497532856e-14
471    3.925182078707476e-14
472    3.8927705682286025e-14
473    3.8606986673590106e-14
474    3.828962444104771e-14
475    3.797557992152521e-14
476    3.766481350654005e-14
477    3.73572800224744e-14
478    3.7052930997923276e-14
479    3.675171912385355e-14
480    3.65205511261865e-14
481    3.6221482339921907e-14
482    3.59252346903198e-14
483    3.563179643211436e-14
484    3.534115645720112e-14
485    3.505330296608061e-14
486    3.4768223756087816e-14
487    3.448590607939083e-14
488    3.420633614867472e-14
489    3.39294977382831e-14
490    3.365537450345898e-14
491    3.338395168337424e-14
492    3.3115215780468244e-14
493    3.2849154297502426e-14
494    3.258575219972909e-14
495    3.2324993790371484e-14
496    3.206686366860524e-14
497    3.181134608286921e-14
498    3.1558425692529976e-14
499    3.1308088221953505e-14
500    3.1060317547630606e-14
501    3.084203120937394e-14
502    3.060262531736906e-14
503    3.036549682351035e-14
504    3.013061719169781e-14
505    2.989795782056393e-14
506    2.966748995842979e-14
507    2.9439185899987836e-14
508    2.9213018403041685e-14
509    2.898896011634417e-14
510    2.876698440482268e-14
511    2.85470658509412e-14
512    2.832918013478824e-14
513    2.8113304198382344e-14
514    2.7899415887120013e-14
515    2.7687493248329948e-14
516    2.7477514615753104e-14
517    2.7269458316131795e-14
518    2.7063301586270364e-14
519    2.685902145021505e-14
520    2.6656595716545058e-14
521    2.6456002828749053e-14
522    2.625722300873754e-14
523    2.6060237695487965e-14
524    2.5865029517091214e-14
525    2.567158175579472e-14
526    2.5479878706952366e-14
527    2.5289905314085077e-14
528    2.5101644393822524e-14
529    2.4915077677018442e-14
530    2.4730187937879214e-14
531    2.454695864799631e-14
532    2.436537440103605e-14
533    2.4185420082270048e-14
534    2.4007081011859235e-14
535    2.3830342999813266e-14
536    2.3655191170884404e-14
537    2.348160980125005e-14
538    2.3309583478952093e-14
539    2.3139098435677914e-14
540    2.2970141529183523e-14
541    2.280269995866189e-14
542    2.2636761081091602e-14
543    2.2472312249723463e-14
544    2.2309339783041684e-14
545    2.2150983341638333e-14
546    2.199301836754585e-14
547    2.1836411290787377e-14
548    2.168114241327519e-14
549    2.1527193858299454e-14
550    2.137454834022287e-14
551    2.1223189143159786e-14
552    2.107309957895405e-14
553    2.0924263219024627e-14
554    2.0776663980934518e-14
555    2.063028613052618e-14
556    2.048511418433274e-14
557    2.0341131828330245e-14
558    2.019832240495191e-14
559    2.0056670201270216e-14
560    1.9916160652849824e-14
561    1.977677975670204e-14
562    1.9638514003406845e-14
563    1.95013500845368e-14
564    1.9365274667644453e-14
565    1.923027458138763e-14
566    1.9096336815652915e-14
567    1.896344856111085e-14
568    1.8831597899453736e-14
569    1.8700774769196494e-14
570    1.8570970077432383e-14
571    1.8442175167636396e-14
572    1.8314381534163275e-14
573    1.818758062965622e-14
574    1.8061763301701963e-14
575    1.7936920155462693e-14
576    1.781304193125232e-14
577    1.7667919180569335e-14
578    1.7546897529134333e-14
579    1.7426879983233432e-14
580    1.7307855583139094e-14
581    1.7189813458936577e-14
582    1.707274271864026e-14
583    1.695663238181397e-14
584    1.684147199848646e-14
585    1.6727252159326623e-14
586    1.6613963731911318e-14
587    1.650159728857347e-14
588    1.639014379337721e-14
589    1.6279594515160636e-14
590    1.6169941093322387e-14
591    1.6061175670469913e-14
592    1.5953290200522906e-14
593    1.5846276891097264e-14
594    1.5740128292856347e-14
595    1.563483760574448e-14
596    1.5530398114038028e-14
597    1.5426802808253872e-14
598    1.5324044095802164e-14
599    1.5222114367583643e-14
600    1.5121006134940184e-14
601    1.5020711532235447e-14
602    1.4921222480389286e-14
603    1.4822530921985865e-14
604    1.472462894275097e-14
605    1.4627508864909637e-14
606    1.453116317147687e-14
607    1.4435584530351158e-14
608    1.43407654767346e-14
609    1.4246698498463864e-14
610    1.4153376300350964e-14
611    1.4060792030621144e-14
612    1.396893972202623e-14
613    1.3864337055165422e-14
614    1.3773591143196773e-14
615    1.3683616431112851e-14
616    1.3594405757845404e-14
617    1.3505951916227571e-14
618    1.3418247889651828e-14
619    1.3331287129754198e-14
620    1.3245063304196545e-14
621    1.315957012756826e-14
622    1.3074801242856707e-14
623    1.2990750359543634e-14
624    1.2907411214217431e-14
625    1.2824776630824715e-14
626    1.2742838806756816e-14
627    1.2661590263152182e-14
628    1.2581023658738815e-14
629    1.2501131736034887e-14
630    1.2421907329619786e-14
631    1.2343343527097218e-14
632    1.2265433513862864e-14
633    1.2188169961683678e-14
634    1.2111545378655892e-14
635    1.2035551745804648e-14
636    1.1960180968873881e-14
637    1.1885424728362197e-14
638    1.1811274570935882e-14
639    1.1737722070821085e-14
640    1.1664758826036735e-14
641    1.1592376469186753e-14
642    1.1520567137476271e-14
643    1.1449323437710034e-14
644    1.1378637959069594e-14
645    1.1308503019199779e-14
646    1.12389108891348e-14
647    1.1169854193077552e-14
648    1.1101326011162982e-14
649    1.1033319769507653e-14
650    1.0965828996586706e-14
651    1.0898847275322147e-14
652    1.0832368051781132e-14
653    1.0766384759787909e-14
654    1.0699409305639262e-14
655    1.063386415736152e-14
656    1.0568815051071685e-14
657    1.05042574340098e-14
658    1.044018676579425e-14
659    1.0376598450624115e-14
660    1.0313488006552109e-14
661    1.0250851005095783e-14
662    1.0188682949598778e-14
663    1.0126979361264555e-14
664    1.0065735710636194e-14
665    1.0004947534654231e-14
666    9.944610439378331e-15
667    9.884720250519271e-15
668    9.825272910005142e-15
669    9.766264339778047e-15
670    9.707690485475691e-15
671    9.649547280289258e-15
672    9.591830612787451e-15
673    9.534536466889351e-15
674    9.477661052015384e-15
675    9.421200632760279e-15
676    9.365151474797831e-15
677    9.317542553247427e-15
678    9.262302190601494e-15
679    9.207437702219945e-15
680    9.15294581416638e-15
681    9.098823338146482e-15
682    9.045067158348586e-15
683    8.991674506059089e-15
684    8.938642869841545e-15
685    8.885969882259875e-15
686    8.833653250367886e-15
687    8.781690710900554e-15
688    8.730080187399426e-15
689    8.678819751450979e-15
690    8.62790758775751e-15
691    8.577342082908212e-15
692    8.527122031026196e-15
693    8.47724614398727e-15
694    8.427712951885583e-15
695    8.378520824609306e-15
696    8.329667966647855e-15
697    8.281152613326689e-15
698    8.232973021097203e-15
699    8.185127405129833e-15
700    8.137613936499451e-15
701    8.090431010073662e-15
702    8.043577098631504e-15
703    7.997050576294463e-15
704    7.950849726002604e-15
705    7.904972808648767e-15
706    7.859418010269012e-15
707    7.814183500212883e-15
708    7.769267489943543e-15
709    7.724668381486425e-15
710    7.680384662578507e-15
711    7.636414967503777e-15
712    7.592758033883281e-15
713    7.549412480952053e-15
714    7.5063767742437e-15
715    7.463649425879835e-15
716    7.42122897058979e-15
717    7.379113922694213e-15
718    7.3373027110236e-15
719    7.295793619778074e-15
720    7.254584849885245e-15
721    7.213674519109873e-15
722    7.173060693185413e-15
723    7.132741455442133e-15
724    7.0927147473371006e-15
725    7.052978317383466e-15
726    7.013529990046171e-15
727    6.974367588874724e-15
728    6.935488815772023e-15
729    6.896891409356553e-15
730    6.858573167085659e-15
731    6.820531964529135e-15
732    6.7827656952412025e-15
733    6.745272255677411e-15
734    6.708049555345651e-15
735    6.671095299661289e-15
736    6.634406877508e-15
737    6.597981626964691e-15
738    6.561816661173716e-15
739    6.525909029097748e-15
740    6.490255875747597e-15
741    6.4548544848671995e-15
742    6.419702236703777e-15
743    6.384796706084592e-15
744    6.350135549968833e-15
745    6.3157164846236375e-15
746    6.281537159423962e-15
747    6.247595200588827e-15
748    6.213888235202967e-15
749    6.180413789823611e-15
750    6.14716941581897e-15
751    6.114152702300078e-15
752    6.081361212776453e-15
753    6.048792439812739e-15
754    6.016443887176068e-15
755    5.984313255152089e-15
756    5.952398413983995e-15
757    5.920697145947251e-15
758    5.889207027992467e-15
759    5.857925631482539e-15
760    5.826850623953566e-15
761    5.795979733177553e-15
762    5.765310676061186e-15
763    5.734841196287823e-15
764    5.704569070247572e-15
765    5.674492096958439e-15
766    5.644608159684483e-15
767    5.614915220688917e-15
768    5.585411313649721e-15
769    5.556094499130657e-15
770    5.526962872001304e-15
771    5.498014641737845e-15
772    5.4692481443330455e-15
773    5.440661753852302e-15
774    5.412253863656297e-15
775    5.384022882332217e-15
776    5.3559671974065975e-15
777    5.3280852668747605e-15
778    5.300375541927562e-15
779    5.272836449732915e-15
780    5.245466465814336e-15
781    5.218264118709522e-15
782    5.19122797110325e-15
783    5.164356674632122e-15
784    5.1376489008761424e-15
785    5.111103278283898e-15
786    5.084718448413727e-15
787    5.058493090202458e-15
788    5.0324258974051426e-15
789    5.006515581074761e-15
790    4.980760946673432e-15
791    4.9551609609303814e-15
792    4.9297146386602146e-15
793    4.90442099360848e-15
794    4.879279042909951e-15
795    4.854287802089982e-15
796    4.829446268676613e-15
797    4.804753486882639e-15
798    4.780208530504944e-15
799    4.755810441697081e-15
800    4.731558224937608e-15
801    4.70745094527918e-15
802    4.683487753641147e-15
803    4.659667811159869e-15
804    4.635990253076809e-15
805    4.6124542187830064e-15
806    4.589058869469102e-15
807    4.5658033303579854e-15
808    4.5426867363772015e-15
809    4.519708218159125e-15
810    4.496866852553063e-15
811    4.474161713535066e-15
812    4.451591958946646e-15
813    4.42915680404494e-15
814    4.406855497800369e-15
815    4.384687359623015e-15
816    4.362651693525466e-15
817    4.34074774124136e-15
818    4.318974712464664e-15
819    4.297331837319721e-15
820    4.2758184274642015e-15
821    4.254433830726023e-15
822    4.233177446893529e-15
823    4.212048758703864e-15
824    4.1910473123532106e-15
825    4.170172689560353e-15
826    4.149424467519118e-15
827    4.128802218041113e-15
828    4.108305508479969e-15
829    4.087933858523952e-15
830    4.067686680385451e-15
831    4.047563352249482e-15
832    4.027563251086268e-15
833    4.00768576489996e-15
834    3.987930286273503e-15
835    3.968296156157707e-15
836    3.948782696520115e-15
837    3.929389233118727e-15
838    3.91011506100965e-15
839    3.890959445836312e-15
840    3.8719216457885474e-15
841    3.853000897059916e-15
842    3.834196368031718e-15
843    3.815507176858238e-15
844    3.7969324202855214e-15
845    3.778471190314987e-15
846    3.760122579299228e-15
847    3.741885723253463e-15
848    3.723759837232219e-15
849    3.705744153015828e-15
850    3.687837909507206e-15
851    3.670040351791912e-15
852    3.652350732297515e-15
853    3.634768322546487e-15
854    3.6172924544544234e-15
855    3.599922475152312e-15
856    3.582657712925012e-15
857    3.565497497431591e-15
858    3.5484411620950536e-15
859    3.5314880417405467e-15
860    3.5146374541230394e-15
861    3.4978887116180188e-15
862    3.481241160960019e-15
863    3.464694165279056e-15
864    3.448247091193986e-15
865    3.4318993087262304e-15
866    3.4156501741349227e-15
867    3.3994989663701235e-15
868    3.38344494326006e-15
869    3.3674873668216706e-15
870    3.3516254849164285e-15
871    3.3358585147501516e-15
872    3.320185639194965e-15
873    3.3046060651186957e-15
874    3.289119023528695e-15
875    3.273723762550676e-15
876    3.258419538781789e-15
877    3.2432056048709705e-15
878    3.2280811508280894e-15
879    3.2130453779667347e-15
880    3.198097520395284e-15
881    3.1832367788725586e-15
882    3.16846234377764e-15
883    3.1537734152496703e-15
884    3.1391692031698934e-15
885    3.124648932940267e-15
886    3.110211855074831e-15
887    3.0958572217275414e-15
888    3.0815842800327786e-15
889    3.067392283818984e-15
890    3.0532805078400433e-15
891    3.03924824702056e-15
892    3.0252947933694906e-15
893    3.0114194455330507e-15
894    2.9976215335882037e-15
895    2.9839003983811574e-15
896    2.9702553883438476e-15
897    2.9566858593384876e-15
898    2.9431911732782904e-15
899    2.9297707065822938e-15
900    2.9164238939154333e-15
901    2.9031501813463424e-15
902    2.8899489782739606e-15
903    2.876819692704164e-15
904    2.8637618140171967e-15
905    2.8507748907833774e-15
906    2.837858479409215e-15
907    2.825012139500832e-15
908    2.8122354340963083e-15
909    2.7995279213903906e-15
910    2.7868891558273616e-15
911    2.7743187133002823e-15
912    2.7618161791431518e-15
913    2.7493811414898907e-15
914    2.7370131912229092e-15
915    2.7247119133983162e-15
916    2.7124768938966076e-15
917    2.7003077170535248e-15
918    2.6882039561700052e-15
919    2.676165190287196e-15
920    2.6641909971768236e-15
921    2.6522809541831894e-15
922    2.6404346342565816e-15
923    2.628651604539459e-15
924    2.6169314222240374e-15
925    2.6052736647718022e-15
926    2.593677925783843e-15
927    2.5821438019077432e-15
928    2.5706708944702837e-15
929    2.5592588020540793e-15
930    2.54790713533483e-15
931    2.536615514602526e-15
932    2.5253835653857216e-15
933    2.5142109260366955e-15
934    2.503097243636325e-15
935    2.492042173169391e-15
936    2.4810453865306753e-15
937    2.470106572199913e-15
938    2.459225443888975e-15
939    2.448401722351286e-15
940    2.4376351240189485e-15
941    2.4269253337098218e-15
942    2.4162720164534626e-15
943    2.405674827876384e-15
944    2.395133456793657e-15
945    2.384647602971047e-15
946    2.3742169680620282e-15
947    2.363841267057224e-15
948    2.353520221949132e-15
949    2.343253530119917e-15
950    2.3330408877716525e-15
951    2.322882001705496e-15
952    2.312776580972784e-15
953    2.3027243345933443e-15
954    2.2927249775946256e-15
955    2.282778254593637e-15
956    2.272883923316154e-15
957    2.2630417523162103e-15
958    2.25325151298345e-15
959    2.243512976345366e-15
960    2.2338259132218738e-15
961    2.2241901031557954e-15
962    2.2146053426382395e-15
963    2.2050714270572738e-15
964    2.195588152124219e-15
965    2.1861553200986337e-15
966    2.176772711572333e-15
967    2.1674400988046284e-15
968    2.1581572530435907e-15
969    2.1489239454388424e-15
970    2.139739948548161e-15
971    2.130605036754448e-15
972    2.1215189793963246e-15
973    2.1124815323846734e-15
974    2.1034924318088105e-15
975    2.094551403309866e-15
976    2.0856581692961988e-15
977    2.0768124343908537e-15
978    2.068013876067007e-15
979    2.0592621585389344e-15
980    2.0505569396468196e-15
981    2.0418978656648396e-15
982    2.0332845890610115e-15
983    2.024716770358817e-15
984    2.0161940836184014e-15
985    2.0077162175474647e-15
986    1.9992828743849755e-15
987    1.990893779931105e-15
988    1.982548674954465e-15
989    1.9742473118538734e-15
990    1.9659894304301583e-15
991    1.957774753931733e-15
992    1.9496030062828076e-15
993    1.9414739105248458e-15
994    1.9333871871637872e-15
995    1.9253425523625384e-15
996    1.9173397335726936e-15
997    1.9093784772587057e-15
998    1.901458550560237e-15
999    1.8935797174211837e-15
