10    2.7758525514693177e-09   3.1925337726075756e-10
46    9.324518273012366e-11   5.096051728140462e-12
82    1.7514353369353768e-11   7.186242228555519e-13
118    5.63396213509735e-12   1.9288229218418163e-13
154    2.356961307006135e-12   7.06697434099741e-14
190    1.1437695035700053e-12   3.088543094605517e-14
226    6.153266632887269e-13   1.523951284097757e-14
262    3.5857409509055296e-13   8.2507089746897e-15
298    2.2442937762330605e-13   4.84438824049743e-15
334    1.4682958093213513e-13   2.9959023860156797e-15
370    9.997206049320347e-14   1.940193384592638e-15
406    6.986428561629256e-14   1.2964995705584918e-15
442    5.0303500054937225e-14   8.969181352970635e-16
478    3.7052930997923276e-14   6.378490315003399e-16
514    2.7899415887120013e-14   4.661126130853698e-16
550    2.137454834022287e-14   3.484991131924558e-16
586    1.6613963731911318e-14   2.658352798079676e-16
622    1.3074801242856707e-14   2.0652672129721623e-16
658    1.044018676579425e-14   1.639713718714e-16
694    8.427712951885583e-15   1.3293412706838606e-16
730    6.858573167085659e-15   1.101018744428094e-16
766    5.644608159684483e-15   9.352574233780671e-17
802    4.683487753641147e-15   8.116738965988747e-17
838    3.91011506100965e-15   7.1774532714034e-17
874    3.289119023528695e-15   6.48038841851386e-17
910    2.7868891558273616e-15   5.991396656905315e-17
946    2.3742169680620282e-15   5.678941126683182e-17
982    2.0332845890610115e-15   5.50767538956704e-17
