18  1.3399908786954848e-06
54  3.376537003632543e-06
90  4.3023576516536785e-06
126  4.806427564630145e-06
162  5.09250385231161e-06
198  5.260208630695323e-06
234  5.3749274631385985e-06
270  5.473079803051491e-06
306  5.609619430219349e-06
342  5.687764647059298e-06
378  5.792094898543017e-06
414  5.860110519204e-06
450  5.956040343103387e-06
486  6.0470309681224526e-06
522  6.1260211001302815e-06
558  6.222802019853414e-06
594  6.3076286586607695e-06
630  6.388370783199501e-06
666  6.47872013137193e-06
702  6.5620742813784565e-06
738  6.641552772326746e-06
774  6.725487577650538e-06
810  6.805972571315404e-06
846  6.882001235338508e-06
882  6.958291104369998e-06
918  7.033877442494454e-06
954  7.1061158859124344e-06
990  7.176058531210866e-06
