10    1.5979144269633259e-09   9.442558988381782e-08
46    4.19968492240896e-11   4.786863291959277e-08
82    7.610543199111101e-12   3.969788298085641e-08
118    2.4484436733561467e-12   3.708780381947816e-08
154    1.0358788857383908e-12   3.680787947047746e-08
190    5.175568503066562e-13   3.8218906419216567e-08
226    2.9082788814641547e-13   3.6623873915234287e-08
262    1.7860882156959313e-13   4.542098210796954e-08
298    1.1680108565177626e-13   3.940650630394951e-08
334    8.016323536952508e-14   5.3592989504503195e-08
370    5.7821065464114e-14   3.934603313185574e-08
406    4.286538855772733e-14   2.7402129362231073e-08
442    3.273614341216245e-14   3.462191630555367e-08
478    2.5634427839902965e-14   5.525600770553675e-08
514    2.040180242616009e-14   3.05687498990203e-08
550    1.6566963415066893e-14   4.843988468357811e-08
586    1.3678474876737939e-14   2.517119328587346e-08
622    1.1437515133029662e-14   3.901658456532965e-08
658    9.674047360310481e-15   3.453114665406381e-08
694    8.266137936011628e-15   1.8010729793242882e-08
730    7.13329131324891e-15   1.1854696057963184e-08
766    6.240652938762871e-15   1.4737381028276958e-08
802    5.4815178177066066e-15   7.668631566445125e-09
838    4.844279560641681e-15   1.795923114209814e-08
874    4.307789705599302e-15   1.5805972973170093e-08
910    3.8543608742949836e-15   7.3965526182055245e-09
946    3.465712868338671e-15   6.716133649530777e-09
982    3.1342434334319394e-15   6.882379286788445e-09
