18  1.4105679241338558e-06
54  3.4219688418471104e-06
90  4.347244230509627e-06
126  4.8579386894584606e-06
162  5.153592662130897e-06
198  5.345053263076023e-06
234  5.491697975999638e-06
270  5.639946434147559e-06
306  5.783162326674241e-06
342  5.913197869296841e-06
378  6.0941129290241595e-06
414  6.24684999525917e-06
450  6.4258570881049024e-06
486  6.607001479873223e-06
522  6.779993950542757e-06
558  6.978469416843167e-06
594  7.190598770280838e-06
630  7.404742777372252e-06
666  7.624497307721225e-06
702  7.847020043711109e-06
738  8.088423822322652e-06
774  8.37159265481262e-06
810  8.632075840536472e-06
846  8.893811108599378e-06
882  9.163446019361664e-06
918  9.440662818164203e-06
954  9.721420685245871e-06
990  1.0024602444009652e-05
