10  2.895807419433227e-17
46  3.1778063094847295e-17
82  3.898558675621135e-17
118  5.004931730032102e-17
154  6.269237354194605e-17
190  7.609047790244187e-17
226  9.30953790676306e-17
262  1.1830143563151933e-16
298  1.5386971518155917e-16
334  1.9568314508919454e-16
370  2.366269844319683e-16
406  2.762213264599339e-16
442  3.227419799925341e-16
478  3.8614482458998867e-16
514  4.699607388378615e-16
550  5.659550310013369e-16
586  6.608301189287852e-16
622  7.516961655625758e-16
658  8.502870548040543e-16
694  9.725253052026309e-16
730  1.1263560578049262e-15
766  1.3032907638267763e-15
802  1.4863017600446842e-15
838  1.6667245624536834e-15
874  1.8530599988575994e-15
910  2.064144592945225e-15
946  2.3138512619087106e-15
982  2.5990600602981386e-15
