10  1.1243181869700153e-07
46  1.216077621460437e-07
82  1.3437035858980996e-07
118  1.504585862270013e-07
154  1.7050462084830517e-07
190  1.9658861119102084e-07
226  2.0541470032031863e-07
262  2.742550563530602e-07
298  2.537310709570577e-07
334  3.652916128879718e-07
370  2.822466021213926e-07
406  2.0589616073881062e-07
442  2.714197456044086e-07
478  4.504578936057774e-07
514  2.584068879421313e-07
550  4.235605436283175e-07
586  2.2718075494303466e-07
622  3.6278779285394237e-07
658  3.3023464148905577e-07
694  1.7688913869357685e-07
730  1.194082296631404e-07
766  1.5205829821688593e-07
802  8.09606741523136e-08
838  1.9380858662837948e-07
874  1.741946782611826e-07
910  8.317696275244552e-08
946  7.700401524186944e-08
982  8.0396773003347e-08
