18  1.1280252698496278e-07
54  1.1995870516452957e-07
90  1.2715548838240112e-07
126  1.3273222620475799e-07
162  1.358627808843862e-07
198  1.2659666283798417e-07
234  1.337324179880517e-07
270  1.2715601932546147e-07
306  1.042727750556745e-07
342  1.0482826390533096e-07
378  9.260027011789646e-08
414  7.149924406975242e-08
450  6.297115589312527e-08
486  6.30289279052224e-08
522  5.562233472285187e-08
558  4.6213387895544045e-08
594  3.887912803667751e-08
630  3.489402377488156e-08
666  3.137828872208517e-08
702  2.4689652476461816e-08
738  2.5895198632237573e-08
774  2.3478132300719327e-08
810  1.8297603954177694e-08
846  1.8861958727444416e-08
882  1.98481281437586e-08
918  1.5450474309812003e-08
954  1.5527394247187005e-08
990  1.386168928172268e-08
