10  8.63097985232877e-25
60  2.4078969474780844e-26
110  7.195100322815729e-27
160  3.415589104342553e-27
210  1.9913696786360765e-27
260  1.304758734700906e-27
310  9.218101486420993e-28
360  6.865139568379075e-28
410  5.315910914367518e-28
460  4.2415277865903155e-28
510  3.465706134273534e-28
560  2.887032537345779e-28
610  2.4437976568598125e-28
660  2.096697433626893e-28
710  1.8197309955638364e-28
760  1.595138881409093e-28
810  1.4104541703683222e-28
860  1.256715540952881e-28
910  1.127346745890648e-28
960  1.0174329192078724e-28
1010  9.232407930176272e-29
1060  8.418932572167852e-29
1110  7.71143783314483e-29
1160  7.092175135350933e-29
1210  6.546969524740581e-29
1260  6.064390502439059e-29
1310  5.635135617398871e-29
1360  5.251573037217445e-29
1410  4.9073925013278876e-29
1460  4.5973403092608033e-29
1510  4.3170128007380525e-29
1560  4.0626970084227783e-29
1610  3.8312440972096217e-29
1660  3.6199694053108475e-29
1710  3.426571994418535e-29
1760  3.2490719746186217e-29
1810  3.085756024050496e-29
1860  2.9351378151385424e-29
1910  2.795920434536824e-29
1960  2.666969892032546e-29
2010  2.547289852812556e-29
2060  2.4360028020836653e-29
2110  2.332333314267643e-29
2160  2.2355937525668945e-29
2210  2.1451723733965697e-29
2260  2.060524517266727e-29
2310  1.981162476279425e-29
2360  1.906650353515241e-29
2410  1.8365948718960286e-29
2460  1.770644270750328e-29
