18   9.281106048260799e-22
54   1.858938042658715e-21
90   3.0200989654847552e-21
126   4.5378981881963505e-21
162   6.7255961263528616e-21
198   9.263521150661686e-21
234   1.2215468505961606e-20
270   1.6029854535013654e-20
306   2.1482851682034437e-20
342   2.884668736040829e-20
378   3.5958302880989446e-20
414   4.24934022104768e-20
450   5.0313415722252327e-20
486   5.8332130886381e-20
522   6.989075510021707e-20
558   7.931174751709972e-20
594   9.480956829134283e-20
630   1.2034175653217773e-19
666   1.5403533759355558e-19
