10    1.792385963159687e-08
11    1.8767164100069096e-08
12    1.9541624949761033e-08
13    2.0246659105519632e-08
14    2.0880236574949704e-08
15    2.148656327604697e-08
16    2.1969310556120113e-08
17    2.2386751590007626e-08
18    2.2748961608283984e-08
19    2.307354666310369e-08
20    2.3347754146849635e-08
21    2.357632732297385e-08
22    2.376691754175815e-08
23    2.390920827751873e-08
24    2.4015106372147837e-08
25    2.4095948910056218e-08
26    2.4114334176954587e-08
27    2.4119656384236915e-08
28    2.4096829272881887e-08
29    2.404747187054797e-08
30    2.3982284734321665e-08
31    2.3877000999733327e-08
32    2.3756555403721326e-08
33    2.3610561702079926e-08
34    2.3444703187521448e-08
35    2.3269748811637487e-08
36    2.307026603565081e-08
37    2.285444062806183e-08
38    2.2624073686848308e-08
39    2.2342001660779937e-08
40    2.2089716099163623e-08
41    2.1830276502811347e-08
42    2.156468989732345e-08
43    2.1293797460050874e-08
44    2.101833352502724e-08
45    2.0739017581018098e-08
46    2.045648035124692e-08
47    2.017131835809822e-08
48    1.988412063563377e-08
49    1.9595524198991405e-08
50    1.9306145445120166e-08
51    1.901657223006625e-08
52    1.8727405706360603e-08
53    1.8439274318262606e-08
54    1.81528824660978e-08
55    1.7868903012549986e-08
56    1.758798612061069e-08
57    1.7310718838098184e-08
58    1.7035331635484017e-08
59    1.6769464895046803e-08
60    1.6508643585890236e-08
61    1.6253158202210492e-08
62    1.600324370478211e-08
63    1.5759059727854688e-08
64    1.552074127016951e-08
65    1.5288402504694222e-08
66    1.5062124533785694e-08
67    1.484197506212951e-08
68    1.4627994134422417e-08
69    1.4420194451677677e-08
70    1.4218579783473075e-08
71    1.402314608050685e-08
72    1.3833861218401687e-08
73    1.3657551742634257e-08
74    1.3479902450799067e-08
75    1.3308156801685352e-08
76    1.3142251037344478e-08
77    1.298212266137357e-08
78    1.2827699576439123e-08
79    1.2678899260244982e-08
80    1.2535643728550307e-08
81    1.2397841471818145e-08
82    1.2265375322774641e-08
83    1.2138105050118188e-08
84    1.2015845202893476e-08
85    1.1898378637308172e-08
86    1.1785464489678366e-08
87    1.167680388257084e-08
88    1.1572065932321492e-08
89    1.1470932764647458e-08
90    1.137310646537759e-08
91    1.127830917766841e-08
92    1.1186283591373378e-08
93    1.1096784395183189e-08
94    1.1009593668822474e-08
95    1.0924520802037397e-08
96    1.0841371774948265e-08
97    1.0759946964105625e-08
98    1.0680095116474504e-08
99    1.0601764619441941e-08
100    1.052474076003574e-08
101    1.0448859478530318e-08
102    1.0373979603374377e-08
103    1.0299926152230051e-08
104    1.0226535531907286e-08
105    1.0153659812085885e-08
106    1.0081163139704127e-08
107    1.0008922184974946e-08
108    9.93682601168129e-09
109    9.864773257744992e-09
110    9.792670761300267e-09
111    9.720431510213888e-09
112    9.647976992714576e-09
113    9.575240074662264e-09
114    9.50216168430823e-09
115    9.428684427673124e-09
116    9.354756182927469e-09
117    9.280330169101947e-09
118    9.205363789326035e-09
119    9.129818182527244e-09
120    9.053659051273727e-09
121    8.9768642046765e-09
122    8.899421077703458e-09
123    8.821323932325848e-09
124    8.742573110427855e-09
125    8.663177554966684e-09
126    8.58315760057646e-09
127    8.502540528899542e-09
128    8.421360318100802e-09
129    8.339660137374232e-09
130    8.257487965254241e-09
131    8.174893839071583e-09
132    8.091930411976066e-09
133    8.008655876257498e-09
134    7.92513831784441e-09
135    7.841450688539936e-09
136    7.757666827980716e-09
137    7.673861893680172e-09
138    7.590107933653134e-09
139    7.506475713478229e-09
140    7.423035325753179e-09
141    7.339861781470164e-09
142    7.25703356033495e-09
143    7.174626003828383e-09
144    7.092713027258496e-09
145    7.011363073945548e-09
146    6.930638908622339e-09
147    6.8505985901604565e-09
148    6.77129797669816e-09
149    6.692795459059231e-09
150    6.615147554834124e-09
151    6.538407518189676e-09
152    6.4626259238484e-09
153    6.387848414511278e-09
154    6.314116846362769e-09
155    6.241468669083666e-09
156    6.169938753882497e-09
157    6.0995617306209e-09
158    6.030371312820515e-09
159    5.962400563323756e-09
160    5.89567862015477e-09
161    5.830229953634769e-09
162    5.766075347076735e-09
163    5.703232862145531e-09
164    5.641721029773789e-09
165    5.58155997025922e-09
166    5.5227726103764435e-09
167    5.465370986609814e-09
168    5.409357869732011e-09
169    5.3547349341779305e-09
170    5.301505040834992e-09
171    5.249668229270611e-09
172    5.199221669306425e-09
173    5.150159289488054e-09
174    5.102471879903569e-09
175    5.056145957360826e-09
176    5.011165850461973e-09
177    4.967512422893647e-09
178    4.925161298078285e-09
179    4.884087344158444e-09
180    4.844265222485287e-09
181    4.8056679568101045e-09
182    4.768267229657022e-09
183    4.7320305118282605e-09
184    4.6969188844748866e-09
185    4.662891256616639e-09
186    4.6299060688116635e-09
187    4.597918954293839e-09
188    4.566885697717411e-09
189    4.536764238896041e-09
190    4.507513025200394e-09
191    4.479090186270039e-09
192    4.451454679355976e-09
193    4.4245628491149204e-09
194    4.398368903482606e-09
195    4.3728260370678414e-09
196    4.34788732989462e-09
197    4.323506646896132e-09
198    4.299640536497747e-09
199    4.2762478143095034e-09
200    4.253288219463328e-09
201    4.230723023451999e-09
202    4.208515673106232e-09
203    4.186628757712977e-09
204    4.165024838885972e-09
205    4.1436667499849025e-09
206    4.122518366526225e-09
207    4.101545234162992e-09
208    4.0807148108901185e-09
209    4.059996543108887e-09
210    4.039362488079066e-09
211    4.018786490711717e-09
212    3.99824335274763e-09
213    3.977708247077234e-09
214    3.957157272554527e-09
215    3.9365674245876536e-09
216    3.915917081578244e-09
217    3.895186205850735e-09
218    3.874357130679366e-09
219    3.853415122840532e-09
220    3.8323465766303466e-09
221    3.8111385942005835e-09
222    3.789779464243657e-09
223    3.768258975123282e-09
224    3.7465686326253105e-09
225    3.724701666299945e-09
226    3.7026522404709142e-09
227    3.680416310469115e-09
228    3.6579925270231916e-09
229    3.6353813657684223e-09
230    3.612582985691776e-09
231    3.589597495732358e-09
232    3.5664273664157955e-09
233    3.5430771283631336e-09
234    3.519554196769311e-09
235    3.4958669067961305e-09
236    3.4720241957561894e-09
237    3.44803586976308e-09
238    3.4239128857015806e-09
239    3.3996665483147223e-09
240    3.3779531946497798e-09
241    3.353436320283004e-09
242    3.328822233543295e-09
243    3.304125005607863e-09
244    3.279360427020061e-09
245    3.2545446636530375e-09
246    3.2296933861325065e-09
247    3.2048223488002254e-09
248    3.179948926302265e-09
249    3.1550918679918375e-09
250    3.1302694722052773e-09
251    3.1055000382178686e-09
252    3.0807998179243834e-09
253    3.056184042434567e-09
254    3.0316677529008825e-09
255    3.007265139925642e-09
256    2.982992713373293e-09
257    2.9588725918677824e-09
258    2.9349266661229885e-09
259    2.9111695632867166e-09
260    2.887613023130231e-09
261    2.8642676769853585e-09
262    2.841144973675211e-09
263    2.8182594306338895e-09
264    2.7956272946741862e-09
265    2.7732622550078977e-09
266    2.7511738657238735e-09
267    2.729371443908869e-09
268    2.707865055820487e-09
269    2.6866646119412324e-09
270    2.6657795955000028e-09
271    2.645217441332965e-09
272    2.6262150566481636e-09
273    2.606381523597149e-09
274    2.586878088792235e-09
275    2.5677075259585667e-09
276    2.5488720524660474e-09
277    2.5303752667775148e-09
278    2.5122217770524133e-09
279    2.4944199222056368e-09
280    2.4769786355830507e-09
281    2.4598997820159037e-09
282    2.4431783452198818e-09
283    2.4268100680337502e-09
284    2.4107908450708034e-09
285    2.395116691711379e-09
286    2.3797849400432424e-09
287    2.3647937031098674e-09
288    2.3501415443894324e-09
289    2.335825321510719e-09
290    2.3218380514994714e-09
291    2.3081719983141126e-09
292    2.294819137019819e-09
293    2.28177073725085e-09
294    2.269018472695668e-09
295    2.2565539135671654e-09
296    2.244368298792221e-09
297    2.232453704087722e-09
298    2.220802617073338e-09
299    2.209407193709518e-09
300    2.198257941540539e-09
301    2.1873438269898756e-09
302    2.176653359293942e-09
303    2.166177180032029e-09
304    2.155906304482592e-09
305    2.145829537691805e-09
306    2.1359339122427446e-09
307    2.126206658225149e-09
308    2.1166375730920325e-09
309    2.107216686796348e-09
310    2.097931541934336e-09
311    2.0887680953305243e-09
312    2.0797116976422463e-09
313    2.0707490145493073e-09
314    2.0618720330937136e-09
315    2.0530841039093306e-09
316    2.0443906388399174e-09
317    2.035789269905089e-09
318    2.027265457326344e-09
319    2.0188022157408794e-09
320    2.010384555081841e-09
321    2.0020100670521623e-09
322    1.993674355691765e-09
323    1.985367828451942e-09
324    1.977082700782708e-09
325    1.9688110261705762e-09
326    1.9605438431756585e-09
327    1.952271082241721e-09
328    1.943987718235286e-09
329    1.9356932211442628e-09
330    1.9273863759942554e-09
331    1.919059998746061e-09
332    1.9107053942654117e-09
333    1.902313410541734e-09
334    1.8938740842367618e-09
335    1.8853801958976726e-09
336    1.8768347292792777e-09
337    1.8682538115412813e-09
338    1.8596564601102164e-09
339    1.8526436911670158e-09
340    1.8438714557075682e-09
341    1.8350196677062446e-09
342    1.8260781683095304e-09
343    1.8170413973296287e-09
344    1.8079334143611568e-09
345    1.7987967448967682e-09
346    1.789664030776196e-09
347    1.7805289196654704e-09
348    1.7713695891697633e-09
349    1.7621648924289434e-09
350    1.75289715993929e-09
351    1.7435729114183322e-09
352    1.734221117200367e-09
353    1.7248690351527054e-09
354    1.7155205503931247e-09
355    1.7061731267522482e-09
356    1.6968228794072504e-09
357    1.687463000237696e-09
358    1.6780885351536779e-09
359    1.6687034192931477e-09
360    1.6593136329303983e-09
361    1.649925889312336e-09
362    1.6405479208746437e-09
363    1.6311867908508361e-09
364    1.6218473660183204e-09
365    1.6125340002893e-09
366    1.6032509913093265e-09
367    1.5940022819327138e-09
368    1.5847915146137446e-09
369    1.5756228791138995e-09
370    1.566500514488613e-09
371    1.5574286588995715e-09
372    1.5484115643076315e-09
373    1.5394533684232858e-09
374    1.5305581119404197e-09
375    1.5217296965042766e-09
376    1.5141153362873467e-09
377    1.5054033583210732e-09
378    1.496763416695609e-09
379    1.488198951974049e-09
380    1.4797133286270814e-09
381    1.4713097663355758e-09
382    1.4629909204198352e-09
383    1.4547590984821428e-09
384    1.4466165000870715e-09
385    1.4385652405571403e-09
386    1.430607415003052e-09
387    1.4227450253629798e-09
388    1.4149799241603767e-09
389    1.407313778362416e-09
390    1.3997480553258246e-09
391    1.392283917388812e-09
392    1.3849222121263949e-09
393    1.3776632886626642e-09
394    1.37050722642738e-09
395    1.3634540878990434e-09
396    1.356503965549244e-09
397    1.349656882762226e-09
398    1.3429126529461343e-09
399    1.3362709684926496e-09
400    1.3297312455136363e-09
401    1.3232928207088576e-09
402    1.3169550377252531e-09
403    1.3107172780548295e-09
404    1.304578943678018e-09
405    1.2985393034663834e-09
406    1.2925969989184418e-09
407    1.286750196123425e-09
408    1.2809967911121437e-09
409    1.2753340412111485e-09
410    1.269759013565202e-09
411    1.2642688302705697e-09
412    1.258860748525027e-09
413    1.2535322845782773e-09
414    1.2482810504585605e-09
415    1.243104644026841e-09
416    1.2380004536742147e-09
417    1.232965868873319e-09
418    1.2279983569688753e-09
419    1.2230955063368227e-09
420    1.2182550596745108e-09
421    1.21347477940096e-09
422    1.2087519517238345e-09
423    1.204083506496259e-09
424    1.199466403096883e-09
425    1.1948974491912096e-09
426    1.1903732359824122e-09
427    1.1858904394004018e-09
428    1.1814458254299652e-09
429    1.1770364248726715e-09
430    1.1726595602011268e-09
431    1.1683126607189655e-09
432    1.163993202401492e-09
433    1.1596987022549542e-09
434    1.155426735609518e-09
435    1.1511749433516541e-09
436    1.1469410641939845e-09
437    1.1427229799313035e-09
438    1.1385186533848554e-09
439    1.1343260819627669e-09
440    1.1301433657981803e-09
441    1.1259687449249301e-09
442    1.1218006812613941e-09
443    1.1176377131951468e-09
444    1.1134784277812284e-09
445    1.1093214425755092e-09
446    1.1051654506119476e-09
447    1.1010093287926788e-09
448    1.096852050475516e-09
449    1.0926926793725267e-09
450    1.0885304141672107e-09
451    1.0843644864059614e-09
452    1.080194143993588e-09
453    1.07601863081471e-09
454    1.0718372189601443e-09
455    1.067649236344962e-09
456    1.0634542196210097e-09
457    1.058405099956664e-09
458    1.0541714741792887e-09
459    1.049935384365476e-09
460    1.0456970454459192e-09
461    1.04145674948286e-09
462    1.037214792679591e-09
463    1.0329714665716866e-09
464    1.0287269553555985e-09
465    1.0244812788107511e-09
466    1.020234470378512e-09
467    1.0159866678860816e-09
468    1.0117382379488982e-09
469    1.0074900919457538e-09
470    1.0032433329107955e-09
471    9.98999036066324e-10
472    9.947582456352742e-10
473    9.90521979710742e-10
474    9.862912309440248e-10
475    9.820669669202062e-10
476    9.786789923717072e-10
477    9.744448399391855e-10
478    9.702177880209264e-10
479    9.65999405905649e-10
480    9.617912181486741e-10
481    9.575947106788426e-10
482    9.534112833010008e-10
483    9.492421581018937e-10
484    9.450884525813104e-10
485    9.409512507731073e-10
486    9.368316704949203e-10
487    9.327308367020575e-10
488    9.28649842861853e-10
489    9.245897488121249e-10
490    9.205515711241931e-10
491    9.165362577649177e-10
492    9.125447047128891e-10
493    9.085778575649893e-10
494    9.046367590324129e-10
495    9.007223870538255e-10
496    8.96835619507749e-10
497    8.929772136906214e-10
498    8.89147940924413e-10
499    8.85348539809946e-10
500    8.815796983996145e-10
501    8.778420834828783e-10
502    8.741362962435993e-10
503    8.704628506817392e-10
504    8.668222239019316e-10
505    8.63214817101742e-10
506    8.596409277680846e-10
507    8.56100830956068e-10
508    8.525947890403474e-10
509    8.49123063007867e-10
510    8.45685916247943e-10
511    8.422835887571675e-10
512    8.389162811089435e-10
513    8.35584001290314e-10
514    8.322865593484952e-10
515    8.290236824666531e-10
516    8.257950183098205e-10
517    8.226000020753156e-10
518    8.194379841591915e-10
519    8.16308331819461e-10
520    8.132104211457023e-10
521    8.10143665884192e-10
522    8.071075826609805e-10
523    8.041017027813912e-10
524    8.011255620484767e-10
525    7.981786687521642e-10
526    7.952604545544197e-10
527    7.923703483283925e-10
528    7.895077894297551e-10
529    7.86672231277192e-10
530    7.838631540373187e-10
531    7.810800841373694e-10
532    7.783225724821032e-10
533    7.755900934128349e-10
534    7.728819508999346e-10
535    7.701973748769976e-10
536    7.675355940966801e-10
537    7.648957948979974e-10
538    7.622770497178606e-10
539    7.596784220127326e-10
540    7.570990101756779e-10
541    7.545379401932329e-10
542    7.519943714989542e-10
543    7.494675493855254e-10
544    7.469567869204642e-10
545    7.444614197837004e-10
546    7.419807851620458e-10
547    7.395142081265718e-10
548    7.370610245254347e-10
549    7.346205826665189e-10
550    7.321922426462277e-10
551    7.297753724784278e-10
552    7.27369366034864e-10
553    7.249736428122275e-10
554    7.225876194606866e-10
555    7.202106709610431e-10
556    7.178421858973511e-10
557    7.154816103176516e-10
558    7.131284608337545e-10
559    7.107823333622215e-10
560    7.084428178302606e-10
561    7.061095114854685e-10
562    7.037820307083688e-10
563    7.014600000181203e-10
564    6.991430261722563e-10
565    6.968307278123409e-10
566    6.945227501394148e-10
567    6.922187491140917e-10
568    6.899184378919039e-10
569    6.876215947337436e-10
570    6.853280068259221e-10
571    6.830374663578754e-10
572    6.807497679692899e-10
573    6.784646992829254e-10
574    6.761820418298323e-10
575    6.739015757446042e-10
576    6.716231171838948e-10
577    6.693466278279799e-10
578    6.670721879938816e-10
579    6.647999212136722e-10
580    6.625299696831637e-10
581    6.602625766580669e-10
582    6.579980835230775e-10
583    6.557368337304405e-10
584    6.534791519245847e-10
585    6.512253508840591e-10
586    6.489757242410465e-10
587    6.467305082990857e-10
588    6.444899117040732e-10
589    6.422541345387349e-10
590    6.400233762530795e-10
591    6.377978719655017e-10
592    6.355778696225119e-10
593    6.333636121377359e-10
594    6.311553375639898e-10
595    6.289532786342224e-10
596    6.267576618937363e-10
597    6.245686926448344e-10
598    6.22386560849526e-10
599    6.202114699617922e-10
