1e-06   1.973038570672242
1.0162650893929951e-06   1.973038570672242
1.0327947319189525e-06   1.973038570672242
1.0495932305582266e-06   1.973038570672242
1.0666649582795387e-06   1.973038570672242
1.084014359178331e-06   1.973038570672242
1.101645949633657e-06   1.973038570672242
1.1195643194838795e-06   1.973038570672242
1.1377741332214902e-06   1.973038570672242
1.1562801312073753e-06   1.973038570672242
1.1750871309048075e-06   1.973038570672242
1.1942000281335324e-06   1.973038570672242
1.2136237983442419e-06   1.973038570672242
1.2333634979137747e-06   1.973038570672242
1.2534242654613996e-06   1.973038570672242
1.2738113231864784e-06   1.973038570672242
1.294529978227916e-06   1.973038570672242
1.3155856240457052e-06   1.973038570672242
1.3369837418249452e-06   1.973038570672242
1.3587299019027092e-06   1.973038570672242
1.3808297652180924e-06   1.973038570672242
1.4032890847858731e-06   1.973038570672242
1.4261137071941298e-06   1.973038570672242
1.4493095741262152e-06   1.973038570672242
1.4728827239075018e-06   1.973038570672242
1.4968392930772555e-06   1.973038570672242
1.5211855179861048e-06   1.973038570672242
1.5459277364194786e-06   1.973038570672242
1.5710723892474488e-06   1.973038570672242
1.596626022101425e-06   1.973038570672242
1.6225952870780872e-06   1.973038570672242
1.648986944471065e-06   1.973038570672242
1.6758078645307687e-06   1.973038570672242
1.7030650292528427e-06   1.973038570672242
1.730765534195724e-06   1.973038570672242
1.7589165903277326e-06   1.973038570672242
1.7875255259042354e-06   1.973038570672242
1.8165997883753285e-06   1.973038570672242
1.8461469463245456e-06   1.973038570672242
1.8761746914391196e-06   1.973038570672242
1.906690840512252e-06   1.973038570672242
1.937703337477989e-06   1.973038570672242
1.9692202554791733e-06   1.973038570672242
2.001249798969035e-06   1.973038570672242
2.03380030584698e-06   1.973038570672242
2.066880249629082e-06   1.973038570672242
2.1004982416539153e-06   1.973038570672242
2.1346630333242456e-06   1.973038570672242
2.169383518385182e-06   1.973038570672242
2.2046687352394075e-06   1.973038570672242
2.240527869300018e-06   1.973038570672242
2.27697025538168e-06   1.973038570672242
2.3140053801306542e-06   1.973038570672242
2.351642884494351e-06   1.973038570672242
2.389892566231048e-06   1.973038570672242
2.4287643824604506e-06   1.973038570672242
2.4682684522556926e-06   1.973038570672242
2.508415059277541e-06   1.973038570672242
2.549214654451426e-06   1.973038570672242
2.5906778586880063e-06   1.973038570672242
2.63281546564802e-06   1.973038570672242
2.6756384445520452e-06   1.973038570672242
2.719157943036019e-06   1.973038570672242
2.763385290053173e-06   1.973038570672242
2.8083319988231696e-06   1.973038570672242
2.8540097698292375e-06   1.973038570672242
2.9004304938639916e-06   1.973038570672242
2.9476062551248585e-06   1.973038570672242
2.995549334359816e-06   1.973038570672242
3.0442722120642998e-06   1.973038570672242
3.0937875717301367e-06   1.973038570672242
3.144108303147265e-06   1.973038570672242
3.1952475057592136e-06   1.973038570672242
3.247218492073132e-06   1.973038570672242
3.300034791125282e-06   1.973038570672242
3.3537101520029288e-06   1.973038570672242
3.408258547423452e-06   1.973038570672242
3.4636941773717343e-06   1.973038570672242
3.5200314727966823e-06   1.973038570672242
3.5772850993678697e-06   1.973038570672242
3.6354699612933177e-06   1.973038570672242
3.6946012051993024e-06   1.973038570672242
3.754694224073337e-06   1.973038570672242
3.8157646612712525e-06   1.973038570672242
3.877828414589453e-06   1.973038570672242
3.9409016404034476e-06   1.973038570672242
4.005000757873611e-06   1.973038570672242
4.070142453219439e-06   1.973038570672242
4.136343684063278e-06   1.973038570672242
4.203621683844718e-06   1.973038570672242
4.271993966306777e-06   1.973038570672242
4.3414783300550925e-06   1.973038570672242
4.41209286319119e-06   1.973038570672242
4.4838559480211905e-06   1.973038570672242
4.556786265841069e-06   1.973038570672242
4.630902801799737e-06   1.973038570672242
4.706224849841281e-06   1.973038570672242
4.782772017727485e-06   1.973038570672242
4.8605642321421384e-06   1.973038570672242
4.939621743878326e-06   1.973038570672242
5.019965133110079e-06   1.973038570672242
5.101615314749834e-06   1.973038570672242
5.184593543892913e-06   1.973038570672242
5.268921421350677e-06   1.973038570672242
5.354620899273613e-06   1.973038570672242
5.441714286865887e-06   1.973038570672242
5.5302242561929e-06   1.973038570672242
5.620173848083188e-06   1.973038570672242
5.711586478126435e-06   1.973038570672242
5.804485942768984e-06   1.973038570672242
5.898896425508493e-06   1.973038570672242
5.994842503189409e-06   1.973038570672242
6.0923491524007115e-06   1.973038570672242
6.1914417559778475e-06   1.973038570672242
6.2921461096103505e-06   1.973038570672242
6.394488428556936e-06   1.973038570672242
6.4984953544698886e-06   1.973038570672242
6.604193962330305e-06   1.973038570672242
6.711611767496287e-06   1.973038570672242
6.820776732865692e-06   1.973038570672242
6.9317172761554005e-06   1.973038570672242
7.044462277299037e-06   1.973038570672242
7.1590410859648885e-06   1.973038570672242
7.275483529196233e-06   1.973038570672242
7.393819919175873e-06   1.973038570672242
7.514081061116962e-06   1.973038570672242
7.636298261282242e-06   1.973038570672242
7.76050333513357e-06   1.973038570672242
7.886728615614156e-06   1.973038570672242
8.015006961565414e-06   1.973038570672242
8.145371766280737e-06   1.973038570672242
8.277856966198472e-06   1.973038570672242
8.412497049736117e-06   1.973038570672242
8.549327066268385e-06   1.973038570672242
8.688382635251194e-06   1.973038570672242
8.829699955494083e-06   1.973038570672242
8.97331581458352e-06   1.973038570672242
9.119267598459298e-06   1.973038570672242
9.267593301146882e-06   1.973038570672242
9.418331534647961e-06   1.973038570672242
9.571521538991856e-06   1.973038570672242
9.727203192450538e-06   1.973038570672242
9.885417021919573e-06   1.973038570672242
1.0046204213468132e-05   1.973038570672242
1.0209606623060476e-05   1.973038570672242
1.0375666787451848e-05   1.9747081928431545
1.0544427935261684e-05   2.005541828197497
1.0715933998226711e-05   2.0368569148242615
1.0890229622637305e-05   2.068660969100516
1.1067360180959745e-05   2.100961624708219
1.1247371783647507e-05   2.1337666344639845
1.1430311291144787e-05   2.1670838721774137
1.1616226326085018e-05   2.20092133453832
1.1805165285688056e-05   2.2352871430334162
1.1997177354358856e-05   2.270189545892886
1.2192312516491094e-05   2.3056369200672577
1.2390621569479157e-05   2.341637773235123
1.259215613694151e-05   2.3782007458421326
1.2796968682159416e-05   2.4153346133506073
1.3005112521734099e-05   2.453048289763343
1.3216641839466038e-05   2.491350829104615
1.3431611700460154e-05   2.530251426818877
1.3650078065460137e-05   2.569759421973483
1.387209780541621e-05   2.6098842995026974
1.4097728716289677e-05   2.650635692341479
1.4327029534098295e-05   2.692023381629931
1.4560059950206486e-05   2.73405729939287
1.4796880626863964e-05   2.7767475325399267
1.5037553212997385e-05   2.8201043253247913
1.5282140360258708e-05   2.8641380817972726
1.5530705739334586e-05   2.9088593683882897
1.5783314056521164e-05   2.9542789193018804
1.60400310705682e-05   3.0004076397996835
1.630092360979741e-05   3.0472566057493604
1.656605958949915e-05   3.094837066103355
1.6835508029612008e-05   3.1431604456061066
1.7109339072690134e-05   3.192238347504141
1.7387624002162504e-05   3.242082552987232
1.7670435260889467e-05   3.292705021200104
1.795784647002097e-05   3.3441178971292373
1.8249932448161504e-05   3.396333515079743
1.8546769230846977e-05   3.4493644016216938
1.8848434090337955e-05   3.5032232785902484
1.915500555573528e-05   3.55792307084404
1.9466563433422632e-05   3.6134769177508095
1.978318882784162e-05   3.669898166455895
2.010496416260497e-05   3.727200373088296
2.0431973201952705e-05   3.785397306042062
2.0764301072557747e-05   3.8445029493094913
2.1102034285685967e-05   3.9045315011390422
2.1445260759716654e-05   3.9654973617230533
2.1794069843029538e-05   4.0274151502174185
2.2148552337263592e-05   4.090299713277884
2.2508800520954618e-05   4.154166128588252
2.287490817355704e-05   4.2190297084430295
2.3246970599856455e-05   4.284906005203439
2.362508465477945e-05   4.351810825674523
2.4009348768606518e-05   4.419760228421528
2.43998629725955e-05   4.488770522778447
2.47967289250216e-05   4.558858272748999
2.5200049937640895e-05   4.630040300984068
2.5609931002584567e-05   4.702333693045423
2.6026478819690045e-05   4.775755803842929
2.64498018242772e-05   4.850324261036268
2.6880010215376075e-05   4.926056967780097
2.7317215984413734e-05   5.002972107009138
2.7761532944367983e-05   5.081088145814769
2.8213076759394707e-05   5.160423839507972
2.8671964974937698e-05   5.2409982285136625
2.9138317048327887e-05   5.322830642831974
2.9612254379880313e-05   5.405940713505007
3.0093900344497244e-05   5.4903483775873365
3.0583380323784315e-05   5.576073882908581
3.1080821738690636e-05   5.663137793001979
3.158635408267819e-05   5.751560996246089
3.210010895543169e-05   5.841364712947584
3.2622220097116734e-05   5.93257049512601
3.315282342319423e-05   6.025200231247203
3.369205705980267e-05   6.119276151475573
3.4240061379714256e-05   6.214820833001718
3.479697903887688e-05   6.311857204375388
3.5362955013550464e-05   6.410408549682594
3.5938136638046256e-05   6.510498516027113
3.6522673643081753e-05   6.612151119482179
3.711671819475767e-05   6.715390750844514
3.7720424934169935e-05   6.820242181477448
3.833395101766605e-05   6.926730566058762
3.895745615775501e-05   7.034881440942842
3.959110266468459e-05   7.144720738040264
4.023505548869293e-05   7.256274793084038
4.0889482262948645e-05   7.369570351902819
4.15545533471888e-05   7.484634576791147
4.223044187206672e-05   7.601495058316469
4.291732378422158e-05   7.720179845127794
4.3615377892080056e-05   7.840717433470198
4.432478591240401e-05   7.963136765316293
4.504573251759463e-05   8.08746723534797
4.577840538376616e-05   8.213738698052543
4.652299523960189e-05   8.341981469743686
4.7279695916003906e-05   8.472226296290874
4.804870439655134e-05   8.604504379561869
4.883022086877885e-05   8.738847405925242
4.962444877628913e-05   8.875287553904181
5.043159487171359e-05   9.013857501782459
5.125186927053333e-05   9.154590438149066
5.2085485505776655e-05   9.297520108930726
5.2932660583605666e-05   9.442680818308855
5.379361503980698e-05   9.59010740755863
5.466857299720181e-05   9.739835262688532
5.555776222398878e-05   9.891900322972626
5.646141419303673e-05   10.046339088261604
5.7379764142141396e-05   10.203188589186633
5.8313051135262185e-05   10.362486387729842
5.926151812475552e-05   10.52427062660248
6.022541201461928e-05   10.688580040590065
6.120498372476703e-05   10.855453965693085
6.220048825634719e-05   11.024932348889259
6.321218475812448e-05   11.197055794851478
6.424033659394191e-05   11.37186560506711
6.528521141127847e-05   11.549403733144034
6.63470812109235e-05   11.729712788943047
6.742622241778349e-05   11.91283604886933
6.852291595284057e-05   12.098817466244146
6.963744730628222e-05   12.287701642975833
7.077010661181889e-05   12.479533774227553
7.192118872221193e-05   12.674359738893209
7.309099328602919e-05   12.872226126009393
7.42798248256491e-05   13.073180245657838
7.548799281653431e-05   13.277270140033677
7.671581176779303e-05   13.484544616430501
7.796360130405237e-05   13.695053328161894
7.923168624866262e-05   13.908846725130477
8.05203967082547e-05   14.125976044078941
8.183006815867389e-05   14.346493320862308
8.316104153230961e-05   14.57045140291176
8.451366330684722e-05   14.79790395101508
8.588828559546259e-05   15.02890539071318
8.728526623848371e-05   15.263510963480835
8.870496889654403e-05   15.501776766927279
9.014776314524917e-05   15.743759768055883
9.161402457138522e-05   15.989517816653471
9.310413487069085e-05   16.239109664165568
9.461848194721992e-05   16.4925950302816
9.615746001432095e-05   16.750034598541806
9.772146969725725e-05   17.011489997748146
9.9310918137498e-05   17.27702381616973
0.00010092621909870473   17.5466996164607
0.00010256779307444219   17.82058194533271
0.00010423606739764012   18.098736245018166
0.000105931476351837   18.381228870074487
0.00010765446128423159   18.668127193953428
0.00010940547072057424   18.959499628105217
0.0001111849604819271   19.255415637780736
0.00011299339380332217   19.555945760093767
0.00011483124145435111   19.861161707410425
0.00011669898186171475   20.171136423519837
0.00011859710123376694   20.485943994176274
0.00012052609368708426   20.80565965624799
0.00012248646137509307   21.13035981555802
0.00012447871461879063   21.460122064545107
0.00012650337203959038   21.795025131297532
0.0001285609606943295   22.135148817842104
0.00013065201621247213   22.48057413743318
0.0001327770829355429   22.831383350380296
0.00013493671405883064   23.18765998301763
0.00013713147177539455   23.54948884695815
0.0001393619274224142   23.91695606449909
0.00014162866162991988   24.290149101945968
0.00014393226447194065   24.669156775785915
0.000146273335620113   25.05406926958347
0.0001486524844997857   25.44497815478841
0.0001510703304486654   25.841976411855793
0.00015352750287804228   26.24515844547505
0.00015602464143663696   26.65462008035952
0.00015856239617711372   27.070458602966294
0.000161141427725302   27.49277279333297
0.00016376240745216873   27.92166294771088
0.00016642601764859036   28.357230901531004
0.00016913295170296487   28.799580042012032
0.00017188391428171455   29.24881525333465
0.00017467962151272457   29.70504297981461
0.00017752080117176342   30.1683712907899
0.00018040819287193827   30.638909905269806
0.00018334254825622907   31.116770216659834
0.00018632463119315598   31.602065314301083
0.00018935521797562954   32.0949099618286
0.00019243509752303302   32.595420632571624
0.00019556507158659492   33.103715570072985
0.00019874595495809837   33.61991481527818
0.00020197857568198785   34.144140233269084
0.00020526377527092522   34.6765155397771
0.00020860240892485029   35.21716631235201
0.0002119953457536071   35.766220015259094
0.00021544346900318845   36.323806044452745
0.00021894767628566206   36.890055757124195
0.00022250887981283693   37.46510250073532
0.00022612800663372772   38.0490816401342
0.0002298059988758851   38.64213042141443
0.00023354381399064793   39.244387878806876
0.00023734242500238661   39.85599510198517
0.00024120282076180069   40.47709529107967
0.0002451260062033337   41.10783378708944
0.00024911300260677886   41.748358102700884
0.00025316484786313555   42.398817950586725
0.00025728259674479324   43.05936527030655
0.0002614673211801092   43.73015426628659
0.0002657201105324504   44.41134144143752
0.00027004207188377727   45.10308563010307
0.0002744343303228365   45.805548031449895
0.000278898029238044   46.51889216377475
0.0002834343306151309   47.24328365503663
0.00028804441533962976   47.97889049631017
0.0002927294835042816   48.72588315072477
0.00029749075472144406   49.484434587980225
0.0003023294684405776   50.2547203193041
0.0003072468842709003   51.03691838305529
0.0003122442823092858   51.83120911004902
0.00031732296347349763   52.63777533260991
0.0003224842498408442   53.4568025370668
0.0003277294849923382   54.28847890004284
0.0003330600343624589   55.13299532492713
0.0003384772855945983   55.99054545326794
0.00034398264890229247   56.86132545751284
0.0003495775574363275   57.745534169225294
0.0003552634676578139   58.643373265830725
0.0003610418597173337   59.55504731022367
0.00036691423784024937   60.48076378878987
0.00037288213071828336   61.42073311851865
0.00037894709190746675   62.37516811968173
0.00038511070023255687   63.344284077093256
0.0003913745601980384   64.32829926273035
0.0003977403024058037   65.32743499085052
0.0004042095839796306   66.34191565570573
0.0004107840889965647   67.37196876431881
0.0004174655289253135   68.41782476151691
0.0004242556430717777   69.47971698000619
0.00043115619903182285   70.55788193385924
0.000438168993151419   71.65255937604157
0.0004452958509942655   72.7639923370027
0.0004525386278170167   73.89242715946484
0.00045989920905224383   75.03811297804124
0.00046737951079924635   76.20130114450235
0.00047498148032285   77.38224620048136
0.0004827070965603183   78.58120604302168
0.0004905583706365045   79.79844196063658
0.0004985373463873893   81.03421866944095
0.0005066461008921268   82.28880409058357
0.0005148867450137492   83.56246881723499
0.0005232614239486662   84.85548675444483
0.0005317723177850972   86.16813530264733
0.0005404216420705915   87.5006953918927
0.0005492116483887789   88.85345151616932
0.0005581446249454961   90.2266913990149
0.0005672228971644543   91.62070454602821
0.000576448828292588   93.03578342812021
0.0005858248200152536   94.47222404143433
0.000595353313081437   95.93032593555482
0.0006050367879391218   97.41039224145062
0.0006148777653810023   98.91272952958099
0.0006248788072006895   100.43764664166335
0.0006350425168595962   101.9854553386154
0.0006453715401646702   103.556470931003
0.0006558685659571429   105.15101230469551
0.0006665363268124914   106.76940194247918
0.0006773775997517752   108.41196581668065
0.0006883952069645496   110.0790317763142
0.0006995920165435374   111.77092993937016
0.0007109709432312431   113.4879938766425
0.0007225349491787215   115.23056065036994
0.0007342870447166766   116.99897082582096
0.0007462302891391107   118.79356839930531
0.0007583677914997191   120.61469869964411
0.0007707027114212295   122.46270807877333
0.0007832382599179197   124.33794602394181
0.0007959777002314986   126.24076526546357
0.0008089243486805938   128.17152177282844
0.0008220815755240541   130.13057473262856
0.0008354528058382863   132.11828542458866
0.0008490415204088747   134.13501643828047
0.0008628512566366895   136.1811332228949
0.0008768856094587427   138.25700422830943
0.0008911482322840202   140.36300088698138
0.0009056428379445294   142.49949758972588
0.0009203731996618221   144.66687011127925
0.0009353431520292386   146.86549319655336
0.0009505565920101192   149.09574356849703
0.0009660174799522646   151.3580004398501
0.0009817298406188842   153.65264547241193
0.0009976977642363201   155.9800627343421
0.0010139254075588154   158.34063769844462
0.0010304169949505876   160.73475438716167
0.0010471768194855202   163.16279790749383
0.0010642092440647246   165.6251552334622
0.0010815187025522881   168.12221514085996
0.0010991097009294972   170.65436813953661
0.0011169868184678225   173.22200599280964
0.001135154708920999   175.82551950353417
0.0011536181017364785   178.46529985096998
0.0011723818032865986   181.14173940920654
0.001191450698119776   183.85523165985023
0.0012108297502320393   186.606171100193
0.0012305240043592616   189.39495271104624
0.0012505385872903913   192.22196783860048
0.0012708787092020582   195.0876056750863
0.001291549665014884   197.9922555449835
0.0013125568357718427   200.93630681229874
0.0013339056900390587   203.92014875491108
0.001355601785329369   206.94417034362255
0.0013776507695490536   210.0087585306971
0.0014000583824680976   213.11429822268195
0.001422830457214352   216.261173460242
0.0014459729217920197   219.44976731411546
0.0014694918006248172   222.68046173159368
0.0014933932161242517   225.95363731759215
0.0015176833902834053   229.2696708509678
0.0015423686462966275   232.62893425239199
0.001567455410205595   236.0317971295084
0.001592950212572123   239.47862678933078
0.0016188596901781976   242.96978805055338
0.0016451905877536625   246.5056430391951
0.00167194975973199   250.08654946951071
0.001699144172034626   253.71285887034492
0.001726780903884356   257.38491887173853
0.0017548671496481502   261.1030733192799
0.001783410220710008   264.8676620526014
0.0018124175473742377   268.67902067814543
0.0018418966807997109   272.5374782417146
0.0018718552949655793   276.44335260185693
0.0019023011886689439   280.39695499040323
0.0019332422875550453   284.3985908897976
0.0019646866461804466   288.4485597690617
0.0019966424501097935   292.54715481536647
0.002029118018046678   296.6946611472694
0.0020621218039991425   300.8913497105988
0.002095662399480433   305.13748166910045
0.002129748535745521   309.4333101528644
0.00216438908606402   313.7790799505629
0.0021995930680300748   318.17502719708244
0.002235369645909794   322.62137735326314
0.0022717281330269052   327.11833337435104
0.0023086779941871695   331.6660816674892
0.0023462288481422623   336.26479747358366
0.0023843904700937206   340.91464453251496
0.0024231727942375983   345.61577471364836
0.002462585916350547   350.36832661077517
0.002502640096417919   355.172412650305
0.002543345761304648   360.02812195277113
0.002584713507469564   364.9355287227087
0.0026267541037238358   369.89469201083824
0.0026694784940343207   374.9056552884511
0.0027128978003724672   379.96844551343304
0.0027570233256095826   385.08306055324095
0.002801866556459195   390.2494674101084
0.0028474391664672447   395.4676137175537
0.0028937530190509503   400.7374278599656
0.002940820170587064   406.05881849706526
0.0029886528735503827   411.43167394660287
0.0030372635797033115   416.8558532445286
0.0030866649433372744   422.33118028133435
0.0031368698245668766   427.8574549509183
0.003187891292677646   433.4344537664449
0.0032397426295281955   439.06192935459046
0.003292437333007769   444.7396099242753
0.0033459891205499747   450.4671911965526
0.0034004119327037063   456.2443249274677
0.0034557199367621395   462.07063299300125
0.003511927530450728   467.9457093914818
0.0035690493456752297   473.86911972265216
0.0036271002523306484   479.8404006714704
0.003686095362172158   485.85905404139817
0.003746050032748993   491.92453101967124
0.003806979871402284   498.0362463005828
0.0038689007393279753   504.1935821076201
0.003931828755705771   510.3958876831606
0.003995780301895269   516.6424787876944
0.004060772025700365   522.9326314563966
0.004126820845702952   529.2655528253578
0.004193943955667186   535.6404006076648
0.0042621588290153245   542.0562945610136
0.004331483223376399   548.5123160245097
0.004401935185208874   555.0075074543544
0.004473533054498463   561.540869115787
0.0045462954695324   568.1113335371327
0.004620241371751313   574.7177759217813
0.004695390010680058   581.3590285647875
0.004771760948938746   588.0338806228923
0.004849374067335233   594.741077743471
0.004928249570040513   601.4793200218002
0.005008407989848212   608.24723398668
0.00508987019351968   615.0433754543097
0.0051726573872160194   621.8662522313016
0.005256791122018424   628.714324603866
0.005342293299538352   635.5860051173132
0.005429186177618943   642.4796574690073
0.005517492376129123   649.3935639013794
0.005607234882852033   656.3259148557751
0.005698437059469142   663.2748465742874
0.005791122647641758   670.2384436296445
0.00588531577519145   677.2147389261381
0.005981040962380938   684.2017134281047
0.00607832312829723   691.197261406279
0.006177187597338494   698.199157455165
0.0062776601058065   705.2051134097918
0.006379766808606282   712.2127857760704
0.006483534286054721   719.2197760502471
0.00658898955079995   726.2236310800771
0.006696160054853222   733.2218185641535
0.006805073696735207   740.2116784758156
0.006915758828738525   747.190480711356
0.0070282442643083455   754.1554385762428
0.007142559285543126   761.1037095470102
0.007258733650817253   768.0323961158185
0.007376797602527731   774.9385228255281
0.007496781874966877   781.8189500486699
0.007618717702322991   788.6704497182259
0.007742636826811269   795.4897372660178
0.007868571506936851   802.2734729863673
0.007996554525892346   809.0182635023278
0.008126619200091946   815.7206462645148
0.008258799387844264   822.3769814576773
0.008393129498166365   828.9835193364995
0.008529644499741026   835.5364568588382
0.008668379930019773   842.0319400944267
0.00880937190447399   848.4660665097737
0.008952657125996391   854.8348759756738
0.009098272894455557   861.1342219843476
0.009246257116405743   867.3598156899267
0.009396648314954691   873.5073212012428
0.009549485639791966   879.5723605558491
0.009704808877380306   885.5505170651326
0.009862658461312821   891.4373322760358
0.010023075482838643   897.2281619033321
0.010186101701559752   902.9181732290331
0.010351779556301762   908.502495010113
0.01052015217616159   913.9762287945922
0.010691263391734773   919.3344536244009
0.010865157746525373   924.5722285308706
0.011041880508541602   929.6844655763563
0.011221477682079803   934.6658626501841
0.011403996019700331   939.5110917613139
0.011589483034398117   944.2148218031094
0.011777987011971181   948.7717248769617
0.011969557023590429   953.1764823029665
0.01216424293857368   957.4236686616409
0.01236209543736769   961.5075960686177
0.012563166024741215   965.4225607501592
0.012767507043192645   969.1628901729242
0.012975171686575868   972.7229512977138
0.013186214013947485   976.0971590259575
0.013400688963639508   979.2799010093938
0.013618652367560827   982.2653283672995
0.013840160965731301   985.0475948429395
0.014065272421052363   987.6209335000649
0.01429404533431761   989.9796669720118
0.014526539259467812   992.1182178715948
0.01476281471909391   994.031066839861
0.015002933220192168   995.712516776496
0.01524695727017573   997.1568951989511
0.015494950393146316   998.3586707169709
0.015746977146430866   999.3124652078604
0.016003103137387016   1000.0130659474735
0.016263395040481906   1000.4554157234357
0.016527920614648937   1000.6344424303179
0.01679674872092653   1000.5451650769069
0.01706994934038408   1000.1828165356849
0.017347593592339325   999.5428576321078
0.01762975375287204   998.6209900481709
0.017916503273638994   997.4131661252391
0.018207916800994626   995.9155559505532
0.018504070195423022   994.1245691469741
0.018805040551285835   992.0369058480737
0.01911090621689136   989.6495699987471
0.019421746814890246   986.9598811715365
0.019737643263002553   983.9654909204993
0.02005867779508234   980.6645535920992
0.020384933982524642   977.0557693362132
0.020716496756020667   973.1382028077268
0.021053452427667037   968.9112792975693
0.021395888713434216   964.3747924498787
0.0217438947560008   959.5289152283764
0.022097561147959032   954.374581381693
0.022456979955397718   948.9137924629351
0.02282224474186896   943.1489888710228
0.023193450592744275   937.0829757272803
0.023570694139967277   930.7189227018717
0.023954073587208795   924.0603637382997
0.024343688735431128   917.1117261575854
0.024739641008868118   909.8792620073897
0.025142033481427965   902.3697685635742
0.02555097090352507   894.5903131256096
0.025966559729348724   886.5482217360081
0.02638890814457513   878.2510674567532
0.026818126094530128   869.7072104986984
0.027254325312810277   860.9276326220926
0.02769761935036891   851.9240631518338
0.028148123605075813   842.7082664092213
0.02860595535175745   833.2920198291021
0.029071233772725753   823.68709270577
0.0295440799888038   813.9057138670114
0.030024617090855493   803.9634589245801
0.030512970171828708   793.8770980561213
0.031009266359319297   783.6630426583423
0.03151363484866476   773.3373142571627
0.0320262069365765   762.9155219991155
0.03254711605531848   752.4131110400699
0.03307649780744242   741.8482132742629
0.03361449000108768   731.240340185387
0.03416123268585525   720.6082447284955
0.034716868189265594   709.969873149383
0.03528154115380883   699.3423583333878
0.03585539857459817   688.7421951630317
0.03643858983763548   678.1889538885291
0.037031266758699236   667.7049139793908
0.03763358362286533   657.3112265608451
0.03824569722466999   647.0277717715707
0.038867766908926675   636.8731886061928
0.03949995461220647   626.8648689146357
0.04014242490499318   617.0169195152324
0.04079534503452449   607.3393973789958
0.04145888496832911   597.8413679535735
0.04213321743847289   588.5311956000936
0.042818517986524154   579.4165787914905
0.04351496500925046   570.5046074076225
0.04422273980505897   561.8061573326665
0.04494202662119142   553.3408834571568
0.04567301270168747   545.1283792502189
0.04641588833612782   537.1869273128498
0.047170846909170124   529.5336120266234
0.047938084950891066   522.1842646850833
0.04871780218794631   515.1398818673637
0.04951020159556351   508.37772749816713
0.050315489450380564   501.87389808825674
0.051133875384143206   495.60566165869756
0.051965572438276576   489.5513687888391
0.05281079711934331   483.6917572213936
0.05366976945540476   478.0158157800443
0.054542713053298365   472.51545358497884
0.05542985515684663   467.1829112390984
0.056331426706013515   462.01074108612
0.05724766239702179   456.98747062941067
0.05817880074344935   452.08159297383344
0.05912508413831881   447.2568329705553
0.06008675891719681   442.4784132412196
0.06106407542232036   437.7129902393652
0.062057288067765004   432.9277450366037
0.06306665540567406   428.0899910375906
0.06409244019356457   423.1684908747557
0.06513490946272796   418.1336200963893
0.06619433458774387   412.9562008360744
0.06727099135712336   407.60492967984254
0.06836516004510239   402.04988007662513
0.0694771254846024   396.263489685292
0.07060717714137765   390.22292949885247
0.07175560918936921   383.91496581943954
0.07292272058728312   377.3300291993778
0.0741088151564157   370.4609261577716
0.07531420165974376   363.3089615196973
0.07653919388230156   355.88723006363324
0.07778411071286483   348.21087475584596
0.0790492762269642   340.2977039739088
0.08033501977124735   332.17937873874473
0.08164167604921473   323.893172945467
0.08296958520834916   315.47523593306136
0.0843190929286625   306.9677271769435
0.08569055051268347   298.4193693459125
0.08708431497690725   289.87576894733303
0.08850074914473438   281.3847122205095
0.08994022174092053   273.00109769315566
0.09140310748756222   264.7753178080477
0.09288978720164498   256.7581598695907
0.09440064789417603   249.00703747659873
0.09593608287093147   241.57359012840877
0.09749649183484096   234.50250870195316
0.09908228099003788   227.83158575715277
0.1006938631476027   221.59290086734515
0.10233165783302449   215.8142461242884
0.10399609139541204   210.50830069061504
0.10568759711848051   205.66252767117146
0.10740661533334322   201.262865699084
0.10915359353313911   197.2890316062865
0.11092898648952228   193.69259545692054
0.11273325637104871   190.42201771393252
0.11456687286348727   187.42596940403723
0.11643031329208756   184.63902937322618
0.1183240627458378   181.99474172932364
0.12024861420374122   179.42831513408373
0.12220446866314887   176.87075566639115
0.12419213527017846   174.25520166636446
0.1262121314522546   171.51939451298057
0.12826498305280598   168.60646575792015
0.1303512244681509   165.46530080338408
0.13247139878661174   162.06331295202895
0.1346260579298911   158.3833357728007
0.13681576279674704   154.4201829371635
0.13904108340900698   150.19864610798405
0.14130259905995338   145.7517027621137
0.14360089846512605   141.13057986344424
0.14593657991557576   136.39847497568465
0.1483102514336103   131.6222393244381
0.15072253093107554   126.87964498827519
0.15317404637020798   122.24427623464328
0.15566543592710622   117.79464431193986
0.15819734815786016   113.60178465550747
0.1607704421673822   109.72307026998601
0.16338538778098605   106.20411559251622
0.16604286571875296   103.06128160620807
0.16874356777273758   100.29122213470153
0.1714881969870541   97.86456167648782
0.17427746784089174   95.73315312807199
0.1771121064345087   93.83847070231374
0.17999285067824763   92.11434289503347
0.18292045048462938   90.48369651940033
0.18589566796356882   88.86797440373921
0.18891927762076643   87.2157296839735
0.1919920665593283   85.46556565215839
0.19511483468466165   83.47121941323805
0.19828839491270714   81.31390459118538
0.20151357338155584   78.99819624642655
0.20479120966650832   76.51292790888193
0.2081221569986337   73.90673891817855
0.21150728248687947   71.2431901533404
0.21494746734379805   68.59227662231325
0.21844360711494284   66.02343614482514
0.22199661191199524   63.598986475343224
0.22560740664968593   61.36673312762991
0.22927693128656487   59.363337545068354
0.23300614106969247   57.59036780672738
0.23679600678330787   56.032037899986
0.24064751500154216   54.655806424516925
0.2445616683452444   53.399353488216654
0.24853948574297985   52.20244247495451
0.25258200269627845   51.00842268571855
0.2566902715491952   49.76548361553691
0.26086536176225505   48.44160970088691
0.2651083601908536   47.02678281281497
0.26942037136818825   45.5223539275154
0.27380251779278575   43.96277320497072
0.2782559402207126   42.38807899718806
0.2827817979625344   40.84497178688177
0.2873812691851063   39.38340621576715
0.29205555121827453   38.03777756809173
0.29680586086656024   36.81385830658817
0.30163343472591975   35.71050619431058
0.306539529505653   34.705893639547725
0.3115254223555485   33.76824886225843
0.3165924111983521   32.86477885434856
0.32174181506763716   31.958401198958825
0.3269749744511768   31.01898740164087
0.3322932516398975   30.044767456308115
0.3376980310825088   29.044909270381012
0.34319071974590426   28.038245628261166
0.34877274748141773   27.054386431196843
0.3544455673970436   26.117845970484865
0.36021065623570736   25.241082274411376
0.36606951475968985   24.431656777104855
0.3720236681413066   23.681457216110758
0.3780746663599349   22.97034279977382
0.3842240846055061   22.280157151802737
0.3904735236885564   21.59537630414431
0.3968246104569478   20.903675235904323
0.4032789982193705   20.207764213480925
0.40983836717572614   19.51835963143597
0.4165044248545185   18.846237770188836
0.4232789065573553   18.20308917988673
0.43016357581067904   17.597589223711257
0.43716022482485023   17.025858000279438
0.4442706749606883   16.479644612638193
0.4514967772036102   15.950968372439139
0.45884041264547615   15.431935299633393
0.46630349297427265   14.91738074244399
0.4738879609717651   14.410905872943998
0.4815957910192351   13.917885443807759
0.48942898961145315   13.442336151009382
0.4973895958790068   12.987112753730731
0.5054796821191235   12.55288023194194
0.5137013543351339   12.135064669628877
0.5220567527846975   11.728885377569283
0.5305480525369575   11.332451807284544
0.5391774640387506   10.94556940007342
0.5479472336900282   10.568927162403753
0.5568596444286409   10.204783677581549
0.5659170163246242   9.854905833326878
0.5751217071841613   9.518237962052188
0.5844761131633638   9.19272346634784
0.593982669392035   8.877023363604808
0.6036438506075864   8.570614585631962
0.6134621717992506   8.273229417493395
0.6234401888627864   7.985371725131001
0.6335804992658254   7.707638203257929
0.6438857427240413   7.439837087177331
0.654358601888323   7.181128661497339
0.6650018030431118   6.930832109711427
0.675818116816111   6.688651087507923
0.6868103588995308   6.454363801749838
0.6979813907830653   6.2277521570682985
0.709334120498799   6.0086018320824355
0.7208715033782136   5.796702345282503
0.732596542821523   5.591847111066693
0.7445122910795143   5.393833486414997
0.7566218500481048   5.202462808674056
0.7689283720758305   5.017540424917342
0.7814350607844542   4.838875713335393
0.794145171902934   4.666282097099335
0.8070620141149507   4.499577051130313
0.8201889499202212   4.338581637273779
0.8335293965098187   4.183114166240935
0.8470868266557402   4.032992856442789
0.8608647696149244   3.8880415087542666
0.8748668120479914   3.748089486694414
0.8890965989529167   3.612971548090563
0.903557834613892   3.482527681638912
0.9182542835656282   3.3566029482237574
0.9331897715733238   3.2350473268616926
0.9483681866285928   3.1177155651402573
0.9637934799615796   3.0044670340246022
0.9794696670695385   2.895165586908916
0.9954008287621519   2.789679422792799
1.0115911122238297   2.687880953923451
1.0280447320933097   2.589647112726484
1.0447659715608053   2.4948599349175558
1.0617591834829991   2.4034052658611644
1.0790287915161836   2.3151724250801093
1.0965792912678098   2.2300541139736896
1.1144152514667882   2.147946325406396
1.1325413151528128   2.0687482551550196
1.150962200885031   1.9923622152006486
1.1696827039703848   1.918693548850839
1.1887076977119033   1.847650547676333
1.208042134677329   1.7791443702453196
1.2276910479883605   1.7130889626376384
1.2476595526308685   1.649400980720223
1.2679528467864338   1.587999714164272
1.288576213185518   1.5288070121840565
1.3095350204826677   1.4717472109762717
1.3308347246540762   1.4167470628384986
1.352480870417874   1.3637356669446115
1.3744790926775368   1.312644401754427
1.3968351179887397   1.2634068590345902
1.4195547660501016   1.215958779466994
1.4426439512181588   1.1702379898209379
1.466108684046983   1.1261843416647344
1.4899550728528537   1.0837396515922255
1.514189325304352   1.0428476429395241
1.5388177500383464   1.0034538889669176
1.5638467583022477   0.9709417076399495
1.5892828656229763   0.9709417076399495
1.6151326935030896   0.9709417076399495
1.6414029711444664   0.9709417076399495
1.6681005372000592   0.9709417076399495
1.6952323415541215   0.9709417076399495
1.7228054471313923   0.9709417076399495
1.7508270317357233   0.9709417076399495
1.7793043899185774   0.9709417076399495
1.8082449348779517   0.9709417076399495
1.8376562003881725   0.9709417076399495
1.867545842761074   0.9709417076399495
1.8979216428390995   0.9709417076399495
1.9287915080207778   0.9709417076399495
1.9601634743191856   0.9709417076399495
1.9920457084538712   0.9709417076399495
2.024446509976802   0.9709417076399495
2.0573743134329114   0.9709417076399495
2.09083769055575   0.9709417076399495
2.124845352498883   0.9709417076399495
2.1594061521035677   0.9709417076399495
2.1945290862033113   0.9709417076399495
2.2302232979659364   0.9709417076399495
2.266498079273693   0.9709417076399495
2.3033628731421314   0.9709417076399495
2.3408272761782944   0.9709417076399495
2.378901041078891   0.9709417076399495
2.4175940791691284   0.9709417076399495
2.45691646298279   0.9709417076399495
2.496878428884327   0.9709417076399495
2.5374903797335717   0.9709417076399495
2.5787628875938036   0.9709417076399495
2.62070669648385   0.9709417076399495
2.6633327251749805   0.9709417076399495
2.7066520700332415   0.9709417076399495
2.7506760079080674   0.9709417076399495
2.7954159990678593   0.9709417076399495
2.840883690183301   0.9709417076399495
2.8870909173592345   0.9709417076399495
2.934049709215787   0.9709417076399495
2.9817722900196735   0.9709417076399495
3.0302710828663995   0.9709417076399495
3.0795587129142232   0.9709417076399495
3.1296480106707505   0.9709417076399495
3.18055201533292   0.9709417076399495
3.2322839781813806   0.9709417076399495
3.284857366030047   0.9709417076399495
3.3382858647317577   0.9709417076399495
3.392583382740992   0.9709417076399495
3.4477640547344643   0.9709417076399495
3.503842245290676   0.9709417076399495
3.5608325526292814   0.9709417076399495
3.6187498124112767   0.9709417076399495
3.6776091016010306   0.9709417076399495
3.737425742391064   0.9709417076399495
3.798215306190736   0.9709417076399495
3.859993617679771   0.9709417076399495
3.9227767589277156   0.9709417076399495
3.986581073580439   0.9709417076399495
4.051423171114648   0.9709417076399495
4.1173199311616795   0.9709417076399495
4.184288507901584   0.9709417076399495
4.252346334528678   0.9709417076399495
4.321511127789762   0.9709417076399495
4.391800892596086   0.9709417076399495
4.463233926710397   0.9709417076399495
4.535828825510191   0.9709417076399495
4.609604486828429   0.9709417076399495
4.684580115873045   0.9709417076399495
4.760775230226368   0.9709417076399495
4.838209664925957   0.9709417076399495
4.916903577628031   0.9709417076399495
4.996877453854879   0.9709417076399495
5.078152112327671   0.9709417076399495
5.160748710385907   0.9709417076399495
5.244688749495119   0.9709417076399495
5.329994080844093   0.9709417076399495
5.416686911033146   0.9709417076399495
5.5047898078549675   0.9709417076399495
5.594325706169378   0.9709417076399495
5.685317913873753   0.9709417076399495
5.777790117970507   0.9709417076399495
5.871766390733249   0.9709417076399495
5.967271195973311   0.9709417076399495
6.064329395408062   0.9709417076399495
6.162966255132942   0.9709417076399495
6.263207452198692   0.9709417076399495
6.365079081295565   0.9709417076399495
6.46860766154632   0.9709417076399495
6.573820143409585   0.9709417076399495
6.680743915695615   0.9709417076399495
6.789406812696113   0.9709417076399495
6.899837121430012   0.9709417076399495
7.012063589007177   0.9709417076399495
7.126115430111746   0.9709417076399495
7.242022334607316   0.9709417076399495
7.359814475265771   0.9709417076399495
7.479522515621813   0.9709417076399495
7.601177617955322   0.9709417076399495
7.7248114514034   0.9709417076399495
7.850456200204509   0.9709417076399495
7.978144572076629   0.9709417076399495
8.107909806731678   0.9709417076399495
8.239785684528512   0.9709417076399495
8.373806535266489   0.9709417076399495
8.510007247122246   0.9709417076399495
8.648423275731727   0.9709417076399495
8.789090653419963   0.9709417076399495
8.932045998580959   0.9709417076399495
9.077326525210223   0.9709417076399495
9.224970052592175   0.9709417076399495
9.375015015145289   0.9709417076399495
9.5275004724273   0.9709417076399495
9.682466119303115   0.9709417076399495
9.839952296278227   0.9709417076399495
10.0   0.9709417076399495
