100    1.6304144720249952e-07
200    1.630150357346998e-07
300    1.629710357178025e-07
400    1.6290947576392535e-07
500    1.6283039586605928e-07
600    1.6273384733432074e-07
700    1.626198927143124e-07
800    1.6248860568783182e-07
900    1.6234007095621795e-07
1000    1.6217438410667623e-07
1100    1.6199165146196914e-07
1200    1.617919899139073e-07
1300    1.6157552674111843e-07
1400    1.613423994116159e-07
1500    1.6109275537072486e-07
1600    1.6082675181496524e-07
1700    1.6054455545252207e-07
1800    1.6024634225096693e-07
1900    1.5993229717292265e-07
2000    1.596026139003901e-07
2100    1.592574945484771e-07
2200    1.5889714936929134e-07
2300    1.585217964467738e-07
2400    1.5813166138326421e-07
2500    1.577269769785994e-07
2600    1.5730798290255305e-07
2700    1.5687492536142875e-07
2800    1.564280567596218e-07
2900    1.5596763535695838e-07
3000    1.5549392492262152e-07
3100    1.5500719438646248e-07
3200    1.5450771748848478e-07
3300    1.539957724272798e-07
3400    1.5347164150817218e-07
3500    1.5293561079181993e-07
3600    1.5238796974399152e-07
3700    1.5182901088722263e-07
3800    1.5125902945502977e-07
3900    1.5067832304933456e-07
4000    1.5008719130172353e-07
4100    1.4948593553914277e-07
4200    1.4887485845459494e-07
4300    1.4825426378337797e-07
4400    1.4762445598537146e-07
4500    1.4698573993384741e-07
4600    1.4633842061124805e-07
4700    1.4568280281234014e-07
4800    1.450191908551249e-07
4900    1.4434788829984684e-07
5000    1.436691976764135e-07
5100    1.4298342022050572e-07
5200    1.4229085561862397e-07
5300    1.415918017622869e-07
5400    1.4088655452286564e-07
5500    1.4017540761473847e-07
5600    1.3945865233630023e-07
5700    1.3873657731264614e-07
5800    1.3800946829689818e-07
5900    1.3727760798174528e-07
6000    1.3654127582078405e-07
6100    1.3580074785964923e-07
6200    1.3505629657690112e-07
6300    1.3430819073461287e-07
6400    1.335566952385808e-07
6500    1.328020710080596e-07
6600    1.3204457485490594e-07
6700    1.3128445937199625e-07
6800    1.3052197283076847e-07
6900    1.2975735908772116e-07
7000    1.2899085749969116e-07
7100    1.282227028477172e-07
7200    1.2745312526928575e-07
7300    1.266823501987444e-07
7400    1.2591059831566098e-07
7500    1.2513808550089543e-07
7600    1.2436502280014765e-07
7700    1.235916163947364e-07
7800    1.228180675793605e-07
7900    1.2204457274658973e-07
8000    1.212713233778294e-07
8100    1.2049850604050023e-07
8200    1.1972630238502312e-07
8300    1.1895488897303771e-07
8400    1.1818443726061019e-07
8500    1.1741511382045903e-07
8600    1.1664708037909779e-07
8700    1.1588049384668663e-07
8800    1.151155063512779e-07
8900    1.1435226527720486e-07
9000    1.135909133073692e-07
9100    1.1283158846918502e-07
9200    1.1207442418394372e-07
9300    1.1131954931936693e-07
9400    1.1056708824512321e-07
9500    1.0981716089108672e-07
9600    1.0906988280812422e-07
9700    1.0832536523120221e-07
9800    1.0758371514461195e-07
9900    1.0684503534911684e-07
10000    1.0610942453083392e-07
10100    1.0537697733166625e-07
10200    1.0464778442111133e-07
10300    1.039219325692765e-07
10400    1.031995047209391e-07
10500    1.024805800704962e-07
10600    1.0176523413726678e-07
10700    1.0105353883511782e-07
10800    1.0034556255022788e-07
10900    9.964137022420264e-08
11000    9.8941023431596e-08
11100    9.824458045731737e-08
11200    9.75520963740244e-08
11300    9.68636231193964e-08
11400    9.61792095731906e-08
11500    9.549890163399001e-08
11600    9.48227422955542e-08
11700    9.41507717226944e-08
11800    9.348302732659569e-08
11900    9.281954383951569e-08
12000    9.216035338879464e-08
12100    9.150548557011604e-08
12200    9.085496751996112e-08
12300    9.020882398720655e-08
12400    8.956707740381703e-08
12500    8.892974795458984e-08
12600    8.82968536459128e-08
12700    8.766841037349926e-08
12800    8.704443198911417e-08
12900    8.642493039731506e-08
13000    8.580991567315804e-08
13100    8.519939605265046e-08
13200    8.459337798016309e-08
13300    8.399186616945838e-08
13400    8.339486366354718e-08
13500    8.280237189336248e-08
13600    8.221439073524253e-08
13700    8.163091856721588e-08
13800    8.105195232408558e-08
13900    8.047748755130874e-08
14000    7.990751845767309e-08
14100    7.934203796677083e-08
14200    7.878103776727349e-08
14300    7.82245083620125e-08
14400    7.767243911587203e-08
14500    7.712481830250129e-08
14600    7.65816331498552e-08
14700    7.604286988457377e-08
14800    7.550851377521067e-08
14900    7.497854917432391e-08
15000    7.445295955940382e-08
15100    7.393172744807542e-08
15200    7.341483416490438e-08
15300    7.290226021176589e-08
15400    7.239398538706146e-08
15500    7.188998882106738e-08
15600    7.139024901023681e-08
15700    7.089474385047531e-08
15800    7.040345066940675e-08
15900    6.99163462576491e-08
16000    6.943340689911908e-08
16100    6.895460840038425e-08
16200    6.847992611908234e-08
16300    6.800933499142698e-08
16400    6.754280955881917e-08
16500    6.70803239935837e-08
16600    6.662185212385057e-08
16700    6.616736745760019e-08
16800    6.571684320589156e-08
16900    6.527025230529351e-08
17000    6.482756743953704e-08
17100    6.43887610604083e-08
17200    6.395380540790072e-08
17300    6.35226725500489e-08
17400    6.30953345316111e-08
17500    6.267176330362544e-08
17600    6.225193067116873e-08
17700    6.183580830989339e-08
17800    6.142336778227392e-08
17900    6.101458055323838e-08
18000    6.060941800520235e-08
18100    6.020785145252101e-08
18200    5.98098521553761e-08
18300    5.941539133311374e-08
18400    5.902444017704851e-08
18500    5.863696986274922e-08
18600    5.825295156182178e-08
18700    5.787235645320352e-08
18800    5.749515573398403e-08
18900    5.7121320629766014e-08
19000    5.6750822404580846e-08
19100    5.6383632370372064e-08
19200    5.601972189605994e-08
19300    5.565906241620075e-08
19400    5.5301625439252874e-08
19500    5.494738255546248e-08
19600    5.4596305375946464e-08
19700    5.424836526492489e-08
19800    5.390353359558144e-08
19900    5.356178186895857e-08
20000    5.3223081719742486e-08
20100    5.288740492169495e-08
20200    5.255472339278867e-08
20300    5.2225009200057204e-08
20400    5.1898234564168645e-08
20500    5.1574371863734086e-08
20600    5.1253393639358903e-08
20700    5.0935272597446953e-08
20800    5.061998161376704e-08
20900    5.030749373678911e-08
21000    4.999778219079985e-08
21100    4.9690820378805284e-08
21200    4.938658188522848e-08
21300    4.9085040478410117e-08
21400    4.8786170112919304e-08
21500    4.8489944931682086e-08
21600    4.819633926793482e-08
21700    4.790532764700852e-08
21800    4.761688478795179e-08
21900    4.7330985605047507e-08
22000    4.7047605231565694e-08
22100    4.676671905523117e-08
22200    4.648830266876115e-08
22300    4.621233186142813e-08
22400    4.593878261991622e-08
22500    4.566763112905497e-08
22600    4.539885377243589e-08
22700    4.513242713291656e-08
22800    4.486832799301705e-08
22900    4.4606533335213266e-08
23000    4.434702034213215e-08
23100    4.408976639665197e-08
23200    4.383474908191323e-08
23300    4.3581946181243056e-08
23400    4.333133567799784e-08
23500    4.308289575532716e-08
23600    4.283660479586339e-08
23700    4.259244138133956e-08
23800    4.235038429213974e-08
23900    4.2110412506784805e-08
24000    4.1872505201356624e-08
24100    4.163664174886393e-08
24200    4.140280171855264e-08
24300    4.117096487516367e-08
24400    4.094111117747669e-08
24500    4.071322069043311e-08
24600    4.048727350162226e-08
24700    4.026324987926879e-08
24800    4.004113029212381e-08
24900    3.982089540821758e-08
25000    3.960252609358209e-08
25100    3.938600341094469e-08
25200    3.9171308618396037e-08
25300    3.8958423168032864e-08
25400    3.87473287045782e-08
25500    3.85380070639805e-08
25600    3.83304402719933e-08
25700    3.812461054273695e-08
25800    3.792050027724413e-08
25900    3.7718092061990335e-08
26000    3.751736866741083e-08
26100    3.7318313046405515e-08
26200    3.712090833283284e-08
26300    3.692513783999393e-08
26400    3.673098505910828e-08
26500    3.653843365778205e-08
26600    3.6347467478469835e-08
26700    3.6158070536931255e-08
26800    3.59702270206833e-08
26900    3.578392128744893e-08
27000    3.559913786360338e-08
27100    3.541586143955322e-08
27200    3.523407685833299e-08
27300    3.505376912404025e-08
27400    3.4874923403833815e-08
27500    3.469752502636313e-08
27600    3.452155948020008e-08
27700    3.434701241227372e-08
27800    3.4173869626308476e-08
27900    3.4002117081266594e-08
28000    3.3831740889795324e-08
28100    3.366272731667899e-08
28200    3.349506277729717e-08
28300    3.3328733836088604e-08
28400    3.3163727205021864e-08
28500    3.300002974207287e-08
28600    3.283762844970988e-08
28700    3.2676510473386106e-08
28800    3.251666310004021e-08
28900    3.235807375660564e-08
29000    3.220073000852817e-08
29100    3.2044619558292446e-08
29200    3.188973024395813e-08
29300    3.1736050037705046e-08
29400    3.1583567044388316e-08
29500    3.1432269500103296e-08
29600    3.12821457707607e-08
29700    3.113318435067195e-08
29800    3.098537386107097e-08
29900    3.083870301690099e-08
30000    3.069316057735082e-08
30100    3.05487354153341e-08
30200    3.040541652911242e-08
30300    3.026319304084996e-08
30400    3.0122054195181816e-08
30500    2.998198935779552e-08
30600    2.98429880140262e-08
30700    2.9705039767465243e-08
30800    2.9568134338582485e-08
30900    2.943226156336189e-08
31000    2.929741139195084e-08
31100    2.916357388732304e-08
31200    2.9030739223954694e-08
31300    2.8898897686514556e-08
31400    2.8768039668567187e-08
31500    2.8638155671289858e-08
31600    2.8509236302202707e-08
31700    2.8381272273912474e-08
31800    2.8254254402869487e-08
31900    2.8128173608137903e-08
32000    2.800302091017927e-08
32100    2.7878787429649236e-08
32200    2.7755464386207433e-08
32300    2.7633043097340276e-08
32400    2.7511514977197002e-08
32500    2.7390871535438264e-08
32600    2.7271104376098024e-08
32700    2.7152205196457754e-08
32800    2.7034165785253407e-08
32900    2.6916978010309498e-08
33000    2.6800633819583185e-08
33100    2.668512525024712e-08
33200    2.6570444427948492e-08
33300    2.6456583565742483e-08
33400    2.6343534963038094e-08
33500    2.6231291004556573e-08
33600    2.611984415930199e-08
33700    2.600918697954406e-08
33800    2.5899312099813065e-08
33900    2.5790212235906785e-08
34000    2.568188018390929e-08
34100    2.5574308819221398e-08
34200    2.5467491095602984e-08
34300    2.536142004422666e-08
34400    2.5256088772743042e-08
34500    2.5151490464357218e-08
34600    2.5047618376916514e-08
34700    2.4944465842009388e-08
34800    2.4842026264075164e-08
34900    2.4740293119524928e-08
35000    2.463925995587288e-08
35100    2.453892039087861e-08
35200    2.443926811169978e-08
35300    2.4340296874055287e-08
35400    2.4242000501398767e-08
35500    2.414437288410225e-08
35600    2.4047407978650053e-08
35700    2.3951099806842566e-08
35800    2.3855442455009972e-08
35900    2.376043007323564e-08
36000    2.3666056864055033e-08
36100    2.357231704961041e-08
36200    2.347920490408879e-08
36300    2.3386714764184163e-08
36400    2.329484102832848e-08
36500    2.320357815593269e-08
36600    2.3112920666637618e-08
36700    2.3022863139574645e-08
36800    2.293340021263587e-08
36900    2.2844526581754085e-08
37000    2.275623700019164e-08
37100    2.2668526277839122e-08
37200    2.2581389280522612e-08
37300    2.249482092932052e-08
37400    2.240881619988899e-08
37500    2.2323370121796035e-08
37600    2.2238477777864763e-08
37700    2.2154134303524775e-08
37800    2.2070334886172155e-08
37900    2.1987074764537944e-08
38000    2.1904349228064724e-08
38100    2.1822153616291284e-08
38200    2.1740483318245515e-08
38300    2.1659333771845094e-08
38400    2.1578700463305986e-08
38500    2.149857892655883e-08
38600    2.1418964742672625e-08
38700    2.1339853539286327e-08
38800    2.1261240990047596e-08
38900    2.118312281405892e-08
39000    2.110549477533107e-08
39100    2.102835268224358e-08
39200    2.095169238701223e-08
39300    2.0875509785149127e-08
39400    2.079980081296065e-08
39500    2.0724561445092472e-08
39600    2.0649787697645933e-08
39700    2.057547562816409e-08
39800    2.05016213351361e-08
39900    2.04282209575081e-08
40000    2.035527067420025e-08
40100    2.0282766703630427e-08
40200    2.0210705303243867e-08
40300    2.013908276904902e-08
40400    2.0067895435159525e-08
40500    1.999713967334205e-08
40600    1.9926811892570107e-08
40700    1.985690853858359e-08
40800    1.978742609345412e-08
40900    1.9718361075156046e-08
41000    1.9649710037142938e-08
41100    1.958146956792967e-08
41200    1.9513636290679895e-08
41300    1.944620686279878e-08
41400    1.9379177975531288e-08
41500    1.931254635356527e-08
41600    1.9246308754640064e-08
41700    1.918046196915999e-08
41800    1.9115002819812733e-08
41900    1.9049928161192982e-08
42000    1.8985234879430537e-08
42100    1.892091989182348e-08
42200    1.885698014647605e-08
42300    1.8793412621940967e-08
42400    1.873021432686677e-08
42500    1.8667382299649178e-08
42600    1.8604913608087417e-08
42700    1.8542805349044556e-08
42800    1.8481054648112546e-08
42900    1.841965865927967e-08
43000    1.835861455963776e-08
43100    1.829791953826064e-08
43200    1.8237570808989663e-08
43300    1.8177565613356938e-08
43400    1.8117901220263674e-08
43500    1.805857492566272e-08
43600    1.7999584052245246e-08
43700    1.7940925949131514e-08
43800    1.788259799156567e-08
43900    1.7824597580614278e-08
44000    1.776692214286907e-08
44100    1.770956913015336e-08
44200    1.7652536019232135e-08
44300    1.7595820311526135e-08
44400    1.7539419532829434e-08
44500    1.7483331233030657e-08
44600    1.7427552985837926e-08
44700    1.7372082388507144e-08
44800    1.731691706157388e-08
44900    1.726205464858864e-08
45000    1.720749281585552e-08
45100    1.7153229252174267e-08
45200    1.7099261668585525e-08
45300    1.7045587798119428e-08
45400    1.699220539554729e-08
45500    1.6939112237136558e-08
45600    1.6886306120408792e-08
45700    1.6833784863900792e-08
45800    1.678154630692868e-08
45900    1.672958830935502e-08
46000    1.667790875135881e-08
46100    1.662650553320858e-08
46200    1.6575376575038014e-08
46300    1.6524519816624712e-08
46400    1.6473933217171596e-08
46500    1.6423614755091086e-08
46600    1.6373562427791933e-08
46700    1.6323774251468867e-08
46800    1.6274248260872774e-08
46900    1.622498250682064e-08
47000    1.6175975054064668e-08
47100    1.6127223985009166e-08
47200    1.6078727399988165e-08
47300    1.6030483417067334e-08
47400    1.598249017184836e-08
47500    1.59347458172759e-08
47600    1.5887248523446795e-08
47700    1.5839996477421707e-08
47800    1.579298788303913e-08
47900    1.57462209607317e-08
48000    1.5699693947344865e-08
48100    1.5653405095957614e-08
48200    1.5607352675705606e-08
48300    1.5561534971606448e-08
48400    1.5515950284387082e-08
48500    1.5470596930313323e-08
48600    1.542547324102164e-08
48700    1.538057756335272e-08
48800    1.5335908259187327e-08
48900    1.5291463705284064e-08
49000    1.5247242293119264e-08
49100    1.5203242428728577e-08
49200    1.5159462532550782e-08
49300    1.511590103927331e-08
49400    1.5072556397679775e-08
49500    1.5029427070499286e-08
49600    1.498651153425767e-08
49700    1.49438082791304e-08
49800    1.4901315808797414e-08
49900    1.4859032640299607e-08
50000    1.4816957303897206e-08
50100    1.477508834292957e-08
50200    1.4733424313677119e-08
50300    1.4691963785224432e-08
50400    1.4650705339325459e-08
50500    1.4609647570269999e-08
50600    1.4568789084752027e-08
50700    1.4528128501739375e-08
50800    1.4487664452345238e-08
50900    1.4447395579700998e-08
51000    1.4407320538767073e-08
51100    1.4367437995165822e-08
51200    1.4327746625251958e-08
51300    1.4288245116919236e-08
51400    1.4248932169510538e-08
51500    1.420980649369884e-08
51600    1.4170866811369582e-08
51700    1.4132111855504413e-08
51800    1.4093540370066492e-08
51900    1.405515110988682e-08
52000    1.4016942840552305e-08
52100    1.3978914338294791e-08
52200    1.3941064389881698e-08
52300    1.3903391792507704e-08
52400    1.3865895353687881e-08
52500    1.3828573891151977e-08
52600    1.3791426232740012e-08
52700    1.375445121629907e-08
52800    1.3717647689581211e-08
52900    1.3681014510142807e-08
53000    1.364455054524475e-08
53100    1.360825467175411e-08
53200    1.3572125776046715e-08
53300    1.3536162753910992e-08
53400    1.3500364510452926e-08
53500    1.3464729960001998e-08
53600    1.3429258026018412e-08
53700    1.3393947641001137e-08
53800    1.3358797746397299e-08
53900    1.3323807292512403e-08
54000    1.328897523842166e-08
54100    1.3254300551882329e-08
54200    1.3219782209247105e-08
54300    1.318541919537845e-08
54400    1.315121050356393e-08
54500    1.3117155135432446e-08
54600    1.3083252100871641e-08
54700    1.3049500417945924e-08
54800    1.3015899112815708e-08
54900    1.2982447219657448e-08
55000    1.2949143780584551e-08
55100    1.2915987845569296e-08
55200    1.2882978472365507e-08
55300    1.2850114726432251e-08
55400    1.2817395680858225e-08
55500    1.2784820416074135e-08
55600    1.2752388017810215e-08
55700    1.2720097577969964e-08
55800    1.2687948195847736e-08
55900    1.2655938978072955e-08
56000    1.2624069038538543e-08
56100    1.2592337498329937e-08
56200    1.256074348565503e-08
56300    1.2529286135774871e-08
56400    1.2497964590935148e-08
56500    1.2466778000298417e-08
56600    1.2435725519877107e-08
56700    1.2404806312467313e-08
56800    1.2374019547583201e-08
56900    1.234336440139229e-08
57000    1.2312840056651427e-08
57100    1.2282445702643324e-08
57200    1.2252180535114053e-08
57300    1.2222043756210968e-08
57400    1.2192034574421562e-08
57500    1.216215220451279e-08
57600    1.213239586747115e-08
57700    1.210276479044352e-08
57800    1.2073258206678447e-08
57900    1.2043875355468252e-08
58000    1.2014615482091652e-08
58100    1.1985477837757115e-08
58200    1.1956461679546776e-08
58300    1.1927566270360911e-08
58400    1.189879087886318e-08
58500    1.1870134779426268e-08
58600    1.1841597252078314e-08
58700    1.1813177582449729e-08
58800    1.1784875061720747e-08
58900    1.1756688986569476e-08
59000    1.1728618659120524e-08
59100    1.1700663386894142e-08
59200    1.1672822482755979e-08
59300    1.164509526486738e-08
59400    1.161748105663609e-08
59500    1.158997918666775e-08
59600    1.1562588988717584e-08
59700    1.1535309801642872e-08
59800    1.1508140969355784e-08
59900    1.1481081840776811e-08
60000    1.1454131769788618e-08
60100    1.1427290115190406e-08
60200    1.14005562406528e-08
60300    1.1373929514680192e-08
60400    1.1347409310835653e-08
60500    1.1320995007776488e-08
60600    1.129468598886831e-08
60700    1.1268481642117635e-08
60800    1.1242381360129676e-08
60900    1.1216384540066737e-08
61000    1.1190490583606846e-08
61100    1.116469889690286e-08
61200    1.1139008890542157e-08
61300    1.1113419979506564e-08
61400    1.1087931583132791e-08
61500    1.1062543125073283e-08
61600    1.1037254033257437e-08
61700    1.1012063739853226e-08
61800    1.0986971681229322e-08
61900    1.0961977297917487e-08
62000    1.0937080034575401e-08
62100    1.0912279339949846e-08
62200    1.088757466684039e-08
62300    1.0862965472063264e-08
62400    1.0838451216415733e-08
62500    1.081403136464089e-08
62600    1.0789705385392553e-08
62700    1.0765472751200898e-08
62800    1.0741332938438079e-08
62900    1.0717285427284469e-08
63000    1.0693329701695117e-08
63100    1.066946524936654e-08
63200    1.0645691561703977e-08
63300    1.0622008133788768e-08
63400    1.0598414464346277e-08
63500    1.0574910055714058e-08
63600    1.055149441381022e-08
63700    1.0528167048102394e-08
63800    1.050492747157673e-08
63900    1.0481775200707362e-08
64000    1.045870975542616e-08
64100    1.0435730659092757e-08
64200    1.0412837438464912e-08
64300    1.0390029623669117e-08
64400    1.0367306748171602e-08
64500    1.0344668348749485e-08
64600    1.0322113965462354e-08
64700    1.0299643141624066e-08
64800    1.027725542377476e-08
64900    1.0254950361653302e-08
65000    1.023272750816994e-08
65100    1.0210586419379098e-08
65200    1.0188526654452697e-08
65300    1.01665477756535e-08
65400    1.0144649348308888e-08
65500    1.0122830940786168e-08
65600    1.0101092124542318e-08
65700    1.0079432474134912e-08
65800    1.0057851567089717e-08
65900    1.0036348983866125e-08
66000    1.0014924307832469e-08
66100    9.99357712524146e-09
66200    9.97230702520604e-09
66300    9.951113599675293e-09
66400    9.929996443410762e-09
66500    9.908955153962825e-09
66600    9.887989331647436e-09
66700    9.867098579523041e-09
66800    9.846282503367704e-09
66900    9.825540711656488e-09
67000    9.804872815539008e-09
67100    9.784278428817303e-09
67200    9.763757167923757e-09
67300    9.743308651899405e-09
67400    9.722932502372353e-09
67500    9.702628343536365e-09
67600    9.682395802129834e-09
67700    9.662234507414704e-09
67800    9.642144091155845e-09
67900    9.622124187600422e-09
68000    9.602174433457575e-09
68100    9.582294467878296e-09
68200    9.56248393243543e-09
68300    9.542742471103888e-09
68400    9.523069730241139e-09
68500    9.503465358567754e-09
68600    9.48392900714818e-09
68700    9.46446032937176e-09
68800    9.44505898093385e-09
68900    9.425724619817194e-09
69000    9.406456906273333e-09
69100    9.387255502804412e-09
69200    9.368120074144918e-09
69300    9.349050287243773e-09
69400    9.330045811246514e-09
69500    9.311106317477614e-09
69600    9.292231479423097e-09
69700    9.273420972713113e-09
69800    9.254674475104844e-09
69900    9.235991666465553e-09
70000    9.217372228755708e-09
70100    9.198815846012267e-09
70200    9.180322204332261e-09
70300    9.161890991856362e-09
70400    9.14352189875268e-09
70500    9.125214617200691e-09
70600    9.106968841375368e-09
70700    9.088784267431325e-09
70800    9.070660593487314e-09
70900    9.05259751961064e-09
71000    9.034594747801903e-09
71100    9.016651981981307e-09
71200    8.998768928224853e-09
71300    8.98094529502238e-09
71400    8.963180792791482e-09
71500    8.945475133795287e-09
71600    8.927828032128114e-09
71700    8.910239203701241e-09
71800    8.892708366228883e-09
71900    8.875235239214185e-09
72000    8.857819543935377e-09
72100    8.840461003432138e-09
72200    8.823159342491914e-09
72300    8.80591428763658e-09
72400    8.788725567109016e-09
72500    8.771592910859927e-09
72600    8.754516050534695e-09
72700    8.737494719460482e-09
72800    8.720528652633313e-09
72900    8.703617586705285e-09
73000    8.686761259972055e-09
73100    8.669959412360192e-09
73200    8.65321178541481e-09
73300    8.636518122287318e-09
73400    8.619878167723154e-09
73500    8.603291668049733e-09
73600    8.586758371164484e-09
73700    8.570278026522972e-09
73800    8.553850385127093e-09
73900    8.537475199513537e-09
74000    8.521152223742052e-09
74100    8.504881213384129e-09
74200    8.48866192551163e-09
74300    8.472494118685423e-09
74400    8.4563775529444e-09
74500    8.440311989794246e-09
74600    8.42429719219663e-09
74700    8.408332924558228e-09
74800    8.392418952720015e-09
74900    8.376555043946556e-09
75000    8.360740966915464e-09
75100    8.34497649170684e-09
75200    8.329261389792939e-09
75300    8.313595434027875e-09
75400    8.29797839863731e-09
75500    8.2824100592084e-09
75600    8.266890192679741e-09
75700    8.251418577331393e-09
75800    8.23599499277501e-09
75900    8.220619219944113e-09
76000    8.205291041084277e-09
76100    8.190010239743619e-09
76200    8.174776600763208e-09
76300    8.15958991026764e-09
76400    8.14444995565565e-09
76500    8.129356525590788e-09
76600    8.114309409992294e-09
76700    8.099308400025892e-09
76800    8.084353288094755e-09
76900    8.069443867830533e-09
77000    8.054579934084449e-09
77100    8.039761282918465e-09
77200    8.024987711620973e-09
77300    8.010259018952432e-09
77400    7.995575005030981e-09
77500    7.980935471146835e-09
77600    7.966340219751062e-09
77700    7.951789054447185e-09
77800    7.93728177998302e-09
77900    7.922818202242517e-09
78000    7.908398128237549e-09
78100    7.894021366100039e-09
78200    7.879687725073876e-09
78300    7.865397015507071e-09
78400    7.85114904884393e-09
78500    7.836943637617252e-09
78600    7.822780595440664e-09
78700    7.80865973700097e-09
78800    7.794580878050556e-09
78900    7.78054383539992e-09
79000    7.766548426910205e-09
79100    7.752594471485814e-09
79200    7.738681789067027e-09
79300    7.724810200622859e-09
79400    7.710979528143734e-09
79500    7.697189594634417e-09
79600    7.683440224106835e-09
79700    7.669731241573188e-09
79800    7.656062473038843e-09
79900    7.642433745495495e-09
80000    7.628844886914254e-09
80100    7.615295726238914e-09
80200    7.601786093379133e-09
80300    7.58831581920379e-09
80400    7.574884735534335e-09
80500    7.561492675138192e-09
80600    7.548139471722242e-09
80700    7.534824959926338e-09
80800    7.521548975316907e-09
80900    7.508311354380531e-09
81000    7.495111934517644e-09
81100    7.481950554036313e-09
81200    7.46882705214593e-09
81300    7.455741268951112e-09
81400    7.4426930454455475e-09
81500    7.429682223505946e-09
81600    7.41670864588599e-09
81700    7.403772156210397e-09
81800    7.39087259896895e-09
81900    7.378009819510678e-09
82000    7.365183664037975e-09
82100    7.352393979600816e-09
82200    7.339640614091066e-09
82300    7.326923416236731e-09
82400    7.3142422355963334e-09
82500    7.3015969225533535e-09
82600    7.288987328310579e-09
82700    7.276413304884673e-09
82800    7.263874705100653e-09
82900    7.251371382586489e-09
83000    7.238903191767749e-09
83100    7.226469987862156e-09
83200    7.21407162687441e-09
83300    7.201707965590857e-09
83400    7.189378861574275e-09
83500    7.177084173158748e-09
83600    7.164823759444468e-09
83700    7.1525974802969965e-09
83800    7.1404051966324376e-09
83900    7.1282467705908096e-09
84000    7.1161220650912525e-09
84100    7.104030943782986e-09
84200    7.09197327104059e-09
84300    7.079948911959199e-09
84400    7.067957732349852e-09
84500    7.055999598734783e-09
84600    7.044074378342832e-09
84700    7.032181939104792e-09
84800    7.020322149648874e-09
84900    7.008494879296213e-09
85000    6.996699998056293e-09
85100    6.984937376622578e-09
85200    6.973206886368019e-09
85300    6.961508399340695e-09
85400    6.949841788259428e-09
85500    6.9382069265095285e-09
85600    6.926603688138408e-09
85700    6.915031947851388e-09
85800    6.9034915810074395e-09
85900    6.891982463615005e-09
86000    6.880504472327833e-09
86100    6.869057484440829e-09
86200    6.8576413778859855e-09
86300    6.846256031228289e-09
86400    6.83490132366168e-09
86500    6.823577135005068e-09
86600    6.81228334569833e-09
86700    6.801019836798346e-09
86800    6.78978648997515e-09
86900    6.778583187507946e-09
87000    6.767409812281325e-09
87100    6.756266247781397e-09
87200    6.7451523780919725e-09
87300    6.734068087890841e-09
87400    6.723013262445964e-09
87500    6.711987787611797e-09
87600    6.700991549825597e-09
87700    6.690024436103726e-09
87800    6.679086334038032e-09
87900    6.668177131792274e-09
88000    6.657296718098488e-09
88100    6.646444982253436e-09
88200    6.635621814115122e-09
88300    6.6248271040992284e-09
88400    6.61406074317568e-09
88500    6.603322622865174e-09
88600    6.592612635235751e-09
88700    6.581930672899393e-09
88800    6.571276629008662e-09
88900    6.560650397253345e-09
89000    6.550051871857072e-09
89100    6.539480947574103e-09
89200    6.5289375196859804e-09
89300    6.518421483998285e-09
89400    6.507932736837459e-09
89500    6.49747117504749e-09
89600    6.487036695986835e-09
89700    6.476629197525199e-09
89800    6.4662485780404074e-09
89900    6.4558947364152835e-09
90000    6.445567572034572e-09
90100    6.435266984781867e-09
90200    6.4249928750365385e-09
90300    6.414745143670725e-09
90400    6.404523692046334e-09
90500    6.3943284220120426e-09
90600    6.384159235900343e-09
90700    6.374016036524585e-09
90800    6.363898727196874e-09
90900    6.353807211885986e-09
91000    6.343741395124406e-09
91100    6.333701181911051e-09
91200    6.32368647770759e-09
91300    6.313697188435735e-09
91400    6.303733220474453e-09
91500    6.293794480657209e-09
91600    6.2838808762692845e-09
91700    6.273992315045013e-09
91800    6.264128705165201e-09
91900    6.254289955254333e-09
92000    6.244475974378065e-09
92100    6.23468667204046e-09
92200    6.224921958181498e-09
92300    6.2151817431744205e-09
92400    6.2054659378231756e-09
92500    6.1957744533598684e-09
92600    6.186107201442217e-09
92700    6.176464094151059e-09
92800    6.166845043987814e-09
92900    6.157249963872031e-09
93000    6.147678767138911e-09
93100    6.138131367536866e-09
93200    6.12860767922507e-09
93300    6.119107616771075e-09
93400    6.109631095148385e-09
93500    6.100178029734102e-09
93600    6.090748336306526e-09
93700    6.081341931042845e-09
93800    6.071958730516796e-09
93900    6.06259865169632e-09
94000    6.053261611941292e-09
94100    6.04394752900122e-09
94200    6.034656321013017e-09
94300    6.025387906498683e-09
94400    6.016142204363122e-09
94500    6.006919133891895e-09
94600    5.997718614749029e-09
94700    5.988540566974809e-09
94800    5.97938491098361e-09
94900    5.970251567561765e-09
95000    5.9611404578653524e-09
95100    5.9520515034181105e-09
95200    5.942984626109332e-09
95300    5.933939748191739e-09
95400    5.924916792279364e-09
95500    5.915915681345548e-09
95600    5.906936338720828e-09
95700    5.8979786880909094e-09
95800    5.889042653494618e-09
95900    5.880128159321894e-09
96000    5.871235130311788e-09
96100    5.862363491550473e-09
96200    5.853513168469255e-09
96300    5.844684086842609e-09
96400    5.8358761727862404e-09
96500    5.827089352755141e-09
96600    5.81832355354165e-09
96700    5.809578702273562e-09
96800    5.80085472641222e-09
96900    5.7921515537506215e-09
97000    5.783469112411567e-09
97100    5.7748073308457605e-09
97200    5.766166137829996e-09
97300    5.7575454624653075e-09
97400    5.748945234175139e-09
97500    5.740365382703535e-09
97600    5.731805838113352e-09
97700    5.723266530784455e-09
97800    5.714747391411941e-09
97900    5.706248351004405e-09
98000    5.697769340882125e-09
98100    5.689310292675384e-09
98200    5.680871138322708e-09
98300    5.6724518100691624e-09
98400    5.664052240477147e-09
98500    5.655672362669274e-09
98600    5.647312110307097e-09
98700    5.638971417355252e-09
98800    5.630650218070476e-09
98900    5.6223484469999855e-09
99000    5.6140660389799246e-09
99100    5.605802929133755e-09
99200    5.597559052870733e-09
99300    5.5893343458843136e-09
99400    5.5811287441506305e-09
99500    5.572942183926951e-09
99600    5.5647746017501585e-09
99700    5.556625934435252e-09
99800    5.548496119073803e-09
99900    5.540385093032481e-09
