100    0.0002747411107432445
110    0.0002515393464490041
120    0.00022788129431469638
130    0.00020439707945276394
140    0.00018159174968319412
150    0.0001598692383172751
160    0.00013953912195445724
170    0.00012081815214800929
180    0.00010385276242009226
190    8.870687801414601e-05
200    7.53747952485441e-05
210    6.379945321065495e-05
220    5.3930152275104696e-05
230    4.5635946318711536e-05
240    3.8745779237158465e-05
250    3.3070028667138345e-05
260    2.846285203282203e-05
270    2.479403142990097e-05
280    2.192653461259431e-05
290    1.9747731046258047e-05
300    1.816011780402344e-05
310    1.707290901546228e-05
320    1.6394827536088784e-05
330    1.6063372292087534e-05
340    1.602753556623969e-05
350    1.6225800817901644e-05
360    1.660998079865256e-05
370    1.714298434396432e-05
380    1.7794374648359983e-05
390    1.8536711731049856e-05
400    1.9333558824818623e-05
410    2.0126455537992703e-05
420    2.0853547519962902e-05
430    2.146232109884647e-05
440    2.1920745530579166e-05
450    2.220338286913259e-05
460    2.2293134305831405e-05
470    2.2184328001404998e-05
480    2.187812135091645e-05
490    2.1379857519106036e-05
500    2.06975936191711e-05
510    1.9845454060440303e-05
520    1.8844422942044117e-05
530    1.772160237942566e-05
540    1.6506460149552407e-05
550    1.5233050971681499e-05
560    1.3939149933184274e-05
570    1.2657008450957947e-05
580    1.1416573308720022e-05
590    1.0245597787095884e-05
600    9.161855321640946e-06
610    8.173937354976754e-06
620    7.283473482606746e-06
630    6.488230052150757e-06
640    5.79044371371928e-06
650    5.196710315647833e-06
660    4.706798673348045e-06
670    4.315942772326198e-06
680    4.013535064206714e-06
690    3.7877586446633944e-06
700    3.6299434381145434e-06
710    3.5336607724760695e-06
720    3.491358875283251e-06
730    3.4969478121063583e-06
740    3.5466845249012143e-06
750    3.6373341118263692e-06
760    3.7634049883754356e-06
770    3.919470832269358e-06
780    4.100204968194325e-06
790    4.299827541268193e-06
800    4.511743495018338e-06
810    4.728513441148508e-06
820    4.941886452106915e-06
830    5.143741876365379e-06
840    5.326073781034604e-06
850    5.480705518055116e-06
860    5.60001007967605e-06
870    5.678856630203619e-06
880    5.713626854435241e-06
890    5.701820867927084e-06
900    5.6431455844406625e-06
910    5.540661910233545e-06
920    5.3985791017699646e-06
930    5.221717197085432e-06
940    5.015432051236359e-06
950    4.785388077789206e-06
960    4.537180306049129e-06
970    4.276246860808363e-06
980    4.0083957676779694e-06
990    3.73910550911222e-06
