100    8.629370324773064e-12
110    5.7252176112997544e-12
120    3.884874439213913e-12
130    2.7202211777526395e-12
140    1.9792712976480128e-12
150    1.4902692795188179e-12
160    1.1558109701453257e-12
170    9.110791425040524e-13
180    7.252366165976725e-13
190    5.867664233483839e-13
200    4.867074153199651e-13
210    4.140120734610185e-13
220    3.578358929129547e-13
230    3.115676081095174e-13
240    2.712389883889561e-13
250    2.3529448384406376e-13
260    2.0349058424741288e-13
270    1.7640298750001327e-13
280    1.5415311443027858e-13
290    1.3577371527471666e-13
300    1.2012875007702668e-13
310    1.0657600914483233e-13
320    9.469576361996431e-14
330    8.404329520460686e-14
340    7.098497498879878e-14
350    6.550345713569034e-14
360    5.759890714476933e-14
370    5.061535825058721e-14
380    4.460799957700583e-14
390    3.9532091224491725e-14
400    3.527290062481485e-14
410    3.167783646419946e-14
420    2.859824988850733e-14
430    2.5895790346682626e-14
440    2.3474956246429072e-14
450    2.126455071427669e-14
460    1.9227750120595068e-14
470    1.7367539091069344e-14
480    1.5707811165149554e-14
490    1.4268151310997053e-14
500    1.3041759629635918e-14
510    1.2001111067589369e-14
520    1.1109625653447458e-14
530    1.0334733050175298e-14
540    9.646754164057548e-15
550    9.023285939160911e-15
560    8.445474901353321e-15
570    7.902578916943897e-15
580    7.38842756076267e-15
590    6.898142038778959e-15
600    6.432456989048896e-15
610    5.994897332449912e-15
620    5.5890480941767605e-15
630    5.217640007159657e-15
640    4.827439045183231e-15
650    4.577368851498425e-15
660    4.303542811482545e-15
670    4.055150154492767e-15
680    3.826781045466431e-15
690    3.613784307656014e-15
700    3.4124253114607315e-15
710    3.2189417071085525e-15
720    3.031452008028807e-15
730    2.850511785611083e-15
740    2.677328983134892e-15
750    2.5132813851278592e-15
760    2.4283809713988133e-15
770    2.2185377608421725e-15
780    2.0884504193612094e-15
790    1.969327721141161e-15
800    1.8604666695610496e-15
810    1.7612556999099607e-15
820    1.6702764686711571e-15
830    1.5862080693082648e-15
840    1.5082027200228206e-15
850    1.4353299377896879e-15
860    1.3666456506099443e-15
870    1.3013968422797536e-15
880    1.2393335176621947e-15
890    1.1803130193298894e-15
900    1.124095544830442e-15
910    1.070576304036334e-15
920    1.0198517822936749e-15
930    9.72032775853353e-16
940    9.271511171741642e-16
950    8.851848602534555e-16
960    8.460772258219934e-16
970    8.097371173830833e-16
980    7.760562007590991e-16
990    7.447130605426038e-16
