100    8.2963082589933e-08
110    8.2963082589933e-08
120    8.2963082589933e-08
130    8.2963082589933e-08
140    8.2963082589933e-08
150    8.2963082589933e-08
160    8.2963082589933e-08
170    8.2963082589933e-08
180    8.2963082589933e-08
190    8.2963082589933e-08
200    8.2963082589933e-08
210    8.2963082589933e-08
220    8.2963082589933e-08
230    8.2963082589933e-08
240    8.2963082589933e-08
250    8.2963082589933e-08
260    8.2963082589933e-08
270    8.2963082589933e-08
280    8.2963082589933e-08
290    8.2963082589933e-08
300    8.2963082589933e-08
310    8.2963082589933e-08
320    8.2963082589933e-08
330    8.2963082589933e-08
340    8.2963082589933e-08
350    8.2963082589933e-08
360    8.2963082589933e-08
370    8.2963082589933e-08
380    8.2963082589933e-08
390    8.2963082589933e-08
400    8.2963082589933e-08
410    8.2963082589933e-08
420    8.2963082589933e-08
430    8.2963082589933e-08
440    8.2963082589933e-08
450    8.2963082589933e-08
460    8.2963082589933e-08
470    8.2963082589933e-08
480    8.2963082589933e-08
490    8.2963082589933e-08
500    8.2963082589933e-08
510    8.2963082589933e-08
520    8.2963082589933e-08
530    8.2963082589933e-08
540    8.2963082589933e-08
550    8.2963082589933e-08
560    8.2963082589933e-08
570    8.2963082589933e-08
580    8.2963082589933e-08
590    8.2963082589933e-08
600    8.2963082589933e-08
610    8.2963082589933e-08
620    8.2963082589933e-08
630    8.2963082589933e-08
640    8.2963082589933e-08
650    8.2963082589933e-08
660    8.2963082589933e-08
670    8.2963082589933e-08
680    8.2963082589933e-08
690    8.2963082589933e-08
700    8.2963082589933e-08
710    8.2963082589933e-08
720    8.2963082589933e-08
730    8.2963082589933e-08
740    8.2963082589933e-08
750    8.2963082589933e-08
760    8.2963082589933e-08
770    8.2963082589933e-08
780    8.2963082589933e-08
790    8.2963082589933e-08
800    8.2963082589933e-08
810    8.2963082589933e-08
820    8.2963082589933e-08
830    8.2963082589933e-08
840    8.2963082589933e-08
850    8.2963082589933e-08
860    8.2963082589933e-08
870    8.2963082589933e-08
880    8.2963082589933e-08
890    8.2963082589933e-08
900    8.2963082589933e-08
910    8.2963082589933e-08
920    8.2963082589933e-08
930    8.2963082589933e-08
940    8.2963082589933e-08
950    8.2963082589933e-08
960    8.2963082589933e-08
970    8.2963082589933e-08
980    8.2963082589933e-08
990    8.2963082589933e-08
1000    8.2963082589933e-08
1010    8.2963082589933e-08
1020    8.2963082589933e-08
1030    8.2963082589933e-08
1040    8.2963082589933e-08
1050    8.2963082589933e-08
1060    8.2963082589933e-08
1070    8.2963082589933e-08
1080    8.2963082589933e-08
1090    8.2963082589933e-08
1100    8.2963082589933e-08
1110    8.2963082589933e-08
1120    8.2963082589933e-08
1130    8.2963082589933e-08
1140    8.2963082589933e-08
1150    8.2963082589933e-08
1160    8.2963082589933e-08
1170    8.2963082589933e-08
1180    8.2963082589933e-08
1190    8.2963082589933e-08
1200    8.2963082589933e-08
1210    8.2963082589933e-08
1220    8.2963082589933e-08
1230    8.2963082589933e-08
1240    8.2963082589933e-08
1250    8.2963082589933e-08
1260    8.2963082589933e-08
1270    8.2963082589933e-08
1280    8.2963082589933e-08
1290    8.2963082589933e-08
1300    8.2963082589933e-08
1310    8.2963082589933e-08
1320    8.2963082589933e-08
1330    8.2963082589933e-08
1340    8.2963082589933e-08
1350    8.2963082589933e-08
1360    8.2963082589933e-08
1370    8.2963082589933e-08
1380    8.2963082589933e-08
1390    8.2963082589933e-08
1400    8.2963082589933e-08
1410    8.2963082589933e-08
1420    8.2963082589933e-08
1430    8.2963082589933e-08
1440    8.2963082589933e-08
1450    8.2963082589933e-08
1460    8.2963082589933e-08
1470    8.2963082589933e-08
1480    8.2963082589933e-08
1490    8.2963082589933e-08
1500    8.2963082589933e-08
1510    8.2963082589933e-08
1520    8.2963082589933e-08
1530    8.2963082589933e-08
1540    8.2963082589933e-08
1550    8.2963082589933e-08
1560    8.2963082589933e-08
1570    8.2963082589933e-08
1580    8.2963082589933e-08
1590    8.2963082589933e-08
1600    8.2963082589933e-08
1610    8.2963082589933e-08
1620    8.2963082589933e-08
1630    8.2963082589933e-08
1640    8.2963082589933e-08
1650    8.2963082589933e-08
1660    8.2963082589933e-08
1670    8.2963082589933e-08
1680    8.2963082589933e-08
1690    8.2963082589933e-08
1700    8.2963082589933e-08
1710    8.2963082589933e-08
1720    8.2963082589933e-08
1730    8.2963082589933e-08
1740    8.2963082589933e-08
1750    8.2963082589933e-08
1760    8.2963082589933e-08
1770    8.2963082589933e-08
1780    8.2963082589933e-08
1790    8.2963082589933e-08
1800    8.2963082589933e-08
1810    8.2963082589933e-08
1820    8.2963082589933e-08
1830    8.2963082589933e-08
1840    8.2963082589933e-08
1850    8.2963082589933e-08
1860    8.2963082589933e-08
1870    8.2963082589933e-08
1880    8.2963082589933e-08
1890    8.2963082589933e-08
1900    8.2963082589933e-08
1910    8.2963082589933e-08
1920    8.2963082589933e-08
1930    8.2963082589933e-08
1940    8.2963082589933e-08
1950    8.2963082589933e-08
1960    8.2963082589933e-08
1970    8.2963082589933e-08
1980    8.2963082589933e-08
1990    8.2963082589933e-08
2000    8.2963082589933e-08
2010    8.2963082589933e-08
2020    8.2963082589933e-08
2030    8.2963082589933e-08
2040    8.2963082589933e-08
2050    8.2963082589933e-08
2060    8.2963082589933e-08
2070    8.2963082589933e-08
2080    8.2963082589933e-08
2090    8.2963082589933e-08
2100    8.2963082589933e-08
2110    8.2963082589933e-08
2120    8.2963082589933e-08
2130    8.2963082589933e-08
2140    8.2963082589933e-08
2150    8.2963082589933e-08
2160    8.2963082589933e-08
2170    8.2963082589933e-08
2180    8.2963082589933e-08
2190    8.2963082589933e-08
2200    8.2963082589933e-08
2210    8.2963082589933e-08
2220    8.2963082589933e-08
2230    8.2963082589933e-08
2240    8.2963082589933e-08
2250    8.2963082589933e-08
2260    8.2963082589933e-08
2270    8.2963082589933e-08
2280    8.2963082589933e-08
2290    8.2963082589933e-08
2300    8.2963082589933e-08
2310    8.2963082589933e-08
2320    8.2963082589933e-08
2330    8.2963082589933e-08
2340    8.2963082589933e-08
2350    8.2963082589933e-08
2360    8.2963082589933e-08
2370    8.2963082589933e-08
2380    8.2963082589933e-08
2390    8.2963082589933e-08
2400    8.2963082589933e-08
2410    8.2963082589933e-08
2420    8.2963082589933e-08
2430    8.2963082589933e-08
2440    8.2963082589933e-08
2450    8.2963082589933e-08
2460    8.2963082589933e-08
2470    8.2963082589933e-08
2480    8.2963082589933e-08
2490    8.2963082589933e-08
2500    8.2963082589933e-08
2510    8.2963082589933e-08
2520    8.2963082589933e-08
2530    8.2963082589933e-08
2540    8.2963082589933e-08
2550    8.2963082589933e-08
2560    8.2963082589933e-08
2570    8.2963082589933e-08
2580    8.2963082589933e-08
2590    8.2963082589933e-08
2600    8.2963082589933e-08
2610    8.2963082589933e-08
2620    8.2963082589933e-08
2630    8.2963082589933e-08
2640    8.2963082589933e-08
2650    8.2963082589933e-08
2660    8.2963082589933e-08
2670    8.2963082589933e-08
2680    8.2963082589933e-08
2690    8.2963082589933e-08
2700    8.2963082589933e-08
2710    8.2963082589933e-08
2720    8.2963082589933e-08
2730    8.2963082589933e-08
2740    8.2963082589933e-08
2750    8.2963082589933e-08
2760    8.2963082589933e-08
2770    8.2963082589933e-08
2780    8.2963082589933e-08
2790    8.2963082589933e-08
2800    8.2963082589933e-08
2810    8.2963082589933e-08
2820    8.2963082589933e-08
2830    8.2963082589933e-08
2840    8.2963082589933e-08
2850    8.2963082589933e-08
2860    8.2963082589933e-08
2870    8.2963082589933e-08
2880    8.2963082589933e-08
2890    8.2963082589933e-08
2900    8.2963082589933e-08
2910    8.2963082589933e-08
2920    8.2963082589933e-08
2930    8.2963082589933e-08
2940    8.2963082589933e-08
2950    8.2963082589933e-08
2960    8.2963082589933e-08
2970    8.2963082589933e-08
2980    8.2963082589933e-08
2990    8.2963082589933e-08
3000    8.2963082589933e-08
3010    8.2963082589933e-08
3020    8.2963082589933e-08
3030    8.2963082589933e-08
3040    8.2963082589933e-08
3050    8.2963082589933e-08
3060    8.2963082589933e-08
3070    8.2963082589933e-08
3080    8.2963082589933e-08
3090    8.2963082589933e-08
3100    8.2963082589933e-08
3110    8.2963082589933e-08
3120    8.2963082589933e-08
3130    8.2963082589933e-08
3140    8.2963082589933e-08
3150    8.2963082589933e-08
3160    8.2963082589933e-08
3170    8.2963082589933e-08
3180    8.2963082589933e-08
3190    8.2963082589933e-08
3200    8.2963082589933e-08
3210    8.2963082589933e-08
3220    8.2963082589933e-08
3230    8.2963082589933e-08
3240    8.2963082589933e-08
3250    8.2963082589933e-08
3260    8.2963082589933e-08
3270    8.2963082589933e-08
3280    8.2963082589933e-08
3290    8.2963082589933e-08
3300    8.2963082589933e-08
3310    8.2963082589933e-08
3320    8.2963082589933e-08
3330    8.2963082589933e-08
3340    8.2963082589933e-08
3350    8.2963082589933e-08
3360    8.2963082589933e-08
3370    8.2963082589933e-08
3380    8.2963082589933e-08
3390    8.2963082589933e-08
3400    8.2963082589933e-08
3410    8.2963082589933e-08
3420    8.2963082589933e-08
3430    8.2963082589933e-08
3440    8.2963082589933e-08
3450    8.2963082589933e-08
3460    8.2963082589933e-08
3470    8.2963082589933e-08
3480    8.2963082589933e-08
3490    8.2963082589933e-08
3500    8.2963082589933e-08
3510    8.2963082589933e-08
3520    8.2963082589933e-08
3530    8.2963082589933e-08
3540    8.2963082589933e-08
3550    8.2963082589933e-08
3560    8.2963082589933e-08
3570    8.2963082589933e-08
3580    8.2963082589933e-08
3590    8.2963082589933e-08
3600    8.2963082589933e-08
3610    8.2963082589933e-08
3620    8.2963082589933e-08
3630    8.2963082589933e-08
3640    8.2963082589933e-08
3650    8.2963082589933e-08
3660    8.2963082589933e-08
3670    8.2963082589933e-08
3680    8.2963082589933e-08
3690    8.2963082589933e-08
3700    8.2963082589933e-08
3710    8.2963082589933e-08
3720    8.2963082589933e-08
3730    8.2963082589933e-08
3740    8.2963082589933e-08
3750    8.2963082589933e-08
3760    8.2963082589933e-08
3770    8.2963082589933e-08
3780    8.2963082589933e-08
3790    8.2963082589933e-08
3800    8.2963082589933e-08
3810    8.2963082589933e-08
3820    8.2963082589933e-08
3830    8.2963082589933e-08
3840    8.2963082589933e-08
3850    8.2963082589933e-08
3860    8.2963082589933e-08
3870    8.2963082589933e-08
3880    8.2963082589933e-08
3890    8.2963082589933e-08
3900    8.2963082589933e-08
3910    8.2963082589933e-08
3920    8.2963082589933e-08
3930    8.2963082589933e-08
3940    8.2963082589933e-08
3950    8.2963082589933e-08
3960    8.2963082589933e-08
3970    8.2963082589933e-08
3980    8.2963082589933e-08
3990    8.2963082589933e-08
4000    8.2963082589933e-08
4010    8.2963082589933e-08
4020    8.2963082589933e-08
4030    8.2963082589933e-08
4040    8.2963082589933e-08
4050    8.2963082589933e-08
4060    8.2963082589933e-08
4070    8.2963082589933e-08
4080    8.2963082589933e-08
4090    8.2963082589933e-08
4100    8.2963082589933e-08
4110    8.2963082589933e-08
4120    8.2963082589933e-08
4130    8.2963082589933e-08
4140    8.2963082589933e-08
4150    8.2963082589933e-08
4160    8.2963082589933e-08
4170    8.2963082589933e-08
4180    8.2963082589933e-08
4190    8.2963082589933e-08
4200    8.2963082589933e-08
4210    8.2963082589933e-08
4220    8.2963082589933e-08
4230    8.2963082589933e-08
4240    8.2963082589933e-08
4250    8.2963082589933e-08
4260    8.2963082589933e-08
4270    8.2963082589933e-08
4280    8.2963082589933e-08
4290    8.2963082589933e-08
4300    8.2963082589933e-08
4310    8.2963082589933e-08
4320    8.2963082589933e-08
4330    8.2963082589933e-08
4340    8.2963082589933e-08
4350    8.2963082589933e-08
4360    8.2963082589933e-08
4370    8.2963082589933e-08
4380    8.2963082589933e-08
4390    8.2963082589933e-08
4400    8.2963082589933e-08
4410    8.2963082589933e-08
4420    8.2963082589933e-08
4430    8.2963082589933e-08
4440    8.2963082589933e-08
4450    8.2963082589933e-08
4460    8.2963082589933e-08
4470    8.2963082589933e-08
4480    8.2963082589933e-08
4490    8.2963082589933e-08
4500    8.2963082589933e-08
4510    8.2963082589933e-08
4520    8.2963082589933e-08
4530    8.2963082589933e-08
4540    8.2963082589933e-08
4550    8.2963082589933e-08
4560    8.2963082589933e-08
4570    8.2963082589933e-08
4580    8.2963082589933e-08
4590    8.2963082589933e-08
4600    8.2963082589933e-08
4610    8.2963082589933e-08
4620    8.2963082589933e-08
4630    8.2963082589933e-08
4640    8.2963082589933e-08
4650    8.2963082589933e-08
4660    8.2963082589933e-08
4670    8.2963082589933e-08
4680    8.2963082589933e-08
4690    8.2963082589933e-08
4700    8.2963082589933e-08
4710    8.2963082589933e-08
4720    8.2963082589933e-08
4730    8.2963082589933e-08
4740    8.2963082589933e-08
4750    8.2963082589933e-08
4760    8.2963082589933e-08
4770    8.2963082589933e-08
4780    8.2963082589933e-08
4790    8.2963082589933e-08
4800    8.2963082589933e-08
4810    8.2963082589933e-08
4820    8.2963082589933e-08
4830    8.2963082589933e-08
4840    8.2963082589933e-08
4850    8.2963082589933e-08
4860    8.2963082589933e-08
4870    8.2963082589933e-08
4880    8.2963082589933e-08
4890    8.2963082589933e-08
4900    8.2963082589933e-08
4910    8.2963082589933e-08
4920    8.2963082589933e-08
4930    8.2963082589933e-08
4940    8.2963082589933e-08
4950    8.2963082589933e-08
4960    8.2963082589933e-08
4970    8.2963082589933e-08
4980    8.2963082589933e-08
4990    8.2963082589933e-08
5000    8.2963082589933e-08
5010    8.2963082589933e-08
5020    8.2963082589933e-08
5030    8.2963082589933e-08
5040    8.2963082589933e-08
5050    8.2963082589933e-08
5060    8.2963082589933e-08
5070    8.2963082589933e-08
5080    8.2963082589933e-08
5090    8.2963082589933e-08
5100    8.2963082589933e-08
5110    8.2963082589933e-08
5120    8.2963082589933e-08
5130    8.2963082589933e-08
5140    8.2963082589933e-08
5150    8.2963082589933e-08
5160    8.2963082589933e-08
5170    8.2963082589933e-08
5180    8.2963082589933e-08
5190    8.2963082589933e-08
5200    8.2963082589933e-08
5210    8.2963082589933e-08
5220    8.2963082589933e-08
5230    8.2963082589933e-08
5240    8.2963082589933e-08
5250    8.2963082589933e-08
5260    8.2963082589933e-08
5270    8.2963082589933e-08
5280    8.2963082589933e-08
5290    8.2963082589933e-08
5300    8.2963082589933e-08
5310    8.2963082589933e-08
5320    8.2963082589933e-08
5330    8.2963082589933e-08
5340    8.2963082589933e-08
5350    8.2963082589933e-08
5360    8.2963082589933e-08
5370    8.2963082589933e-08
5380    8.2963082589933e-08
5390    8.2963082589933e-08
5400    8.2963082589933e-08
5410    8.2963082589933e-08
5420    8.2963082589933e-08
5430    8.2963082589933e-08
5440    8.2963082589933e-08
5450    8.2963082589933e-08
5460    8.2963082589933e-08
5470    8.2963082589933e-08
5480    8.2963082589933e-08
5490    8.2963082589933e-08
5500    8.2963082589933e-08
5510    8.2963082589933e-08
5520    8.2963082589933e-08
5530    8.2963082589933e-08
5540    8.2963082589933e-08
5550    8.2963082589933e-08
5560    8.2963082589933e-08
5570    8.2963082589933e-08
5580    8.2963082589933e-08
5590    8.2963082589933e-08
5600    8.2963082589933e-08
5610    8.2963082589933e-08
5620    8.2963082589933e-08
5630    8.2963082589933e-08
5640    8.2963082589933e-08
5650    8.2963082589933e-08
5660    8.2963082589933e-08
5670    8.2963082589933e-08
5680    8.2963082589933e-08
5690    8.2963082589933e-08
5700    8.2963082589933e-08
5710    8.2963082589933e-08
5720    8.2963082589933e-08
5730    8.2963082589933e-08
5740    8.2963082589933e-08
5750    8.2963082589933e-08
5760    8.2963082589933e-08
5770    8.2963082589933e-08
5780    8.2963082589933e-08
5790    8.2963082589933e-08
5800    8.2963082589933e-08
5810    8.2963082589933e-08
5820    8.2963082589933e-08
5830    8.2963082589933e-08
5840    8.2963082589933e-08
5850    8.2963082589933e-08
5860    8.2963082589933e-08
5870    8.2963082589933e-08
5880    8.2963082589933e-08
5890    8.2963082589933e-08
5900    8.2963082589933e-08
5910    8.2963082589933e-08
5920    8.2963082589933e-08
5930    8.2963082589933e-08
5940    8.2963082589933e-08
5950    8.2963082589933e-08
5960    8.2963082589933e-08
5970    8.2963082589933e-08
5980    8.2963082589933e-08
5990    8.2963082589933e-08
6000    8.2963082589933e-08
6010    8.2963082589933e-08
6020    8.2963082589933e-08
6030    8.2963082589933e-08
6040    8.2963082589933e-08
6050    8.2963082589933e-08
6060    8.2963082589933e-08
6070    8.2963082589933e-08
6080    8.2963082589933e-08
6090    8.2963082589933e-08
6100    8.2963082589933e-08
6110    8.2963082589933e-08
6120    8.2963082589933e-08
6130    8.2963082589933e-08
6140    8.2963082589933e-08
6150    8.2963082589933e-08
6160    8.2963082589933e-08
6170    8.2963082589933e-08
6180    8.2963082589933e-08
6190    8.2963082589933e-08
6200    8.2963082589933e-08
6210    8.2963082589933e-08
6220    8.2963082589933e-08
6230    8.2963082589933e-08
6240    8.2963082589933e-08
6250    8.2963082589933e-08
6260    8.2963082589933e-08
6270    8.2963082589933e-08
6280    8.2963082589933e-08
6290    8.2963082589933e-08
6300    8.2963082589933e-08
6310    8.2963082589933e-08
6320    8.2963082589933e-08
6330    8.2963082589933e-08
6340    8.2963082589933e-08
6350    8.2963082589933e-08
6360    8.2963082589933e-08
6370    8.2963082589933e-08
6380    8.2963082589933e-08
6390    8.2963082589933e-08
6400    8.2963082589933e-08
6410    8.2963082589933e-08
6420    8.2963082589933e-08
6430    8.2963082589933e-08
6440    8.2963082589933e-08
6450    8.2963082589933e-08
6460    8.2963082589933e-08
6470    8.2963082589933e-08
6480    8.2963082589933e-08
6490    8.2963082589933e-08
6500    8.2963082589933e-08
6510    8.2963082589933e-08
6520    8.2963082589933e-08
6530    8.2963082589933e-08
6540    8.2963082589933e-08
6550    8.2963082589933e-08
6560    8.2963082589933e-08
6570    8.2963082589933e-08
6580    8.2963082589933e-08
6590    8.2963082589933e-08
6600    8.2963082589933e-08
6610    8.2963082589933e-08
6620    8.2963082589933e-08
6630    8.2963082589933e-08
6640    8.2963082589933e-08
6650    8.2963082589933e-08
6660    8.2963082589933e-08
6670    8.2963082589933e-08
6680    8.2963082589933e-08
6690    8.2963082589933e-08
6700    8.2963082589933e-08
6710    8.2963082589933e-08
6720    8.2963082589933e-08
6730    8.2963082589933e-08
6740    8.2963082589933e-08
6750    8.2963082589933e-08
6760    8.2963082589933e-08
6770    8.2963082589933e-08
6780    8.2963082589933e-08
6790    8.2963082589933e-08
6800    8.2963082589933e-08
6810    8.2963082589933e-08
6820    8.2963082589933e-08
6830    8.2963082589933e-08
6840    8.2963082589933e-08
6850    8.2963082589933e-08
6860    8.2963082589933e-08
6870    8.2963082589933e-08
6880    8.2963082589933e-08
6890    8.2963082589933e-08
6900    8.2963082589933e-08
6910    8.2963082589933e-08
6920    8.2963082589933e-08
6930    8.2963082589933e-08
6940    8.2963082589933e-08
6950    8.2963082589933e-08
6960    8.2963082589933e-08
6970    8.2963082589933e-08
6980    8.2963082589933e-08
6990    8.2963082589933e-08
7000    8.2963082589933e-08
7010    8.2963082589933e-08
7020    8.2963082589933e-08
7030    8.2963082589933e-08
7040    8.2963082589933e-08
7050    8.2963082589933e-08
7060    8.2963082589933e-08
7070    8.2963082589933e-08
7080    8.2963082589933e-08
7090    8.2963082589933e-08
7100    8.2963082589933e-08
7110    8.2963082589933e-08
7120    8.2963082589933e-08
7130    8.2963082589933e-08
7140    8.2963082589933e-08
7150    8.2963082589933e-08
7160    8.2963082589933e-08
7170    8.2963082589933e-08
7180    8.2963082589933e-08
7190    8.2963082589933e-08
7200    8.2963082589933e-08
7210    8.2963082589933e-08
7220    8.2963082589933e-08
7230    8.2963082589933e-08
7240    8.2963082589933e-08
7250    8.2963082589933e-08
7260    8.2963082589933e-08
7270    8.2963082589933e-08
7280    8.2963082589933e-08
7290    8.2963082589933e-08
7300    8.2963082589933e-08
7310    8.2963082589933e-08
7320    8.2963082589933e-08
7330    8.2963082589933e-08
7340    8.2963082589933e-08
7350    8.2963082589933e-08
7360    8.2963082589933e-08
7370    8.2963082589933e-08
7380    8.2963082589933e-08
7390    8.2963082589933e-08
7400    8.2963082589933e-08
7410    8.2963082589933e-08
7420    8.2963082589933e-08
7430    8.2963082589933e-08
7440    8.2963082589933e-08
7450    8.2963082589933e-08
7460    8.2963082589933e-08
7470    8.2963082589933e-08
7480    8.2963082589933e-08
7490    8.2963082589933e-08
7500    8.2963082589933e-08
7510    8.2963082589933e-08
7520    8.2963082589933e-08
7530    8.2963082589933e-08
7540    8.2963082589933e-08
7550    8.2963082589933e-08
7560    8.2963082589933e-08
7570    8.2963082589933e-08
7580    8.2963082589933e-08
7590    8.2963082589933e-08
7600    8.2963082589933e-08
7610    8.2963082589933e-08
7620    8.2963082589933e-08
7630    8.2963082589933e-08
7640    8.2963082589933e-08
7650    8.2963082589933e-08
7660    8.2963082589933e-08
7670    8.2963082589933e-08
7680    8.2963082589933e-08
7690    8.2963082589933e-08
7700    8.2963082589933e-08
7710    8.2963082589933e-08
7720    8.2963082589933e-08
7730    8.2963082589933e-08
7740    8.2963082589933e-08
7750    8.2963082589933e-08
7760    8.2963082589933e-08
7770    8.2963082589933e-08
7780    8.2963082589933e-08
7790    8.2963082589933e-08
7800    8.2963082589933e-08
7810    8.2963082589933e-08
7820    8.2963082589933e-08
7830    8.2963082589933e-08
7840    8.2963082589933e-08
7850    8.2963082589933e-08
7860    8.2963082589933e-08
7870    8.2963082589933e-08
7880    8.2963082589933e-08
7890    8.2963082589933e-08
7900    8.2963082589933e-08
7910    8.2963082589933e-08
7920    8.2963082589933e-08
7930    8.2963082589933e-08
7940    8.2963082589933e-08
7950    8.2963082589933e-08
7960    8.2963082589933e-08
7970    8.2963082589933e-08
7980    8.2963082589933e-08
7990    8.2963082589933e-08
8000    8.2963082589933e-08
8010    8.2963082589933e-08
8020    8.2963082589933e-08
8030    8.2963082589933e-08
8040    8.2963082589933e-08
8050    8.2963082589933e-08
8060    8.2963082589933e-08
8070    8.2963082589933e-08
8080    8.2963082589933e-08
8090    8.2963082589933e-08
8100    8.2963082589933e-08
8110    8.2963082589933e-08
8120    8.2963082589933e-08
8130    8.2963082589933e-08
8140    8.2963082589933e-08
8150    8.2963082589933e-08
8160    8.2963082589933e-08
8170    8.2963082589933e-08
8180    8.2963082589933e-08
8190    8.2963082589933e-08
8200    8.2963082589933e-08
8210    8.2963082589933e-08
8220    8.2963082589933e-08
8230    8.2963082589933e-08
8240    8.2963082589933e-08
8250    8.2963082589933e-08
8260    8.2963082589933e-08
8270    8.2963082589933e-08
8280    8.2963082589933e-08
8290    8.2963082589933e-08
8300    8.2963082589933e-08
8310    8.2963082589933e-08
8320    8.2963082589933e-08
8330    8.2963082589933e-08
8340    8.2963082589933e-08
8350    8.2963082589933e-08
8360    8.2963082589933e-08
8370    8.2963082589933e-08
8380    8.2963082589933e-08
8390    8.2963082589933e-08
8400    8.2963082589933e-08
8410    8.2963082589933e-08
8420    8.2963082589933e-08
8430    8.2963082589933e-08
8440    8.2963082589933e-08
8450    8.2963082589933e-08
8460    8.2963082589933e-08
8470    8.2963082589933e-08
8480    8.2963082589933e-08
8490    8.2963082589933e-08
8500    8.2963082589933e-08
8510    8.2963082589933e-08
8520    8.2963082589933e-08
8530    8.2963082589933e-08
8540    8.2963082589933e-08
8550    8.2963082589933e-08
8560    8.2963082589933e-08
8570    8.2963082589933e-08
8580    8.2963082589933e-08
8590    8.2963082589933e-08
8600    8.2963082589933e-08
8610    8.2963082589933e-08
8620    8.2963082589933e-08
8630    8.2963082589933e-08
8640    8.2963082589933e-08
8650    8.2963082589933e-08
8660    8.2963082589933e-08
8670    8.2963082589933e-08
8680    8.2963082589933e-08
8690    8.2963082589933e-08
8700    8.2963082589933e-08
8710    8.2963082589933e-08
8720    8.2963082589933e-08
8730    8.2963082589933e-08
8740    8.2963082589933e-08
8750    8.2963082589933e-08
8760    8.2963082589933e-08
8770    8.2963082589933e-08
8780    8.2963082589933e-08
8790    8.2963082589933e-08
8800    8.2963082589933e-08
8810    8.2963082589933e-08
8820    8.2963082589933e-08
8830    8.2963082589933e-08
8840    8.2963082589933e-08
8850    8.2963082589933e-08
8860    8.2963082589933e-08
8870    8.2963082589933e-08
8880    8.2963082589933e-08
8890    8.2963082589933e-08
8900    8.2963082589933e-08
8910    8.2963082589933e-08
8920    8.2963082589933e-08
8930    8.2963082589933e-08
8940    8.2963082589933e-08
8950    8.2963082589933e-08
8960    8.2963082589933e-08
8970    8.2963082589933e-08
8980    8.2963082589933e-08
8990    8.2963082589933e-08
9000    8.2963082589933e-08
9010    8.2963082589933e-08
9020    8.2963082589933e-08
9030    8.2963082589933e-08
9040    8.2963082589933e-08
9050    8.2963082589933e-08
9060    8.2963082589933e-08
9070    8.2963082589933e-08
9080    8.2963082589933e-08
9090    8.2963082589933e-08
9100    8.2963082589933e-08
9110    8.2963082589933e-08
9120    8.2963082589933e-08
9130    8.2963082589933e-08
9140    8.2963082589933e-08
9150    8.2963082589933e-08
9160    8.2963082589933e-08
9170    8.2963082589933e-08
9180    8.2963082589933e-08
9190    8.2963082589933e-08
9200    8.2963082589933e-08
9210    8.2963082589933e-08
9220    8.2963082589933e-08
9230    8.2963082589933e-08
9240    8.2963082589933e-08
9250    8.2963082589933e-08
9260    8.2963082589933e-08
9270    8.2963082589933e-08
9280    8.2963082589933e-08
9290    8.2963082589933e-08
9300    8.2963082589933e-08
9310    8.2963082589933e-08
9320    8.2963082589933e-08
9330    8.2963082589933e-08
9340    8.2963082589933e-08
9350    8.2963082589933e-08
9360    8.2963082589933e-08
9370    8.2963082589933e-08
9380    8.2963082589933e-08
9390    8.2963082589933e-08
9400    8.2963082589933e-08
9410    8.2963082589933e-08
9420    8.2963082589933e-08
9430    8.2963082589933e-08
9440    8.2963082589933e-08
9450    8.2963082589933e-08
9460    8.2963082589933e-08
9470    8.2963082589933e-08
9480    8.2963082589933e-08
9490    8.2963082589933e-08
9500    8.2963082589933e-08
9510    8.2963082589933e-08
9520    8.2963082589933e-08
9530    8.2963082589933e-08
9540    8.2963082589933e-08
9550    8.2963082589933e-08
9560    8.2963082589933e-08
9570    8.2963082589933e-08
9580    8.2963082589933e-08
9590    8.2963082589933e-08
9600    8.2963082589933e-08
9610    8.2963082589933e-08
9620    8.2963082589933e-08
9630    8.2963082589933e-08
9640    8.2963082589933e-08
9650    8.2963082589933e-08
9660    8.2963082589933e-08
9670    8.2963082589933e-08
9680    8.2963082589933e-08
9690    8.2963082589933e-08
9700    8.2963082589933e-08
9710    8.2963082589933e-08
9720    8.2963082589933e-08
9730    8.2963082589933e-08
9740    8.2963082589933e-08
9750    8.2963082589933e-08
9760    8.2963082589933e-08
9770    8.2963082589933e-08
9780    8.2963082589933e-08
9790    8.2963082589933e-08
9800    8.2963082589933e-08
9810    8.2963082589933e-08
9820    8.2963082589933e-08
9830    8.2963082589933e-08
9840    8.2963082589933e-08
9850    8.2963082589933e-08
9860    8.2963082589933e-08
9870    8.2963082589933e-08
9880    8.2963082589933e-08
9890    8.2963082589933e-08
9900    8.2963082589933e-08
9910    8.2963082589933e-08
9920    8.2963082589933e-08
9930    8.2963082589933e-08
9940    8.2963082589933e-08
9950    8.2963082589933e-08
9960    8.2963082589933e-08
9970    8.2963082589933e-08
9980    8.2963082589933e-08
9990    8.2963082589933e-08
