100    1.1228282851657943e-05
200    1.1079491895922476e-05
300    1.085186192359746e-05
400    1.0571395737430746e-05
500    1.0265756471401717e-05
600    9.953785455432794e-06
700    9.638041507964715e-06
800    9.301925031105899e-06
900    8.914119983524055e-06
1000    8.446848091918245e-06
1100    7.906305723325342e-06
1200    7.338879017373518e-06
1300    6.804323060563783e-06
1400    6.351021088440899e-06
1500    5.989681815864655e-06
1600    5.685905837694666e-06
1700    5.391800199706411e-06
1800    5.072368257594753e-06
1900    4.732114083278867e-06
2000    4.405650546469072e-06
2100    4.119769735092622e-06
2200    3.882951364214637e-06
2300    3.6785664790695955e-06
2400    3.482380082658941e-06
2500    3.2839199135712112e-06
2600    3.0868938849051367e-06
2700    2.904830137547524e-06
2800    2.7446429878685253e-06
2900    2.6031640179782156e-06
3000    2.472719939183812e-06
3100    2.346264602777975e-06
3200    2.2237209367785407e-06
3300    2.1082565303675406e-06
3400    2.0028619213216076e-06
3500    1.9070289661654052e-06
3600    1.8181117659802134e-06
3700    1.7337425451116354e-06
3800    1.653065632312967e-06
3900    1.5769555158358794e-06
4000    1.5060247775640056e-06
4100    1.4402608284777187e-06
4200    1.3786198378787032e-06
4300    1.3203479625718067e-06
4400    1.2649659274924818e-06
4500    1.2125797355193573e-06
4600    1.16330815295678e-06
4700    1.1169673501975181e-06
4800    1.0732869373634185e-06
4900    1.0318312689343224e-06
5000    9.92515511030441e-07
5100    9.551576698649308e-07
5200    9.198254270365977e-07
5300    8.863179445577745e-07
5400    8.54554783570659e-07
5500    8.243310273894791e-07
5600    7.955729844429569e-07
5700    7.681923438409689e-07
5800    7.421276051424907e-07
5900    7.173213346935841e-07
6000    6.936617851651931e-07
6100    6.711070517029822e-07
6200    6.495480988800918e-07
6300    6.289773353724482e-07
6400    6.092981101487194e-07
6500    5.905064539555625e-07
6600    5.725081177200148e-07
6700    5.55294673354274e-07
6800    5.387918706994959e-07
6900    5.229872985719988e-07
7000    5.078284826017888e-07
7100    4.93291933690497e-07
7200    4.793413084615569e-07
7300    4.659431452639767e-07
7400    4.5307775523346466e-07
7500    4.4070615583206265e-07
7600    4.2882200363911824e-07
7700    4.173878098320793e-07
7800    4.063826289662942e-07
7900    3.957867076755278e-07
8000    3.855813438750574e-07
8100    3.757488248569304e-07
8200    3.66272354380352e-07
8300    3.5713559755959745e-07
8400    3.4832266064596437e-07
8500    3.3981854054314366e-07
8600    3.3160909024881886e-07
8700    3.2368096113046826e-07
8800    3.1602154966760024e-07
8900    3.086189608967157e-07
9000    3.014621592476599e-07
9100    2.9454085542110796e-07
9200    2.878452787136141e-07
9300    2.8136614155181117e-07
9400    2.7509461202853983e-07
9500    2.6902228818745284e-07
9600    2.631411738828358e-07
9700    2.5744362021668194e-07
9800    2.5192224946238676e-07
9900    2.4657002852102014e-07
10000    2.413802664139457e-07
10100    2.363465947492252e-07
10200    2.3146294946299336e-07
10300    2.2672355374251743e-07
10400    2.2212290205162724e-07
10500    2.1765575674538072e-07
10600    2.1331715535347506e-07
10700    2.0910236498877543e-07
10800    2.0500686341542152e-07
10900    2.0102632811585528e-07
11000    1.9715662600304145e-07
11100    1.933938037353985e-07
11200    1.8973407859503478e-07
11300    1.8617382994504003e-07
11400    1.8270959298966194e-07
11500    1.7933805136652893e-07
11600    1.7605602742852227e-07
11700    1.7286047531741207e-07
11800    1.6974847458484006e-07
11900    1.6671722416472386e-07
12000    1.6376403667545685e-07
12100    1.608863330317438e-07
12200    1.580816373472771e-07
12300    1.5534757369707226e-07
12400    1.5268186561482416e-07
12500    1.5008232662516556e-07
12600    1.4754685472653382e-07
12700    1.450734285879763e-07
12800    1.4266010394058494e-07
12900    1.4030501015244493e-07
13000    1.3800634697668421e-07
13100    1.3576238146285824e-07
13200    1.3357144502251106e-07
13300    1.31431930477361e-07
13400    1.293422886529134e-07
13500    1.2730102655748535e-07
13600    1.2530670534132017e-07
13700    1.2335793800304521e-07
13800    1.214533872063648e-07
13900    1.1959176320153846e-07
14000    1.1777182184601707e-07
14100    1.1599236271894448e-07
14200    1.1425222732454221e-07
14300    1.1255029737968694e-07
14400    1.108854949974759e-07
14500    1.092567886737487e-07
14600    1.0766318445874801e-07
14700    1.061037212039972e-07
14800    1.0457746930867751e-07
14900    1.0308352952224473e-07
15000    1.0162103179829224e-07
15100    1.0018913419723477e-07
15200    9.878702183551131e-08
15300    9.741390587912492e-08
15400    9.606902257944779e-08
15500    9.475163234911235e-08
15600    9.346101487364575e-08
15700    9.219645870031876e-08
15800    9.095727256268652e-08
15900    8.97427877882861e-08
16000    8.855235742418952e-08
16100    8.738535540155173e-08
16200    8.624117573718884e-08
16300    8.511923177033319e-08
16400    8.401895543281424e-08
16500    8.293979655101141e-08
16600    8.188122217801616e-08
16700    8.084271595452674e-08
16800    7.982377752373508e-08
16900    7.882392680943158e-08
17000    7.784270854513745e-08
17100    7.687968183299698e-08
17200    7.593441826696339e-08
17300    7.500650152424254e-08
17400    7.409552697177103e-08
17500    7.320110128711916e-08
17600    7.23228420932347e-08
17700    7.146037760647017e-08
17800    7.061334629735977e-08
17900    6.978139656363624e-08
18000    6.896418641499933e-08
18100    6.816138316916932e-08
18200    6.737266311368839e-08
18300    6.659770864586262e-08
18400    6.583620685332436e-08
18500    6.508785318777311e-08
18600    6.435235153975962e-08
18700    6.36294139632274e-08
18800    6.291876041037465e-08
18900    6.222011847640061e-08
19000    6.153322315372187e-08
19100    6.085781659526271e-08
19200    6.019364788644174e-08
19300    5.954047282549554e-08
19400    5.8898053711795114e-08
19500    5.826615914182841e-08
19600    5.764456381253511e-08
19700    5.7033048336987546e-08
19800    5.643139938288076e-08
19900    5.5839409652403764e-08
20000    5.525687721467528e-08
20100    5.4683605298004056e-08
20200    5.4119402134823265e-08
20300    5.35640808119688e-08
20400    5.301745912609315e-08
20500    5.2479359444017425e-08
20600    5.194960856783152e-08
20700    5.1428037604560486e-08
20800    5.091448184022352e-08
20900    5.040878061811873e-08
21000    4.9910777221174035e-08
21100    4.9420318758211515e-08
21200    4.893725605397861e-08
21300    4.8461443542859557e-08
21400    4.799273925401429e-08
21500    4.7531004881148945e-08
21600    4.7076105455175754e-08
21700    4.662790920011004e-08
21800    4.618628744424545e-08
21900    4.575111453416021e-08
22000    4.5322267751453574e-08
22100    4.4899627232114723e-08
22200    4.448307588843044e-08
22300    4.407249933334172e-08
22400    4.3667785807163125e-08
22500    4.326882610658123e-08
22600    4.287551351585319e-08
22700    4.248774374012835e-08
22800    4.210541484081881e-08
22900    4.1728427172949035e-08
23000    4.1356683324415385e-08
23100    4.099008804767653e-08
23200    4.062854802700176e-08
23300    4.0271971851018e-08
23400    3.992027013121138e-08
23500    3.9573355455386e-08
23600    3.923114233608921e-08
23700    3.8893547160584426e-08
23800    3.856048814231868e-08
23900    3.823188527383444e-08
24000    3.790766028107771e-08
24100    3.758773657905524e-08
24200    3.727203922879622e-08
24300    3.696049489557495e-08
24400    3.665303180835281e-08
24500    3.63495797203998e-08
24600    3.6050069871056166e-08
24700    3.5754434948597786e-08
24800    3.546260905416854e-08
24900    3.5174527666745485e-08
25000    3.489012760891981e-08
25100    3.4609347010404295e-08
25200    3.433212527643127e-08
25300    3.405840305986701e-08
25400    3.378812223097436e-08
25500    3.352122584789728e-08
25600    3.3257658127969026e-08
25700    3.29973644198178e-08
25800    3.274029117624504e-08
25900    3.248638592785183e-08
26000    3.223559725739057e-08
26100    3.1987874774819135e-08
26200    3.174316909303572e-08
26300    3.150143180427382e-08
26400    3.126261545713647e-08
26500    3.102667353425066e-08
26600    3.07935604305229e-08
26700    3.056323143197748e-08
26800    3.0335642695160045e-08
26900    3.0110751227089355e-08
27000    2.98885148657407e-08
27100    2.966889226875541e-08
27200    2.9451842919519304e-08
27300    2.923732708347742e-08
27400    2.902530578157702e-08
27500    2.8815740773279345e-08
27600    2.8608594540011265e-08
27700    2.840383026904347e-08
27800    2.8201411837783785e-08
27900    2.800130379847229e-08
28000    2.780347136326777e-08
28100    2.760788038971327e-08
28200    2.7414497366570627e-08
28300    2.722328940001288e-08
28400    2.7034224200164498e-08
28500    2.6847270067979707e-08
28600    2.6662395882449034e-08
28700    2.6479571088125015e-08
28800    2.629876568295796e-08
28900    2.611995020643309e-08
29000    2.594309572800064e-08
29100    2.576817383579072e-08
29200    2.5595156625605064e-08
29300    2.542401667798248e-08
29400    2.525472695118265e-08
29500    2.5087260827821464e-08
29600    2.4921592164350433e-08
29700    2.4757695281568288e-08
29800    2.4595544954823866e-08
29900    2.4435116404457856e-08
30000    2.4276385286476547e-08
30100    2.4119327683451606e-08
30200    2.3963920095639347e-08
30300    2.3810139432313686e-08
30400    2.3657963003306814e-08
30500    2.350736851075211e-08
30600    2.3358334041023745e-08
30700    2.321083805686754e-08
30800    2.3064859389718247e-08
30900    2.292037723219788e-08
31000    2.2777371130790548e-08
31100    2.2635820978689072e-08
31200    2.2495707008808515e-08
31300    2.235700978696259e-08
31400    2.2219710205198506e-08
31500    2.2083789475286026e-08
31600    2.1949229122356613e-08
31700    2.1816010981812282e-08
31800    2.16841172246514e-08
31900    2.15535303369451e-08
32000    2.142423309196837e-08
32100    2.1296208544275434e-08
32200    2.116944002424554e-08
32300    2.1043911132750522e-08
32400    2.091960573594182e-08
32500    2.0796507960153313e-08
32600    2.0674602186917395e-08
32700    2.0553873048091268e-08
32800    2.043430542109078e-08
32900    2.0315884424229067e-08
33000    2.0198595412157544e-08
33100    2.008242397140637e-08
33200    1.996735591602237e-08
33300    1.9853377283301578e-08
33400    1.9740474329614324e-08
33500    1.9628633526320616e-08
33600    1.9517841555773418e-08
33700    1.9408085307407803e-08
33800    1.9299351873913987e-08
33900    1.919162854749192e-08
34000    1.9084902816185738e-08
34100    1.89791623602961e-08
34200    1.8874395048868366e-08
34300    1.8770588931143796e-08
34400    1.8667732174282173e-08
34500    1.8565813083080554e-08
34600    1.8464820141227245e-08
34700    1.8364742008888876e-08
34800    1.8265567519482723e-08
34900    1.8167285676517447e-08
35000    1.8069885650500434e-08
35100    1.797335677591056e-08
35200    1.7877688548234418e-08
35300    1.7782870621064713e-08
35400    1.7688892803259207e-08
35500    1.7595745056159018e-08
35600    1.7503417490864545e-08
35700    1.7411900365567762e-08
35800    1.7321184082939933e-08
35900    1.7231259187572733e-08
36000    1.7142116363472227e-08
36100    1.7053746431603895e-08
36200    1.6966140347488113e-08
36300    1.6879289198844225e-08
36400    1.6793184203282805e-08
36500    1.670781670604435e-08
36600    1.662317817778388e-08
36700    1.6539260212399917e-08
36800    1.6456054524907223e-08
36900    1.6373552949352063e-08
37000    1.6291747436769065e-08
37100    1.6210630053493648e-08
37200    1.6130192986996448e-08
37300    1.6050428544156033e-08
37400    1.5971329140882742e-08
37500    1.589288729985554e-08
37600    1.581509564872686e-08
37700    1.573794691836312e-08
37800    1.5661433941118882e-08
37900    1.5585549649144842e-08
38000    1.5510287072728218e-08
38100    1.5435639338665528e-08
38200    1.5361599668666318e-08
38300    1.5288161377787636e-08
38400    1.52153178728986e-08
38500    1.5143062651173997e-08
38600    1.507138929861674e-08
38700    1.5000291488608314e-08
38800    1.4929762980486653e-08
38900    1.4859797618150886e-08
39000    1.4790389328692347e-08
39100    1.4721532121051268e-08
39200    1.4653220084698741e-08
39300    1.4585447388343091e-08
39400    1.4518208278660677e-08
39500    1.4451497079049915e-08
39600    1.4385308188408794e-08
39700    1.4319636079934592e-08
39800    1.4254475299946092e-08
39900    1.4189820466727173e-08
40000    1.412566626939186e-08
40100    1.4062007466769995e-08
40200    1.3998838877910807e-08
40300    1.393615535585914e-08
40400    1.3873951813012077e-08
40500    1.381222322883491e-08
40600    1.375096464880091e-08
40700    1.369017118335066e-08
40800    1.3629838006870504e-08
40900    1.3569960356689596e-08
41000    1.351053353209531e-08
41100    1.3451552893366503e-08
41200    1.3393013860824391e-08
41300    1.333491191390059e-08
41400    1.3277242590221858e-08
41500    1.3220001484711604e-08
41600    1.3163184248707152e-08
41700    1.310678658909319e-08
41800    1.3050804267450455e-08
41900    1.2995233099219743e-08
42000    1.2940068952880676e-08
42100    1.288530774914512e-08
42200    1.2830945460164828e-08
42300    1.277697810875304e-08
42400    1.2723401767619968e-08
42500    1.2670212558621395e-08
42600    1.2617406652020684e-08
42700    1.256498026576369e-08
42800    1.2512929664766101e-08
42900    1.2461251160213386e-08
43000    1.240994110887276e-08
43100    1.2358995912417163e-08
43200    1.2308412016760751e-08
43300    1.2258185911406039e-08
43400    1.220831412880201e-08
43500    1.2158793243137431e-08
43600    1.210961986812961e-08
43700    1.206079065814645e-08
43800    1.2012302308138386e-08
43900    1.19641515530472e-08
44000    1.191633516722481e-08
44100    1.1868849963861872e-08
44200    1.1821692794426179e-08
44300    1.177486054811025e-08
44400    1.1728350151288477e-08
44500    1.1682158566983158e-08
44600    1.1636282794339666e-08
44700    1.1590719868110089e-08
44800    1.1545466858145751e-08
44900    1.1500520868898002e-08
45000    1.1455879038927293e-08
45100    1.1411538540420399e-08
45200    1.1367496578715544e-08
45300    1.1323750391835435e-08
45400    1.1280297250027812e-08
45500    1.1237134455313691e-08
45600    1.119425934104285e-08
45700    1.1151669271456575e-08
45800    1.1109361641257615e-08
45900    1.1067333875187031e-08
46000    1.102558342760782e-08
46100    1.0984107782095463e-08
46200    1.0942904451034867e-08
46300    1.0901970975223902e-08
46400    1.0861304923483266e-08
46500    1.0820903892272569e-08
46600    1.0780765505312551e-08
46700    1.0740887413213418e-08
46800    1.0701267293108835e-08
46900    1.0661902848296022e-08
47000    1.0622791807761475e-08
47100    1.0583931918597266e-08
47200    1.054532094176493e-08
47300    1.0506956662522545e-08
47400    1.0468836891100346e-08
47500    1.0430959462361564e-08
47600    1.0393322235468384e-08
47700    1.0355923093553398e-08
47800    1.0318759943396128e-08
47900    1.0281830715104756e-08
48000    1.0245133361802635e-08
48100    1.0208665859319966e-08
48200    1.0172426205890166e-08
48300    1.0136412421850953e-08
48400    1.0100622549350134e-08
48500    1.0065054652055985e-08
48600    1.0029706814872079e-08
48700    9.994577143656462e-09
48800    9.959663764945341e-09
48900    9.924964825680831e-09
49000    9.89047849294305e-09
49100    9.856202953686129e-09
49200    9.822136414478507e-09
49300    9.788277101246925e-09
49400    9.754623259024572e-09
49500    9.721173151702825e-09
49600    9.68792506178691e-09
49700    9.65487729015526e-09
49800    9.622028155822354e-09
49900    9.589375995705321e-09
50000    9.556919164393924e-09
50100    9.524656033924026e-09
50200    9.492584993554451e-09
50300    9.460704449547245e-09
50400    9.429012824951042e-09
50500    9.397508559387849e-09
50600    9.366190108842842e-09
50700    9.335055945457327e-09
50800    9.304104557324846e-09
50900    9.273334448075357e-09
51000    9.242744134801708e-09
51100    9.212332148830492e-09
51200    9.182097036726136e-09
51300    9.152037360113502e-09
51400    9.122151695489426e-09
51500    9.092438634037111e-09
51600    9.062896781443141e-09
51700    9.033524757717234e-09
51800    9.004321197014489e-09
51900    8.975284747460438e-09
52000    8.946414070978324e-09
52100    8.917707843119111e-09
52200    8.8891647528939e-09
52300    8.860783502608616e-09
52400    8.832562807701243e-09
52500    8.804501396581309e-09
52600    8.776598010471613e-09
52700    8.74885140325231e-09
52800    8.721260341307151e-09
52900    8.693823603371924e-09
53000    8.666539980385016e-09
53100    8.639408275340144e-09
53200    8.612427303141152e-09
53300    8.585595890458715e-09
53400    8.558912875589317e-09
53500    8.532377108315969e-09
53600    8.505987449771007e-09
53700    8.479742772300763e-09
53800    8.453641959332121e-09
53900    8.427683905240942e-09
54000    8.401867515222293e-09
54100    8.376191705162528e-09
54200    8.350655401513068e-09
54300    8.325257541165976e-09
54400    8.299997071331176e-09
54500    8.274872949415516e-09
54600    8.249884142903258e-09
54700    8.225029629238406e-09
54800    8.200308395708542e-09
54900    8.175719439330277e-09
55000    8.15126176673624e-09
55100    8.126934392800127e-09
55200    8.102736335614152e-09
55300    8.078666620824231e-09
55400    8.054724283463744e-09
55500    8.030908367844492e-09
55600    8.00721792744866e-09
55700    7.983652024822359e-09
55800    7.960209731470376e-09
55900    7.93689012775265e-09
56000    7.913692302781876e-09
56100    7.89061535432267e-09
56200    7.867658388692032e-09
56300    7.84482052066113e-09
56400    7.822100873358486e-09
56500    7.799498578174306e-09
56600    7.777012774666305e-09
56700    7.754642610466579e-09
56800    7.732387241189874e-09
56900    7.710245830342965e-09
57000    7.688217549235324e-09
57100    7.666301576890947e-09
57200    7.644497099961265e-09
57300    7.622803312639386e-09
57400    7.601219416575272e-09
57500    7.57974462079214e-09
57600    7.558378141603966e-09
57700    7.537119202534026e-09
57800    7.51596703423451e-09
57900    7.494920874407184e-09
58000    7.473979967725156e-09
58100    7.453143565755575e-09
58200    7.4324109268832726e-09
58300    7.411781316235629e-09
58400    7.3912540056081585e-09
58500    7.3708282733911814e-09
58600    7.35050340449744e-09
58700    7.330278690290614e-09
58800    7.310153428514743e-09
58900    7.290126923224597e-09
59000    7.270198484716924e-09
59100    7.2503674294625026e-09
59200    7.2306330800392286e-09
59300    7.2109947650658425e-09
59400    7.191451819136654e-09
59500    7.172003582757052e-09
59600    7.152649402223695e-09
59700    7.1333886290728466e-09
59800    7.114220620268017e-09
59900    7.0951447384490115e-09
60000    7.0761603518745325e-09
60100    7.057266834362148e-09
60200    7.038463565228904e-09
60300    7.019749929232771e-09
60400    7.001125316514694e-09
60500    6.982589122541523e-09
60600    6.964140748049517e-09
60700    6.945779598988658e-09
60800    6.927505086467553e-09
60900    6.909316626699103e-09
61000    6.89121364094678e-09
61100    6.873195555471655e-09
61200    6.855261801479944e-09
61300    6.837411815071313e-09
61400    6.819645037187764e-09
61500    6.801960913563183e-09
61600    6.784358894673432e-09
61700    6.766838435687179e-09
61800    6.749398996417135e-09
61900    6.732040041272111e-09
62000    6.7147610392094504e-09
62100    6.697561463688192e-09
62200    6.6804407926226755e-09
62300    6.663398508336821e-09
62400    6.646434097518865e-09
62500    6.629547051176739e-09
62600    6.612736864593803e-09
62700    6.596003037285387e-09
62800    6.5793450729555786e-09
62900    6.562762479454711e-09
63000    6.546254768737249e-09
63100    6.529821456820247e-09
63200    6.513462063742262e-09
63300    6.497176113522766e-09
63400    6.480963134122038e-09
63500    6.464822657401519e-09
63600    6.448754219084657e-09
63700    6.432757358718198e-09
63800    6.4168316196339315e-09
63900    6.400976548910889e-09
64000    6.385191697337989e-09
64100    6.3694766193770925e-09
64200    6.353830873126557e-09
64300    6.33825402028511e-09
64400    6.322745626116268e-09
64500    6.307305259142342e-09
64600    6.291932489319215e-09
64700    6.276626889155355e-09
64800    6.261388034641976e-09
64900    6.2462155052236185e-09
65000    6.231108883763978e-09
65100    6.216067756512055e-09
65200    6.201091713068776e-09
65300    6.1861803463539446e-09
65400    6.1713332525735845e-09
65500    6.1565500311877074e-09
65600    6.14183028487837e-09
65700    6.127173619518154e-09
65800    6.112579644139009e-09
65900    6.098047970901449e-09
66000    6.083578215064048e-09
66100    6.069169994953366e-09
66200    6.054822931934189e-09
66300    6.040536650380051e-09
66400    6.026310777644195e-09
66500    6.0121449440307845e-09
66600    5.998038782766444e-09
66700    5.983991929972175e-09
66800    5.970004024635547e-09
66900    5.9560747085832036e-09
67000    5.942203626453697e-09
67100    5.928390425670621e-09
67200    5.914634756416013e-09
67300    5.900936271604134e-09
67400    5.88729462685541e-09
67500    5.873709480470844e-09
67600    5.86018049340653e-09
67700    5.846707329248581e-09
67800    5.833289654188294e-09
67900    5.819927136997525e-09
68000    5.806619449004483e-09
68100    5.793366264069625e-09
68200    5.780167258561966e-09
68300    5.767022111335524e-09
68400    5.753930503706134e-09
68500    5.7408921194284165e-09
68600    5.727906644673067e-09
68700    5.714973768004422e-09
68800    5.70209318035812e-09
68900    5.689264575019173e-09
69000    5.676487647600239e-09
69100    5.663762096020022e-09
69200    5.651087620482068e-09
69300    5.638463923453666e-09
69400    5.625890709645041e-09
69500    5.613367685988719e-09
69600    5.600894561619211e-09
69700    5.5884710478528035e-09
69800    5.576096858071895e-09
69900    5.563771707190628e-09
70000    5.551495312017213e-09
70100    5.539267391478824e-09
70200    5.527087666602897e-09
70300    5.5149558604979825e-09
70400    5.502871698334822e-09
70500    5.490834907327636e-09
70600    5.478845216715579e-09
70700    5.4669023577444335e-09
70800    5.455006063648484e-09
70900    5.44315606963254e-09
71000    5.4313521128542524e-09
71100    5.4195939324064775e-09
71200    5.4078812692999804e-09
71300    5.396213866446163e-09
71400    5.384591468640124e-09
71500    5.3730138225438e-09
71600    5.361480676669284e-09
71700    5.3499917813623864e-09
71800    5.3385468887863204e-09
71900    5.3271457529055534e-09
72000    5.315788129469821e-09
72100    5.304473775998369e-09
72200    5.293202451764282e-09
72300    5.2819739177790236e-09
72400    5.270787936777111e-09
72500    5.2596442732009855e-09
72600    5.248542693185957e-09
72700    5.237482964545416e-09
72800    5.226464856756132e-09
72900    5.215488140943681e-09
73000    5.204552589868078e-09
73100    5.193657977909552e-09
73200    5.182804081054418e-09
73300    5.171990676881122e-09
73400    5.1612175445464674e-09
73500    5.150484464771913e-09
73600    5.13979121983004e-09
73700    5.1291375935311945e-09
73800    5.1185233712101885e-09
73900    5.107948339713199e-09
74000    5.0974122873847834e-09
74100    5.086915004055018e-09
74200    5.07645628102676e-09
74300    5.066035911063059e-09
74400    5.055653688374655e-09
74500    5.045309408607685e-09
74600    5.035002868831416e-09
74700    5.024733867526154e-09
74800    5.014502204571257e-09
74900    5.0043076812332896e-09
75000    4.9941501001542855e-09
75100    4.984029265340082e-09
75200    4.973944982148855e-09
75300    4.963897057279703e-09
75400    4.9538852987613614e-09
75500    4.943909515933074e-09
75600    4.933969519297514e-09
75700    4.924065120531287e-09
75800    4.914196132596817e-09
75900    4.904362369735814e-09
76000    4.8945636474585314e-09
76100    4.8847997825332396e-09
76200    4.875070592975705e-09
76300    4.865375898038833e-09
76400    4.855715518202377e-09
76500    4.846089275162777e-09
76600    4.83649699182307e-09
76700    4.8269384922829246e-09
76800    4.817413601828752e-09
76900    4.807922146923928e-09
77000    4.798463955199073e-09
77100    4.789038855442525e-09
77200    4.779646677590744e-09
77300    4.7702872527189745e-09
77400    4.760960413031882e-09
77500    4.751665991854366e-09
77600    4.742403823622362e-09
77700    4.733173743873814e-09
77800    4.723975589239738e-09
77900    4.7148091974352876e-09
78000    4.7056744072509764e-09
78100    4.6965710585439746e-09
78200    4.687498992229486e-09
78300    4.678458050272166e-09
78400    4.6694480756777046e-09
78500    4.660468912484394e-09
78600    4.651520405754852e-09
78700    4.642602401567785e-09
78800    4.6337147470098384e-09
78900    4.624857290167528e-09
79000    4.616029880119222e-09
79100    4.607232366927267e-09
79200    4.598464601630096e-09
79300    4.589726436234475e-09
79400    4.581017723707786e-09
79500    4.5723383179704325e-09
79600    4.56368807388825e-09
79700    4.5550668472650504e-09
79800    4.5464744948351576e-09
79900    4.5379108742561164e-09
80000    4.52937584410137e-09
80100    4.520869263853078e-09
80200    4.512390993894971e-09
80300    4.503940895505226e-09
80400    4.495518830849517e-09
80500    4.487124662974033e-09
80600    4.4787582557985955e-09
80700    4.4704194741098525e-09
80800    4.4621081835545016e-09
80900    4.453824250632592e-09
81000    4.445567542690934e-09
81100    4.437337927916457e-09
81200    4.429135275329749e-09
81300    4.420959454778581e-09
81400    4.412810336931522e-09
81500    4.404687793271581e-09
81600    4.396591696089962e-09
81700    4.388521918465966e-09
81800    4.380478334028877e-09
81900    4.372460816990243e-09
82000    4.364469242345196e-09
82100    4.356503485873311e-09
82200    4.348563424132667e-09
82300    4.3406489344537785e-09
82400    4.332759894933741e-09
82500    4.324896184430315e-09
82600    4.317057682556149e-09
82700    4.309244269673015e-09
82800    4.3014558268860595e-09
82900    4.2936922360382e-09
83000    4.28595337970448e-09
83100    4.278239141186516e-09
83200    4.270549404507004e-09
83300    4.262884054404236e-09
83400    4.255242976326729e-09
83500    4.247626056427823e-09
83600    4.240033181560394e-09
83700    4.232464239271561e-09
83800    4.224919117797501e-09
83900    4.217397706058237e-09
84000    4.2098998936525416e-09
84100    4.202425570852845e-09
84200    4.1949746286001666e-09
84300    4.187546958499195e-09
84400    4.180142452813232e-09
84500    4.172761004459394e-09
84600    4.16540250700369e-09
84700    4.158066854656179e-09
84800    4.150753942266277e-09
84900    4.143463665317942e-09
85000    4.136195919924998e-09
85100    4.1289506028264986e-09
85200    4.121727611382114e-09
85300    4.114526843567526e-09
85400    4.107348197969934e-09
85500    4.100191573783533e-09
85600    4.093056870805069e-09
85700    4.085943989429427e-09
85800    4.078852830645241e-09
85900    4.071783296030553e-09
86000    4.064735287748536e-09
86100    4.057708708543173e-09
86200    4.0507034617351e-09
86300    4.043719451217357e-09
86400    4.0367565814512285e-09
86500    4.02981475746217e-09
86600    4.0228938848356824e-09
86700    4.015993869713274e-09
86800    4.009114618788443e-09
86900    4.0022560393026635e-09
87000    3.995418039041501e-09
87100    3.988600526330652e-09
87200    3.981803410032053e-09
87300    3.975026599540077e-09
87400    3.96827000477767e-09
87500    3.961533536192579e-09
87600    3.954817104753636e-09
87700    3.948120621946989e-09
87800    3.9414439997724265e-09
87900    3.934787150739735e-09
88000    3.9281499878650606e-09
88100    3.921532424667312e-09
88200    3.914934375164581e-09
88300    3.908355753870636e-09
88400    3.90179647579286e-09
88500    3.895256456466555e-09
88600    3.888735611954022e-09
88700    3.882233858800374e-09
88800    3.875751114028015e-09
88900    3.869287295133259e-09
89000    3.8628423200830476e-09
89100    3.856416107311637e-09
89200    3.850008575717314e-09
89300    3.843619644659174e-09
89400    3.8372492339539145e-09
89500    3.830897263872615e-09
89600    3.824563655137582e-09
89700    3.8182483289192545e-09
89800    3.811951206833025e-09
89900    3.80567221093622e-09
90000    3.7994112637249896e-09
90100    3.793168288131303e-09
90200    3.786943207519932e-09
90300    3.780735945685439e-09
90400    3.774546426849269e-09
90500    3.768374575656755e-09
90600    3.762220317174253e-09
90700    3.75608357688621e-09
90800    3.749964280692341e-09
90900    3.743862354904745e-09
91000    3.73777772624511e-09
91100    3.731710321841898e-09
91200    3.725660069227599e-09
91300    3.7196268963359474e-09
91400    3.7136107314992104e-09
91500    3.707611503445457e-09
91600    3.7016291412959137e-09
91700    3.6956635745622646e-09
91800    3.6897147331440013e-09
91900    3.6837825473258333e-09
92000    3.677866947775053e-09
92100    3.67196786553899e-09
92200    3.6660852320424203e-09
92300    3.660218979085029e-09
92400    3.654369038838902e-09
92500    3.648535343846033e-09
92600    3.642717827015822e-09
92700    3.6369164216226302e-09
92800    3.6311310613033316e-09
92900    3.6253616800548954e-09
93000    3.619608212231984e-09
93100    3.6138705925445647e-09
93200    3.6081487560555504e-09
93300    3.602442638178447e-09
93400    3.596752174675034e-09
93500    3.591077301653048e-09
93600    3.5854179555638906e-09
93700    3.579774073200368e-09
93800    3.5741455916944006e-09
93900    3.568532448514839e-09
94000    3.5629345814652003e-09
94100    3.5573519286814696e-09
94200    3.551784428629936e-09
94300    3.546232020104995e-09
94400    3.540694642227028e-09
94500    3.535172234440227e-09
94600    3.529664736510507e-09
94700    3.5241720885234026e-09
94800    3.5186942308819515e-09
94900    3.513231104304666e-09
95000    3.5077826498234462e-09
95100    3.502348808781533e-09
95200    3.496929522831539e-09
95300    3.491524733933381e-09
95400    3.4861343843523215e-09
95500    3.4807584166569796e-09
95600    3.4753967737173738e-09
95700    3.470049398705803e-09
95800    3.46471623510868e-09
95900    3.4593972267138064e-09
96000    3.4540923176023665e-09
96100    3.4488014521470742e-09
96200    3.44352457501025e-09
96300    3.438261631142e-09
96400    3.4330125657783497e-09
96500    3.427777324439454e-09
96600    3.4225558529277207e-09
96700    3.4173480973260773e-09
96800    3.4121540039961435e-09
96900    3.4069735195764494e-09
97000    3.401806590980712e-09
97100    3.396653165396055e-09
97200    3.3915131902812955e-09
97300    3.3863866133651965e-09
97400    3.38127338264481e-09
97500    3.3761734463837105e-09
97600    3.3710867531103732e-09
97700    3.3660132516164687e-09
97800    3.360952890955224e-09
97900    3.355905620439764e-09
98000    3.3508713896414902e-09
98100    3.3458501483884404e-09
98200    3.3408418467637084e-09
98300    3.3358464351038233e-09
98400    3.330863863997164e-09
98500    3.3258940842824195e-09
98600    3.3209370470469592e-09
98700    3.3159927036253687e-09
98800    3.3110610055978284e-09
98900    3.306141904788648e-09
99000    3.301235353264722e-09
99100    3.2963413033340166e-09
99200    3.291459707544099e-09
99300    3.286590518680641e-09
99400    3.281733689765937e-09
99500    3.2768891740574715e-09
99600    3.2720569250464257e-09
99700    3.2672368964562816e-09
99800    3.2624290422413643e-09
99900    3.2576333165854257e-09
