100    1.8146647202163202e-05
110    1.8130260260935634e-05
120    1.811239751591969e-05
130    1.8093081248621994e-05
140    1.8072335313221534e-05
150    1.80501850508525e-05
160    1.8026657199127207e-05
170    1.8001779797331646e-05
180    1.7975582087739835e-05
190    1.794809441350498e-05
200    1.7919348113592977e-05
210    1.7889375415229456e-05
220    1.7858209324332526e-05
230    1.7825883514404036e-05
240    1.7792432214345973e-05
250    1.7757890095664817e-05
260    1.7722291694088657e-05
270    1.768566973817037e-05
280    1.7648056056140376e-05
290    1.760948182847271e-05
300    1.756997744148448e-05
310    1.7529572344319146e-05
320    1.7488294909832045e-05
330    1.7446172299864397e-05
340    1.7403230335361996e-05
350    1.735949337176212e-05
360    1.7314984180040176e-05
370    1.7269723833776077e-05
380    1.722373160256844e-05
390    1.7177024852094752e-05
400    1.7129618934440783e-05
410    1.7081526135292887e-05
420    1.7032754926292874e-05
430    1.698331112567789e-05
440    1.6933197949910924e-05
450    1.688241595562068e-05
460    1.683096299052845e-05
470    1.677883415348847e-05
480    1.6726021763750316e-05
490    1.6672515339536516e-05
500    1.6618301586012375e-05
510    1.6563364324891504e-05
520    1.650768340256575e-05
530    1.645123479878791e-05
540    1.6393991533746e-05
550    1.6335923734785615e-05
560    1.627699868532749e-05
570    1.6217180884082348e-05
580    1.6156432114578656e-05
590    1.609471152501086e-05
600    1.603197599003669e-05
610    1.596818514668812e-05
620    1.5903301268306715e-05
630    1.5837285083918563e-05
640    1.577009572599352e-05
650    1.5701690843727223e-05
660    1.563202672381668e-05
670    1.5561058418580502e-05
680    1.548874114861865e-05
690    1.5415052245700066e-05
700    1.5339989175307884e-05
710    1.526355082308561e-05
720    1.5185736870892056e-05
730    1.5106547820632279e-05
740    1.5025985017126326e-05
750    1.4944050867909846e-05
760    1.4860768551838207e-05
770    1.477619928157557e-05
780    1.469041019537593e-05
790    1.4603470312565139e-05
800    1.4515450366141567e-05
810    1.442642263435448e-05
820    1.4336461370430809e-05
830    1.424565577998319e-05
840    1.4154109972714598e-05
850    1.406192972925651e-05
860    1.3969221676806317e-05
870    1.3876093061716923e-05
880    1.3782651527223192e-05
890    1.368900309507457e-05
900    1.3595248811701214e-05
910    1.3501488677851638e-05
920    1.3407822323099075e-05
930    1.3314348849484171e-05
940    1.3221166684973676e-05
950    1.3128371566125877e-05
960    1.303605220987607e-05
970    1.2944295101559491e-05
980    1.2853185642250723e-05
990    1.276280806851985e-05
1000    1.2673245350551342e-05
1010    1.2584576047267661e-05
1020    1.249687169725919e-05
1030    1.2410201928833687e-05
1040    1.232463504952184e-05
1050    1.2240238028301948e-05
1060    1.2157074097513014e-05
1070    1.2075179404907655e-05
1080    1.1994573384369087e-05
1090    1.191527444669302e-05
1100    1.1837300230928335e-05
1110    1.176066734140572e-05
1120    1.1685366599813292e-05
1130    1.1611344417995003e-05
1140    1.1538543019932951e-05
1150    1.1466905011526249e-05
1160    1.1396373410228937e-05
1170    1.1326882238113788e-05
1180    1.1258332884176729e-05
1190    1.1190620576533495e-05
1200    1.1123641854560417e-05
1210    1.105729461439956e-05
1220    1.0991478733197331e-05
1230    1.092609833168862e-05
1240    1.0861059836207737e-05
1250    1.0796271175769704e-05
1260    1.0731641844462275e-05
1270    1.0667087328575576e-05
1280    1.060254510744357e-05
1290    1.0537959878090162e-05
1300    1.0473277539910158e-05
1310    1.0408445243982943e-05
1320    1.0343416359929297e-05
1330    1.0278161564759305e-05
1340    1.0212655720769108e-05
1350    1.01468745506044e-05
1360    1.008079475487607e-05
1370    1.0014402320716817e-05
1380    9.947698843144689e-06
1390    9.880687790756117e-06
1400    9.813372930194673e-06
1410    9.745759732330748e-06
1420    9.677876618684673e-06
1430    9.609769912583381e-06
1440    9.541485507279554e-06
1450    9.473068295876427e-06
1460    9.404568829734714e-06
1470    9.336066687281457e-06
1480    9.267647790577284e-06
1490    9.199395539312303e-06
1500    9.131390921020809e-06
1510    9.06371724097978e-06
1520    8.996461333320381e-06
1530    8.929707540366631e-06
1540    8.863537313194476e-06
1550    8.798025621316449e-06
1560    8.733226004011476e-06
1570    8.669183949447486e-06
1580    8.605943171888736e-06
1590    8.54354495608304e-06
1600    8.48201135685887e-06
1610    8.42134505868949e-06
1620    8.361547503226898e-06
1630    8.302619797014238e-06
1640    8.244558676816781e-06
1650    8.187348832334938e-06
1660    8.130973026783666e-06
1670    8.075414334063203e-06
1680    8.0206552681805e-06
1690    7.966671731775492e-06
1700    7.91343685488272e-06
1710    7.860924404385869e-06
1720    7.809108381308584e-06
1730    7.757953548544678e-06
1740    7.707415542022617e-06
1750    7.657450815821788e-06
1760    7.608017041614724e-06
1770    7.5590674574826785e-06
1780    7.51054570755652e-06
1790    7.462395920498245e-06
1800    7.414563985635924e-06
1810    7.366998793974961e-06
1820    7.319655293978229e-06
1830    7.272490879061674e-06
1840    7.225464388390567e-06
1850    7.1785394387892036e-06
1860    7.131700040484817e-06
1870    7.084937579850313e-06
1880    7.038243826684578e-06
1890    6.991612467671408e-06
1900    6.945050915505616e-06
1910    6.898573285354074e-06
1920    6.852193324431688e-06
1930    6.805924735153001e-06
1940    6.7597854545532125e-06
1950    6.71379594876285e-06
1960    6.6679760304256874e-06
1970    6.622344974598251e-06
1980    6.576924062144423e-06
1990    6.531735963355539e-06
2000    6.48680254868558e-06
2010    6.4421450470201655e-06
2020    6.3977878543258936e-06
2030    6.35375799191422e-06
2040    6.310081517018035e-06
2050    6.2667833940850705e-06
2060    6.223887144927484e-06
2070    6.181414916178647e-06
2080    6.139387875927084e-06
2090    6.097825910298839e-06
2100    6.056741201670745e-06
2110    6.016139115755124e-06
2120    5.976024432106685e-06
2130    5.936401086994795e-06
2140    5.897264044939015e-06
2150    5.858601057806302e-06
2160    5.82039995479452e-06
2170    5.782648569803563e-06
2180    5.7453309600885365e-06
2190    5.70842868340676e-06
2200    5.671923779337555e-06
2210    5.635798766798744e-06
2220    5.6000361012673475e-06
2230    5.564618424535208e-06
2240    5.5295289058952515e-06
2250    5.4947512256345385e-06
2260    5.460269510679073e-06
2270    5.426068357552054e-06
2280    5.392132848715389e-06
2290    5.358448369958246e-06
2300    5.32499988208824e-06
2310    5.291772547774278e-06
2320    5.258752022507077e-06
2330    5.225925071712017e-06
2340    5.193281104129389e-06
2350    5.16081036628658e-06
2360    5.128503448328118e-06
2370    5.09635365614617e-06
2380    5.06435992698401e-06
2390    5.032521965114736e-06
2400    5.000839550951379e-06
2410    4.969316450861541e-06
2420    4.937962007496182e-06
2430    4.906785640015473e-06
2440    4.875796431880289e-06
2450    4.8450038898515885e-06
2460    4.814417836139549e-06
2470    4.7840477082656635e-06
2480    4.753902311104699e-06
2490    4.723987980046407e-06
2500    4.694309654141314e-06
2510    4.664872017836812e-06
2520    4.6356792631637046e-06
2530    4.606734179260539e-06
2540    4.5780390427894245e-06
2550    4.5495959787725974e-06
2560    4.521407302985995e-06
2570    4.493475985018572e-06
2580    4.4658049315992825e-06
2590    4.438396840300723e-06
2600    4.411253180162611e-06
2610    4.384373966436666e-06
2620    4.357759054320574e-06
2630    4.331407831636914e-06
2640    4.305314917697224e-06
2650    4.279471975609206e-06
2660    4.2538708475918125e-06
2670    4.2285031543232825e-06
2680    4.203358484203174e-06
2690    4.1784260274463975e-06
2700    4.153695313130017e-06
2710    4.129157345012517e-06
2720    4.104805997369639e-06
2730    4.080635675740396e-06
2740    4.056641012461267e-06
2750    4.032818557657496e-06
2760    4.0091668097774245e-06
2770    3.985684371814322e-06
2780    3.962369720527218e-06
2790    3.93922023613211e-06
2800    3.9162328171643225e-06
2810    3.893404433009133e-06
2820    3.870731565291837e-06
2830    3.8482090008320645e-06
2840    3.825831325613579e-06
2850    3.8035933397050922e-06
2860    3.781492115059336e-06
2870    3.7595276209269196e-06
2880    3.737699998244913e-06
2890    3.71600966594044e-06
2900    3.694460067642969e-06
2910    3.6730562448038827e-06
2920    3.6518030495242756e-06
2930    3.630705028759282e-06
2940    3.609766183186536e-06
2950    3.588990257879775e-06
2960    3.5683807770263707e-06
2970    3.5479389530295544e-06
2980    3.527663005735334e-06
2990    3.5075509695387523e-06
3000    3.4876008250295265e-06
3010    3.4678098135911587e-06
3020    3.4481748183464282e-06
3030    3.428692790723531e-06
3040    3.409361448083022e-06
3050    3.3901806919203412e-06
3060    3.371150802369827e-06
3070    3.3522720223066806e-06
3080    3.333544780442785e-06
3090    3.3149697151649897e-06
3100    3.2965474208530437e-06
3110    3.278278055444246e-06
3120    3.260159126522467e-06
3130    3.2421870967384317e-06
3140    3.2243585085661164e-06
3150    3.2066692427804538e-06
3160    3.1891136298881148e-06
3170    3.171685940726788e-06
3180    3.1543807046689952e-06
3190    3.1371940483696907e-06
3200    3.120123350121501e-06
3210    3.1031660858755643e-06
3220    3.08632040858962e-06
3230    3.0695871312723145e-06
3240    3.052967715279737e-06
3250    3.0364635378590157e-06
3260    3.02007538989999e-06
3270    3.0038032996696856e-06
3280    2.9876472180126817e-06
3290    2.9716068596920704e-06
3300    2.955680248600152e-06
3310    2.9398646604741963e-06
3320    2.924157435361631e-06
3330    2.908556089343785e-06
3340    2.8930584486869017e-06
3350    2.8776624264351537e-06
3360    2.8623661255876504e-06
3370    2.8471697247942246e-06
3380    2.8320749056640335e-06
3390    2.817083311556767e-06
3400    2.802196667839417e-06
3410    2.7874171957076795e-06
3420    2.772747151644798e-06
3430    2.75818863559191e-06
3440    2.743741979856055e-06
3450    2.729405614855869e-06
3460    2.715177900828227e-06
3470    2.7010570302913383e-06
3480    2.687040126197694e-06
3490    2.673124001716444e-06
3500    2.6593055645232596e-06
3510    2.6455824988028093e-06
3520    2.631953635488731e-06
3530    2.6184179207493374e-06
3540    2.604974492720787e-06
3550    2.5916239258666042e-06
3560    2.5783674496177836e-06
3570    2.5652062369014474e-06
3580    2.552140915418396e-06
3590    2.5391710413516102e-06
3600    2.5262960347855024e-06
3610    2.513515177810489e-06
3620    2.5008261817399466e-06
3630    2.4882258113077286e-06
3640    2.475710901755866e-06
3650    2.46327863858225e-06
3660    2.4509270069163825e-06
3670    2.438654164240407e-06
3680    2.426458395626657e-06
3690    2.4143393244381005e-06
3700    2.4022975967874777e-06
3710    2.3903338526709934e-06
3720    2.3784488010848404e-06
3730    2.366643464128767e-06
3740    2.354918890963964e-06
3750    2.343276025514155e-06
3760    2.331714592654536e-06
3770    2.320233213358369e-06
3780    2.308830494537511e-06
3790    2.2975049175497434e-06
3800    2.286254377464948e-06
3810    2.275076666373895e-06
3820    2.2639696709914586e-06
3830    2.2529323288363557e-06
3840    2.2419646556736335e-06
3850    2.2310667060060925e-06
3860    2.22023871212943e-06
3870    2.2094817536855588e-06
3880    2.1987971094450083e-06
3890    2.1881859838465986e-06
3900    2.1776488600955008e-06
3910    2.1671854180506865e-06
3920    2.156795290702727e-06
3930    2.1464778643891094e-06
3940    2.1362313353741483e-06
3950    2.1260535776409315e-06
3960    2.115942524325466e-06
3970    2.105896379449859e-06
3980    2.0959136566803196e-06
3990    2.085992920224634e-06
4000    2.07613305933618e-06
4010    2.0663344634224685e-06
4020    2.0565979658893876e-06
4030    2.0469243603296658e-06
4040    2.0373142495634733e-06
4050    2.0277680157188663e-06
4060    2.0182860067522636e-06
4070    2.00886832279186e-06
4080    1.9995139110593726e-06
4090    1.990221382184406e-06
4100    1.9809893700031738e-06
4110    1.971816285588938e-06
4120    1.9627002734085108e-06
4130    1.953639505741129e-06
4140    1.9446324559977134e-06
4150    1.9356788647466675e-06
4160    1.926778841514258e-06
4170    1.917932499096096e-06
4180    1.9091403741954755e-06
4190    1.9004034744433582e-06
4200    1.891722795995489e-06
4210    1.8830990775568369e-06
4220    1.8745320542955878e-06
4230    1.8660211901228755e-06
4240    1.8575659353555398e-06
4250    1.8491652433685098e-06
4260    1.840817562969941e-06
4270    1.8325213548329224e-06
4280    1.8242752295390415e-06
4290    1.8160782783966848e-06
4300    1.8079297224122367e-06
4310    1.7998288359025856e-06
4320    1.791775683895123e-06
4330    1.783771046119271e-06
4340    1.7758157003221182e-06
4350    1.7679103277202013e-06
4360    1.7600553545847339e-06
4370    1.7522511385709683e-06
4380    1.744497963071701e-06
4390    1.7367951878861513e-06
4400    1.7291414500654692e-06
4410    1.7215353967416288e-06
4420    1.7139757106588252e-06
4430    1.706461117680099e-06
4440    1.6989903753687186e-06
4450    1.6915623303820675e-06
4460    1.6841766138239103e-06
4470    1.676833377578056e-06
4480    1.669532773941322e-06
4490    1.662275134891115e-06
4500    1.6550612229151151e-06
4510    1.6478918367323442e-06
4520    1.6407676614870947e-06
4530    1.6336885407839447e-06
4540    1.6266538606590428e-06
4550    1.6196630100770643e-06
4560    1.6127151051290443e-06
4570    1.6058087463309247e-06
4580    1.5989425078523034e-06
4590    1.5921150907172479e-06
4600    1.5853259059442854e-06
4610    1.578574676729554e-06
4620    1.5718611366428285e-06
4630    1.5651853739348197e-06
4640    1.558547992821973e-06
4650    1.5519496182693515e-06
4660    1.5453908033149597e-06
4670    1.538871810101901e-06
4680    1.5323927960861046e-06
4690    1.5259538909809498e-06
4700    1.5195546788272936e-06
4710    1.5131941317974256e-06
4720    1.5068712102417895e-06
4730    1.5005848972786563e-06
4740    1.4943341976950097e-06
4750    1.4881181381855956e-06
4760    1.4819358046474813e-06
4770    1.4757869923161783e-06
4780    1.4696721006827641e-06
4790    1.4635915346384393e-06
4800    1.457545713050057e-06
4810    1.4515351245207194e-06
4820    1.445560255405677e-06
4830    1.4396215263839612e-06
4840    1.4337187784635698e-06
4850    1.4278514857676488e-06
4860    1.422019124052617e-06
4870    1.4162209705408076e-06
4880    1.410455882548845e-06
4890    1.4047226886962274e-06
4900    1.3990203202838343e-06
4910    1.3933483229990142e-06
4920    1.3877065270289829e-06
4930    1.3820947711373143e-06
4940    1.3765132356904226e-06
4950    1.3709626016612596e-06
4960    1.365443570002865e-06
4970    1.3599567247260125e-06
4980    1.3545021371589594e-06
4990    1.3490797123522529e-06
5000    1.34368933781042e-06
5010    1.3383304959870836e-06
5020    1.333002251953179e-06
5030    1.3277036705759909e-06
5040    1.3224338846930596e-06
5050    1.3171922111144844e-06
5060    1.3119780167497633e-06
5070    1.3067907228368348e-06
5080    1.3016303422298762e-06
5090    1.2964973111985054e-06
5100    1.2913920616216355e-06
5110    1.2863150208615027e-06
5120    1.2812666246972254e-06
5130    1.276247297472648e-06
5140    1.27125735384358e-06
5150    1.266296297774859e-06
5160    1.2613632437505005e-06
5170    1.2564573264926538e-06
5180    1.2515779466213421e-06
5190    1.246724896905398e-06
5200    1.241898004665787e-06
5210    1.237097098509079e-06
5220    1.2323220083172552e-06
5230    1.2275725652375697e-06
5240    1.2228486016725033e-06
5250    1.2181499512697864e-06
5260    1.2134764489125063e-06
5270    1.208827930709289e-06
5280    1.2042042339845528e-06
5290    1.199605197268846e-06
5300    1.1950306602892548e-06
5310    1.1904804639598876e-06
5320    1.1859544503724335e-06
5330    1.181452462786794e-06
5340    1.1769743456217966e-06
5350    1.1725199444459662e-06
5360    1.168089105968385e-06
5370    1.1636816780296104e-06
5380    1.1592975095926836e-06
5390    1.1549364507341874e-06
5400    1.15059835263539e-06
5410    1.1462830675734568e-06
5420    1.1419904489127247e-06
5430    1.1377203510960615e-06
5440    1.1334726296362737e-06
5450    1.1292471411076028e-06
5460    1.1250437431372746e-06
5470    1.1208622943971246e-06
5480    1.116702654595291e-06
5490    1.1125646844679664e-06
5500    1.1084482457712271e-06
5510    1.1043532012729188e-06
5520    1.100279414744612e-06
5530    1.0962267509536223e-06
5540    1.0921950756550925e-06
5550    1.0881842555841471e-06
5560    1.084194158448094e-06
5570    1.0802246529187081e-06
5580    1.0762756086245631e-06
5590    1.0723468961434359e-06
5600    1.0684383869947622e-06
5610    1.0645499536321642e-06
5620    1.0606814694360315e-06
5630    1.0568328078091895e-06
5640    1.0530038384001122e-06
5650    1.0491944303687947e-06
5660    1.0454044539387083e-06
5670    1.0416337803875314e-06
5680    1.0378822820370917e-06
5690    1.034149832243421e-06
5700    1.030436305386917e-06
5710    1.026741576862613e-06
5720    1.023065523070549e-06
5730    1.0194080214062494e-06
5740    1.0157689502513044e-06
5750    1.0121481889640543e-06
5760    1.0085456178703657e-06
5770    1.0049611182545153e-06
5780    1.0013945723501711e-06
5790    9.978458633314665e-07
5800    9.943148753041708e-07
5810    9.908014932969553e-07
5820    9.873056032527535e-07
5830    9.838270920202145e-07
5840    9.803658473452407e-07
5850    9.769217578626215e-07
5860    9.73494713087759e-07
5870    9.700846034084748e-07
5880    9.666913200769047e-07
5890    9.633147552014825e-07
5900    9.599548017390074e-07
5910    9.566113534867967e-07
5920    9.532843050749147e-07
5930    9.499735519584928e-07
5940    9.466789904101225e-07
5950    9.434005175123387e-07
5960    9.401380311501668e-07
5970    9.368914300037598e-07
5980    9.336606135411118e-07
5990    9.304454820108448e-07
6000    9.272459364350658e-07
6010    9.240618786023115e-07
6020    9.20893211060553e-07
6030    9.177398371102835e-07
6040    9.146016607976735e-07
6050    9.114785869077944e-07
6060    9.083705209579194e-07
6070    9.052773691908865e-07
6080    9.02199038568539e-07
6090    8.991354367652206e-07
6100    8.960864721613544e-07
6110    8.930520538370725e-07
6120    8.900320921034185e-07
6130    8.87026500142019e-07
6140    8.840351923152732e-07
6150    8.810580835883808e-07
6160    8.780950895245334e-07
6170    8.75146126280139e-07
6180    8.72211110600101e-07
6190    8.69289959813127e-07
6200    8.663825918270917e-07
6210    8.634889251244196e-07
6220    8.60608878757534e-07
6230    8.57742372344323e-07
6240    8.548893260636573e-07
6250    8.520496606509454e-07
6260    8.492232973937242e-07
6270    8.464101581272891e-07
6280    8.436101652303641e-07
6290    8.408232416208084e-07
6300    8.380493107513578e-07
6310    8.352882966054082e-07
6320    8.325401236928307e-07
6330    8.298047170458254e-07
6340    8.270820022148096e-07
6350    8.243719052643455e-07
6360    8.216743527690973e-07
6370    8.189892718098295e-07
6380    8.163165899694321e-07
6390    8.136562353289892e-07
6400    8.110081364638734e-07
6410    8.083722224398808e-07
6420    8.057484228093919e-07
6430    8.031366676075742e-07
6440    8.005368873486084e-07
6450    7.979490130219561e-07
6460    7.953729760886515e-07
6470    7.928087084776311e-07
6480    7.902561425820913e-07
6490    7.877152112558796e-07
6500    7.851858478099132e-07
6510    7.826679860086338e-07
6520    7.801615600664881e-07
6530    7.77666504644441e-07
6540    7.751827548465173e-07
6550    7.727102462163731e-07
6560    7.702489147338966e-07
6570    7.677986968118411e-07
6580    7.653595292924805e-07
6590    7.629313494442995e-07
6600    7.605140949587059e-07
6610    7.581077039467785e-07
6620    7.557121149360351e-07
6630    7.533272668672342e-07
6640    7.50953099086917e-07
6650    7.485895509275808e-07
6660    7.462365613670684e-07
6670    7.438940697269596e-07
6680    7.415620157524129e-07
6690    7.392403396087075e-07
6700    7.369289818778196e-07
6710    7.34627883555028e-07
6720    7.323369860455536e-07
6730    7.300562311612285e-07
6740    7.277855611171966e-07
6750    7.255249185286422e-07
6760    7.232742464075535e-07
6770    7.210334881595124e-07
6780    7.188025875805126e-07
6790    7.165814888538137e-07
6800    7.143701365468127e-07
6810    7.12168475607957e-07
6820    7.099764513636776e-07
6830    7.077940095153503e-07
6840    7.056210961362902e-07
6850    7.034576576687687e-07
6860    7.013036409210582e-07
6870    6.991589930645067e-07
6880    6.970236616306362e-07
6890    6.948975945082678e-07
6900    6.927807399406747e-07
6910    6.906730465227594e-07
6920    6.885744631982567e-07
6930    6.864849392569629e-07
6940    6.844044243319894e-07
6950    6.823328683970392e-07
6960    6.802702217637142e-07
6970    6.782164350788377e-07
6980    6.7617145932181e-07
6990    6.741352458019814e-07
7000    6.721077461560507e-07
7010    6.700889123454896e-07
7020    6.680786966539867e-07
7030    6.660770516849154e-07
7040    6.640839303588259e-07
7050    6.620992859109579e-07
7060    6.601230718887766e-07
7070    6.581552421495308e-07
7080    6.561957508578309e-07
7090    6.542445524832504e-07
7100    6.523016017979492e-07
7110    6.503668538743164e-07
7120    6.484402640826336e-07
7130    6.465217880887615e-07
7140    6.44611381851845e-07
7150    6.427090016220388e-07
7160    6.40814603938254e-07
7170    6.389281456259224e-07
7180    6.370495837947856e-07
7190    6.351788758366954e-07
7200    6.333159794234429e-07
7210    6.314608525099373e-07
7220    6.296134535119988e-07
7230    6.27773741343396e-07
7240    6.259416751953448e-07
7250    6.241172145202007e-07
7260    6.223003190295196e-07
7270    6.204909486921346e-07
7280    6.186890637322449e-07
7290    6.168946246275244e-07
7300    6.151075921072477e-07
7310    6.133279271504235e-07
7320    6.115555909839554e-07
7330    6.097905450808092e-07
7340    6.080327511581973e-07
7350    6.062821711757817e-07
7360    6.04538767333887e-07
7370    6.028025020717334e-07
7380    6.010733380656801e-07
7390    5.993512382274852e-07
7400    5.976361657025803e-07
7410    5.959280838683581e-07
7420    5.942269563324761e-07
7430    5.925327469311729e-07
7440    5.908454197275988e-07
7450    5.891649390101597e-07
7460    5.874912692908764e-07
7470    5.858243753037549e-07
7480    5.841642220031723e-07
7490    5.825107745622745e-07
7500    5.808639983713891e-07
7510    5.792238590364485e-07
7520    5.775903223774277e-07
7530    5.759633544267956e-07
7540    5.743429214279772e-07
7550    5.72728989833829e-07
7560    5.711215263051287e-07
7570    5.695204977090738e-07
7580    5.679258711177956e-07
7590    5.663376138068831e-07
7600    5.647556932539213e-07
7610    5.631800771370386e-07
7620    5.616107333334685e-07
7630    5.600476299181213e-07
7640    5.584907351621676e-07
7650    5.569400175316362e-07
7660    5.553954456860175e-07
7670    5.53856988476884e-07
7680    5.523246149465195e-07
7690    5.507982943265573e-07
7700    5.492779960366349e-07
7710    5.477636896830544e-07
7720    5.462553450574555e-07
7730    5.447529321354995e-07
7740    5.432564210755638e-07
7750    5.417657822174468e-07
7760    5.40280986081084e-07
7770    5.38802003365272e-07
7780    5.373288049464052e-07
7790    5.35861361877222e-07
7800    5.343996453855598e-07
7810    5.329436268731231e-07
7820    5.31493277914258e-07
7830    5.300485702598476e-07
7840    5.286094758470748e-07
7850    5.271759667849639e-07
7860    5.257480153499456e-07
7870    5.24325593984689e-07
7880    5.229086752969398e-07
7890    5.214972320583702e-07
7900    5.200912372034329e-07
7910    5.186906638282322e-07
7920    5.172954851893963e-07
7930    5.15905674702963e-07
7940    5.145212059432718e-07
7950    5.131420526418677e-07
7960    5.117681886864096e-07
7970    5.1039958811959e-07
7980    5.090362251380638e-07
7990    5.076780740913829e-07
8000    5.063251094809414e-07
8010    5.04977305958927e-07
8020    5.036346383272837e-07
8030    5.022970815366788e-07
8040    5.009646106854814e-07
8050    4.996372010187466e-07
8060    4.983148279272084e-07
8070    4.969974669462808e-07
8080    4.956850937550659e-07
8090    4.94377684175371e-07
8100    4.930752141707315e-07
8110    4.917776598454426e-07
8120    4.904849974435991e-07
8130    4.891972033481404e-07
8140    4.879142540799059e-07
8150    4.866361262966952e-07
8160    4.853627967923365e-07
8170    4.840942424957627e-07
8180    4.828304404700935e-07
8190    4.815713679117259e-07
8200    4.803170021494306e-07
8210    4.790673206434564e-07
8220    4.778223009846394e-07
8230    4.765819208935218e-07
8240    4.753461582194768e-07
8250    4.7411499093983784e-07
8260    4.728883971590368e-07
8270    4.7166635510774984e-07
8280    4.704488431420457e-07
8290    4.69235839742545e-07
8300    4.680273235135831e-07
8310    4.668232731823801e-07
8320    4.656236675982183e-07
8330    4.6442848573162407e-07
8340    4.632377066735559e-07
8350    4.6205130963460187e-07
8360    4.6086927394417914e-07
8370    4.59691579049742e-07
8380    4.585182045159941e-07
8390    4.573491300241093e-07
8400    4.561843353709558e-07
8410    4.550238004683275e-07
8420    4.538675053421806e-07
8430    4.5271543013187666e-07
8440    4.515675550894311e-07
8450    4.504238605787658e-07
8460    4.492843270749707e-07
8470    4.4814893516356746e-07
8480    4.470176655397815e-07
8490    4.458904990145024e-07
8500    4.4476741654731434e-07
8510    4.436483992197585e-07
8520    4.425334282192103e-07
8530    4.4142248483816446e-07
8540    4.403155504735495e-07
8550    4.3921260662605005e-07
8560    4.381136348994323e-07
8570    4.370186169998754e-07
8580    4.359275347353082e-07
8590    4.3484037001474945e-07
8600    4.3375710484765305e-07
8610    4.3267772134326113e-07
8620    4.3160220170995614e-07
8630    4.305305282546237e-07
8640    4.2946268338201596e-07
8650    4.2839864959412126e-07
8660    4.273384094895389e-07
8670    4.262819457628564e-07
8680    4.2522924120403415e-07
8690    4.241802786977923e-07
8700    4.2313504122300257e-07
8710    4.2209351185208615e-07
8720    4.210556737504126e-07
8730    4.2002151017570766e-07
8740    4.1899100447746015e-07
8750    4.17964140096338e-07
8760    4.169409005636057e-07
8770    4.159212695005469e-07
8780    4.1490523061788963e-07
8790    4.1389276771523937e-07
8800    4.128838646805116e-07
8810    4.1187850548937226e-07
8820    4.1087667420467984e-07
8830    4.0987835497593296e-07
8840    4.0888353203872073e-07
8850    4.0789218971417814e-07
8860    4.069043124084445e-07
8870    4.0591988461212654e-07
8880    4.049388908997643e-07
8890    4.0396131592930264e-07
8900    4.02987144441565e-07
8910    4.020163612597299e-07
8920    4.0104895128881474e-07
8930    4.0008489951516084e-07
8940    3.9912419100592155e-07
8950    3.9816681090855543e-07
8960    3.972127444503225e-07
8970    3.9626197693778527e-07
8980    3.9531449375630974e-07
8990    3.943702803695757e-07
9000    3.9342932231908454e-07
9010    3.9249160522367487e-07
9020    3.9155711477903865e-07
9030    3.906258367572436e-07
9040    3.896977570062564e-07
9050    3.8877286144947116e-07
9060    3.8785113608523884e-07
9070    3.8693256698640415e-07
9080    3.860171402998408e-07
9090    3.8510484224599284e-07
9100    3.8419565911842017e-07
9110    3.83289577283344e-07
9120    3.823865831791985e-07
9130    3.8148666331618467e-07
9140    3.8058980427582556e-07
9150    3.79695992710528e-07
9160    3.7880521534314517e-07
9170    3.779174589665413e-07
9180    3.770327104431627e-07
9190    3.7615095670460877e-07
9200    3.752721847512503e-07
9210    3.7439638165392925e-07
9220    3.7352353455446637e-07
9230    3.726536306623161e-07
9240    3.7178665725390593e-07
9250    3.7092260167222737e-07
9260    3.700614513264301e-07
9270    3.692031936914171e-07
9280    3.6834781630744485e-07
9290    3.674953067797262e-07
9300    3.666456527780325e-07
9310    3.6579884203630345e-07
9320    3.6495486235225713e-07
9330    3.6411370158700117e-07
9340    3.6327534766465094e-07
9350    3.6243978857194474e-07
9360    3.6160701235786764e-07
9370    3.6077700713327325e-07
9380    3.5994976107050953e-07
9390    3.59125262403049e-07
9400    3.583034994251188e-07
9410    3.574844604913339e-07
9420    3.56668134016335e-07
9430    3.5585450847442553e-07
9440    3.550435723992146e-07
9450    3.542353143832589e-07
9460    3.5342972307771015e-07
9470    3.526267871919628e-07
9480    3.5182649549330525e-07
9490    3.510288368065737e-07
9500    3.5023380001380674e-07
9510    3.494413740539036e-07
9520    3.4865154792228567e-07
9530    3.47864310670558e-07
9540    3.4707965140617396e-07
9550    3.462975592921039e-07
9560    3.4551802354650276e-07
9570    3.447410334423836e-07
9580    3.4396657830729053e-07
9590    3.431946475229746e-07
9600    3.424252305250729e-07
9610    3.4165831680278906e-07
9620    3.4089389589857466e-07
9630    3.4013195740781594e-07
9640    3.3937249097851944e-07
9650    3.3861548631100126e-07
9660    3.3786093315757844e-07
9670    3.371088213222617e-07
9680    3.363591406604519e-07
9690    3.3561188107863554e-07
9700    3.348670325340856e-07
9710    3.341245850345623e-07
9720    3.3338452863801656e-07
9730    3.3264685345229555e-07
9740    3.3191154963484957e-07
9750    3.311786073924416e-07
9760    3.3044801698085854e-07
9770    3.297197687046245e-07
9780    3.2899385291671526e-07
9790    3.282702600182764e-07
9800    3.275489804583402e-07
9810    3.2683000473354873e-07
9820    3.2611332338787485e-07
9830    3.2539892701234637e-07
9840    3.2468680624477377e-07
9850    3.239769517694773e-07
9860    3.232693543170166e-07
9870    3.2256400466392276e-07
9880    3.218608936324317e-07
9890    3.211600120902194e-07
9900    3.204613509501389e-07
9910    3.197649011699587e-07
9920    3.1907065375210273e-07
9930    3.183785997433941e-07
9940    3.176887302347967e-07
9950    3.170010363611628e-07
9960    3.1631550930097815e-07
9970    3.1563214027614154e-07
9980    3.149509205744351e-07
9990    3.1427184158957043e-07
