100    1.6248372104290824e-07
1100    1.614360395540457e-07
2100    1.587074203872261e-07
3100    1.5446582644895905e-07
4100    1.4895607861568982e-07
5100    1.4246746023811407e-07
6100    1.3530063295068335e-07
7100    1.2773987855492547e-07
8100    1.2003389613154794e-07
9100    1.1238565233198557e-07
10100    1.0494977637834183e-07
11100    9.78358098706843e-08
12100    9.111467916625271e-08
13100    8.48261300240119e-08
14100    7.898583989187903e-08
15100    7.359188454008352e-08
16100    6.863029842554237e-08
17100    6.407925209024546e-08
18100    5.991246802562835e-08
19100    5.610161430496574e-08
20100    5.261791615356189e-08
21100    4.943312763072033e-08
22100    4.6520222613413035e-08
23100    4.3853923759235456e-08
24100    4.141084497014213e-08
25100    3.916960289580052e-08
26100    3.7110737341015557e-08
27100    3.521662894427234e-08
28100    3.347142039847869e-08
29100    3.186082043481989e-08
30100    3.0372011238421705e-08
31100    2.8993517866936302e-08
32100    2.7715041725877146e-08
33100    2.6527370113687676e-08
34100    2.5422254727685144e-08
35100    2.4392279618230827e-08
36100    2.343080022021525e-08
37100    2.2531860280736234e-08
38100    2.1690096807812084e-08
39100    2.0900687165188838e-08
40100    2.015929537861012e-08
41100    1.9462007210023465e-08
42100    1.8805282273739124e-08
43100    1.818592442701543e-08
44100    1.7601043276431876e-08
45100    1.704801439165425e-08
46100    1.6524454908067295e-08
47100    1.602820123829941e-08
48100    1.555728478313409e-08
49100    1.5109906413385027e-08
50100    1.4684423156410758e-08
51100    1.4279334775140537e-08
52100    1.3893269213091684e-08
53100    1.3524969081021885e-08
54100    1.317328058668934e-08
55100    1.2837144012021314e-08
56100    1.2515584684629354e-08
57100    1.2207704392909157e-08
58100    1.1912673064103237e-08
59100    1.1629724035792163e-08
60100    1.1358148676013125e-08
61100    1.1097291165938592e-08
62100    1.0846543865288351e-08
63100    1.0605343168132033e-08
64100    1.0373165598755961e-08
65100    1.0149524382452385e-08
66100    9.933966370262247e-09
67100    9.726069337343842e-09
68100    9.525439833394807e-09
69100    9.331710541971726e-09
70100    9.144538032061294e-09
71100    8.963600891724301e-09
72100    8.788598030516634e-09
73100    8.6192472156362e-09
74100    8.4552837653343e-09
75100    8.296459062710759e-09
76100    8.142539349282254e-09
77100    7.993304652185229e-09
78100    7.848547801152497e-09
79100    7.708073708321146e-09
