100    0.00011131452581567033
200    0.00010988165159565635
300    0.00010756945006594366
400    0.00010451745207813551
500    0.0001009285857089301
600    9.699630371577024e-05
700    9.281556776343994e-05
800    8.840232432000824e-05
900    8.383980210427771e-05
1000    7.933851143195032e-05
1100    7.502669037979551e-05
1200    7.08675109602737e-05
1300    6.686233925744601e-05
1400    6.309680225085682e-05
1500    5.9579731132289714e-05
1600    5.6279076830297584e-05
1700    5.322268583783115e-05
1800    5.037420300753199e-05
1900    4.773586443222416e-05
2000    4.52946201193141e-05
2100    4.304038185244033e-05
2200    4.095504874661697e-05
2300    3.90275988603423e-05
2400    3.7244052086048905e-05
2500    3.559241562751682e-05
2600    3.406192867832327e-05
2700    3.2641422255308594e-05
2800    3.132187410102699e-05
2900    3.0094770092646722e-05
3000    2.8951458933832663e-05
3100    2.7885178087263762e-05
3200    2.68893864957419e-05
3300    2.5957852481194948e-05
3400    2.5084981789892538e-05
3500    2.4265861061345884e-05
3600    2.3496158887210748e-05
3700    2.2771955637724667e-05
3800    2.2089631031027238e-05
3900    2.1445801562538243e-05
4000    2.0837406113092625e-05
4100    2.0261683240733248e-05
4200    1.971614799580943e-05
4300    1.919855234497568e-05
4400    1.8706854824990195e-05
4500    1.8239186407792603e-05
4600    1.779381856497696e-05
4700    1.7369174901089436e-05
4800    1.6963819241340968e-05
4900    1.6576440951190297e-05
5000    1.6205841978155652e-05
5100    1.585092569137673e-05
5200    1.5510686807679636e-05
5300    1.5184200081525833e-05
5400    1.4870605675580868e-05
5500    1.4569110693724148e-05
5600    1.4278985338685618e-05
5700    1.3999556980715138e-05
5800    1.3730205692981264e-05
5900    1.3470359532841337e-05
6000    1.3219489136689394e-05
6100    1.2977103868967021e-05
6200    1.274274834176174e-05
6300    1.2515997412351085e-05
6400    1.2296453784088728e-05
6500    1.2083747723306792e-05
6600    1.1877534845637724e-05
6700    1.1677494027309045e-05
6800    1.148332669557785e-05
6900    1.1294756400647858e-05
7000    1.1111524607069548e-05
7100    1.0933388928607519e-05
7200    1.0760121900483021e-05
7300    1.0591509846111451e-05
7400    1.0427351518951942e-05
7500    1.02674571970522e-05
7600    1.011164822272485e-05
7700    9.95975622928111e-06
7800    9.811622413179439e-06
7900    9.667096877603674e-06
8000    9.5260389012436e-06
8100    9.388316850125678e-06
8200    9.2538061393619e-06
8300    9.122388624572974e-06
8400    8.993952188079633e-06
8500    8.868390356253142e-06
8600    8.745601989097619e-06
8700    8.625491459043715e-06
8800    8.50796810477923e-06
8900    8.392945539563508e-06
9000    8.280341390714216e-06
9100    8.170077065277857e-06
9200    8.06207753185855e-06
9300    7.956271137399165e-06
9400    7.852589998882627e-06
9500    7.750969840954035e-06
9600    7.651349113556608e-06
9700    7.5536688078492295e-06
9800    7.457872323306562e-06
9900    7.3639053431071974e-06
10000    7.271715717216305e-06
10100    7.18125337945608e-06
10200    7.09247051490186e-06
10300    7.00532131852775e-06
10400    6.919761703392201e-06
10500    6.835749215686694e-06
10600    6.753242957747778e-06
10700    6.6722035154284085e-06
10800    6.592592889543139e-06
10900    6.514374434483227e-06
11000    6.437513109919998e-06
11100    6.361975636914037e-06
11200    6.287729886870262e-06
11300    6.214744772453905e-06
11400    6.1429902049525e-06
11500    6.072437053744072e-06
11600    6.003057107750235e-06
11700    5.9348230387610255e-06
11800    5.867708366717684e-06
11900    5.8016874660510235e-06
12000    5.736735577242755e-06
12100    5.672828693647872e-06
12200    5.609943521026236e-06
12300    5.5480574509360645e-06
12400    5.487148535326681e-06
12500    5.42719546226752e-06
12600    5.368177532753809e-06
12700    5.310074638533422e-06
12800    5.252867245882033e-06
12900    5.196536568899434e-06
13000    5.141064592217168e-06
13100    5.086433790157842e-06
13200    5.032627092598586e-06
13300    4.979627870483802e-06
13400    4.927419921883707e-06
13500    4.8759874585751985e-06
13600    4.8253150931220776e-06
13700    4.775387826433525e-06
13800    4.726191035780161e-06
13900    4.6777104660447985e-06
14000    4.629932236630321e-06
14100    4.5828428175316e-06
14200    4.536429008820881e-06
14300    4.490677930787549e-06
14400    4.445577014477767e-06
14500    4.401113992564213e-06
14600    4.357276890532671e-06
14700    4.314054018172756e-06
14800    4.271433961360771e-06
14900    4.22940557412294e-06
15000    4.187957972101033e-06
15100    4.147080596373182e-06
15200    4.106763241777379e-06
15300    4.066995938040297e-06
15400    4.027768933181049e-06
15500    3.989072687877316e-06
15600    3.950897869996908e-06
15700    3.913235349289349e-06
15800    3.8760761922323226e-06
15900    3.839411657028027e-06
16000    3.80323318874464e-06
16100    3.7675324145982437e-06
16200    3.7323011393707063e-06
16300    3.697531342626191e-06
16400    3.6632151808561334e-06
16500    3.6293449769819486e-06
16600    3.5959132135809313e-06
16700    3.5629125289689552e-06
16800    3.5303357133936536e-06
16900    3.4981757053337976e-06
17000    3.466425587901517e-06
17100    3.4350785853442538e-06
17200    3.4041280596433935e-06
17300    3.3735675072065475e-06
17400    3.3433905556507045e-06
17500    3.313590960673435e-06
17600    3.28416260453787e-06
17700    3.2550995239775523e-06
17800    3.2263959034659895e-06
17900    3.1980460408135597e-06
18000    3.170044343343541e-06
18100    3.142385325457053e-06
18200    3.1150636062581777e-06
18300    3.0880739072376334e-06
18400    3.0614110500135255e-06
18500    3.0350699541276136e-06
18600    3.009045634895705e-06
18700    2.983333201310716e-06
18800    2.957927853997058e-06
18900    2.9328248832149535e-06
19000    2.9080196669134386e-06
19100    2.8835076698481288e-06
19200    2.8592844445397783e-06
19300    2.835345626256714e-06
19400    2.8116869302739816e-06
19500    2.788304150168725e-06
19600    2.765193156156194e-06
19700    2.7423498934654387e-06
19800    2.719770380753554e-06
19900    2.6974507085576144e-06
20000    2.6753870377832278e-06
20100    2.6535755982288184e-06
20200    2.6320126871447307e-06
20300    2.6106946678262227e-06
20400    2.5896179682395347e-06
20500    2.5687790796801474e-06
20600    2.5481745555844575e-06
20700    2.527801018042393e-06
20800    2.5076551606631985e-06
20900    2.4877337352215677e-06
21000    2.468033549344455e-06
21100    2.448551465402769e-06
21200    2.4292843994274785e-06
21300    2.410229320049537e-06
21400    2.3913832474631013e-06
21500    2.372743252411473e-06
21600    2.354306455195222e-06
21700    2.336070024702037e-06
21800    2.31803117745771e-06
21900    2.300187176697819e-06
22000    2.2825353314596057e-06
22100    2.265072995693602e-06
22200    2.2477975673944726e-06
22300    2.230706487758152e-06
22400    2.2137972407343535e-06
22500    2.1970673523726846e-06
22600    2.1805143894662558e-06
22700    2.1641359587261333e-06
22800    2.1479297060211074e-06
22900    2.131893315633685e-06
23000    2.116024509531926e-06
23100    2.1003210466568083e-06
23200    2.084780722224706e-06
23300    2.069401367044674e-06
23400    2.0541808468501648e-06
23500    2.0391170616448746e-06
23600    2.024207945062388e-06
23700    2.0094514637392643e-06
23800    1.994845616701328e-06
23900    1.9803884347627924e-06
24000    1.966077979937983e-06
24100    1.9519123448653058e-06
24200    1.937889653368734e-06
24300    1.9240080633032707e-06
24400    1.910265762357872e-06
24500    1.8966609663101907e-06
24600    1.8831919185221083e-06
24700    1.869856889445403e-06
24800    1.8566541761373413e-06
24900    1.843582101785997e-06
25000    1.8306390152450497e-06
25100    1.8178232905778954e-06
25200    1.8051333266108427e-06
25300    1.7925675464951892e-06
25400    1.7801243972780345e-06
25500    1.7678023494815757e-06
25600    1.7555998966907505e-06
25700    1.7435155551490229e-06
25800    1.731547863362149e-06
25900    1.719695381709744e-06
26000    1.7079566920644825e-06
26100    1.6963303974189952e-06
26200    1.6848151216722543e-06
26300    1.6734095095244604e-06
26400    1.662112225760606e-06
26500    1.650921954833532e-06
26600    1.6398374005267646e-06
26700    1.628857285623887e-06
26800    1.6179803515842876e-06
26900    1.6072053582251532e-06
27000    1.5965310834095827e-06
27100    1.585956322740683e-06
27200    1.5754798892615223e-06
27300    1.5651006131608258e-06
27400    1.5548173414842816e-06
27500    1.5446289378513471e-06
27600    1.534534282177442e-06
27700    1.5245322704013957e-06
27800    1.5146218142180758e-06
27900    1.5048018408160534e-06
28000    1.4950712926202233e-06
28100    1.4854291270392611e-06
28200    1.475874316217826e-06
28300    1.4664058468205664e-06
28400    1.4570227201122175e-06
28500    1.4477239515993517e-06
28600    1.438508570555909e-06
28700    1.4293756197936508e-06
28800    1.4203241554417893e-06
28900    1.4113532467306987e-06
29000    1.4024619757796023e-06
29100    1.3936494373881564e-06
29200    1.3849147388318685e-06
29300    1.3762569996612556e-06
29400    1.3676753515046632e-06
29500    1.3591689378747016e-06
29600    1.3507369139781789e-06
29700    1.3423784465295038e-06
29800    1.3340927135674642e-06
29900    1.3258789042753215e-06
30000    1.3177362188041445e-06
30100    1.3096638680993453e-06
30200    1.3016610737303115e-06
30300    1.2937270677231106e-06
30400    1.2858610923961852e-06
30500    1.278062400198983e-06
30600    1.2703302535603217e-06
30700    1.2626639250094623e-06
30800    1.2550626971038847e-06
30900    1.2475258619124932e-06
31000    1.240052720841743e-06
31100    1.232642584491677e-06
31200    1.2252947725144652e-06
31300    1.2180086134754403e-06
31400    1.2107834447165386e-06
31500    1.203618612222136e-06
31600    1.1965134704872077e-06
31700    1.1894673823877823e-06
31800    1.1824797190536326e-06
31900    1.1755498597431708e-06
32000    1.1686771917205081e-06
32100    1.1618611101346166e-06
32200    1.155101017900581e-06
32300    1.1483963255828798e-06
32400    1.1417464512806714e-06
32500    1.1351508205150243e-06
32600    1.1286088661180906e-06
32700    1.1221200281241492e-06
32800    1.1156837536625079e-06
32900    1.1092994968522121e-06
33000    1.102966718698547e-06
33100    1.096684886989575e-06
33200    1.0904534759519546e-06
33300    1.0842719659113882e-06
33400    1.078139843652711e-06
33500    1.0720566023863406e-06
33600    1.0660217416537932e-06
33700    1.0600347672347957e-06
33800    1.0540951910559504e-06
33900    1.048202531100933e-06
34000    1.0423563113221912e-06
34100    1.0365560615541138e-06
34200    1.0308013174276516e-06
34300    1.0250916202863459e-06
34400    1.0194265171037576e-06
34500    1.0138055604022595e-06
34600    1.00822830817317e-06
34700    1.0026943237982021e-06
34800    9.972031759722017e-07
34900    9.917544386271583e-07
35000    9.863476908574582e-07
35100    9.809825168463582e-07
35200    9.75658505793657e-07
35300    9.703752518445503e-07
35400    9.651323540196348e-07
35500    9.599294161460502e-07
35600    9.547660467897333e-07
35700    9.496418591887724e-07
35800    9.445564711878211e-07
35900    9.395095051678021e-07
36000    9.345005879663966e-07
36100    9.295293508331849e-07
36200    9.24595429373576e-07
36300    9.196984634882887e-07
36400    9.148380973137832e-07
36500    9.100139791636502e-07
36600    9.052257614709239e-07
36700    9.004731007313123e-07
36800    8.957556574473191e-07
36900    8.910730960732528e-07
37000    8.864250849610983e-07
37100    8.818112963072368e-07
37200    8.772314061000071e-07
37300    8.726850940680801e-07
37400    8.681720436296441e-07
37500    8.636919418423812e-07
37600    8.592444793542201e-07
37700    8.54829350354853e-07
37800    8.504462525280106e-07
37900    8.460948870044629e-07
38000    8.417749583157547e-07
38100    8.374861743486517e-07
38200    8.332282463002834e-07
38300    8.290008886339789e-07
38400    8.248038190357746e-07
38500    8.206367583715892e-07
38600    8.164994306450522e-07
38700    8.123915629559734e-07
38800    8.083128854409058e-07
38900    8.042631309317767e-07
39000    8.00242034978116e-07
39100    7.962493360783186e-07
39200    7.922847756493838e-07
39300    7.883480979884418e-07
39400    7.844390502348687e-07
39500    7.805573823329733e-07
39600    7.767028469952521e-07
39700    7.728751996661916e-07
39800    7.690741984866204e-07
39900    7.652996042585973e-07
40000    7.615511804108255e-07
40100    7.578286929645803e-07
40200    7.541319105001521e-07
40300    7.50460604123787e-07
40400    7.468145474351172e-07
40500    7.431935164950799e-07
40600    7.39597289794307e-07
40700    7.360256482219852e-07
40800    7.324783750351732e-07
40900    7.289552558285764e-07
41000    7.254560785047571e-07
41100    7.219806332447958e-07
41200    7.185287124793635e-07
41300    7.151001108602358e-07
41400    7.116946252322099e-07
41500    7.083120546054363e-07
41600    7.049522001281498e-07
41700    7.016148650598015e-07
41800    6.982998547445716e-07
41900    6.950069765852713e-07
42000    6.917360400100892e-07
42100    6.884868563767095e-07
42200    6.852592389818336e-07
42300    6.820530030837485e-07
42400    6.788679658785776e-07
42500    6.757039464762422e-07
42600    6.725607658767684e-07
42700    6.694382469469344e-07
42800    6.663362143972464e-07
42900    6.632544947592442e-07
43000    6.601929163631288e-07
43100    6.57151309315708e-07
43200    6.541295054786522e-07
43300    6.511273384470578e-07
43400    6.481446435283125e-07
43500    6.451812577212603e-07
43600    6.42237019695652e-07
43700    6.393117697718939e-07
43800    6.364053499010688e-07
43900    6.335176036452459e-07
44000    6.30648376158056e-07
44100    6.277975141655446e-07
44200    6.249648659472854e-07
44300    6.221502813177567e-07
44400    6.193536116079785e-07
44500    6.165747096473967e-07
44600    6.138134297460261e-07
44700    6.11069627676827e-07
44800    6.083431606583352e-07
44900    6.05633887337523e-07
45000    6.029416677728983e-07
45100    6.002663634178303e-07
45200    5.976078371041054e-07
45300    5.949659530257091e-07
45400    5.923405767222413e-07
45500    5.89731574960745e-07
45600    5.871388156070197e-07
45700    5.845621678080192e-07
45800    5.82001502005464e-07
45900    5.794566899206448e-07
46000    5.769276045394326e-07
46100    5.744141200974949e-07
46200    5.719161120657037e-07
46300    5.694334571357484e-07
46400    5.669660332059425e-07
46500    5.645137193672128e-07
46600    5.620763958892864e-07
46700    5.596539442070574e-07
46800    5.572462469071406e-07
46900    5.54853187714596e-07
47000    5.524746514798415e-07
47100    5.501105241657311e-07
47200    5.477606928348087e-07
47300    5.454250456367298e-07
47400    5.43103471795849e-07
47500    5.407958615989743e-07
47600    5.385021063832788e-07
47700    5.362220985243738e-07
47800    5.339557314245406e-07
47900    5.317028995011094e-07
48000    5.294634981750005e-07
48100    5.272374238594063e-07
48200    5.250245739486258e-07
48300    5.228248468070441e-07
48400    5.206381417582516e-07
48500    5.184643590743097e-07
48600    5.163033999651517e-07
48700    5.141551665681218e-07
48800    5.120195619376489e-07
48900    5.09896490035053e-07
49000    5.077858557184845e-07
49100    5.056875647329921e-07
49200    5.036015237039898e-07
49300    5.015276401416623e-07
49400    4.994658224192437e-07
49500    4.974159797576516e-07
49600    4.953780222161849e-07
49700    4.933518606833424e-07
49800    4.913374068677586e-07
49900    4.89334573289255e-07
50000    4.873432732700039e-07
50100    4.853634209258015e-07
50200    4.83394931157454e-07
50300    4.814377196422696e-07
50400    4.794917028256576e-07
50500    4.775567979128338e-07
50600    4.7563292286062734e-07
50700    4.737199963693905e-07
50800    4.718179378750132e-07
50900    4.699266675410272e-07
51000    4.680461062508207e-07
51100    4.661761755999369e-07
51200    4.6431679788847853e-07
51300    4.6246789611359795e-07
51400    4.606293939620852e-07
51500    4.5880121580304575e-07
51600    4.5698328668066415e-07
51700    4.551755323070639e-07
51800    4.5337787905524845e-07
51900    4.51590253952132e-07
52000    4.4981258467165184e-07
52100    4.4804479952797054e-07
52200    4.4628682746875326e-07
52300    4.445385980685313e-07
52400    4.4280004152214696e-07
52500    4.4107108863827405e-07
52600    4.3935167083301974e-07
52700    4.376417201236008e-07
52800    4.3594116912209904e-07
52900    4.342499510292892e-07
53000    4.325679996285439e-07
53100    4.308952492798057e-07
53200    4.2923163491090276e-07
53300    4.275770919596821e-07
53400    4.259315563739685e-07
53500    4.242949646557138e-07
53600    4.226672538572099e-07
53700    4.2104836157542676e-07
53800    4.1943822594641476e-07
53900    4.178367856397727e-07
54000    4.162439798531874e-07
54100    4.146597483070305e-07
54200    4.130840312390248e-07
54300    4.115167693989724e-07
54400    4.09957904043542e-07
54500    4.0840737693112294e-07
54600    4.0686513031673437e-07
54700    4.0533110694699854e-07
54800    4.038052500551706e-07
54900    4.022875033562273e-07
55000    4.00777811042013e-07
55100    3.992761177764432e-07
55200    3.977823686907615e-07
55300    3.962965093788548e-07
55400    3.94818485892621e-07
55500    3.9334824473739125e-07
55600    3.918857328674041e-07
55700    3.9043089768133346e-07
55800    3.8898368701786706e-07
55900    3.875440491513365e-07
56000    3.8611193278739667e-07
56100    3.846872870587571e-07
56200    3.832700615209577e-07
56300    3.818602061481981e-07
56400    3.8045767132921204e-07
56500    3.7906240786318725e-07
56600    3.7767436695573695e-07
56700    3.762935002149099e-07
56800    3.74919759647253e-07
56900    3.7355309765391416e-07
57000    3.7219346702679036e-07
57100    3.7084082094471815e-07
57200    3.6949511296971113e-07
57300    3.681562970432352e-07
57400    3.6682432748252664e-07
57500    3.6549915897695536e-07
57600    3.64180746592605e-07
57700    3.6286904581312023e-07
57800    3.615640125030426e-07
57900    3.6026560288295224e-07
58000    3.589737735260107e-07
58100    3.576884813545936e-07
58200    3.56409683636966e-07
58300    3.551373379839883e-07
58400    3.5387140234586333e-07
58500    3.5261183500891583e-07
58600    3.513585945924087e-07
58700    3.5011164004539437e-07
58800    3.4887093064360095e-07
58900    3.4763642598634965e-07
59000    3.4640808599350917e-07
59100    3.4518587090248193e-07
59200    3.439697412652223e-07
59300    3.4275965794528835e-07
59400    3.4155558211492486e-07
59500    3.403574752521788e-07
59600    3.391652991380444e-07
59700    3.3797901585364006e-07
59800    3.3679858777741616e-07
59900    3.3562397758239265e-07
60000    3.3445514823342457e-07
60100    3.33292062984499e-07
60200    3.3213468537606103e-07
60300    3.3098297923236694e-07
60400    3.298369086588659e-07
60500    3.286964380396105e-07
60600    3.275615320346949e-07
60700    3.26432155577718e-07
60800    3.2530827387327707e-07
60900    3.2418985239448546e-07
61000    3.2307685688051577e-07
61100    3.2196925333417393e-07
61200    3.2086700801949085e-07
61300    3.1977008745934857e-07
61400    3.1867845843312316e-07
61500    3.175920879743588e-07
61600    3.165109433684614e-07
61700    3.1543499215042116e-07
61800    3.1436420210255283e-07
61900    3.1329854125226693e-07
62000    3.1223797786985807e-07
62100    3.11182480466318e-07
62200    3.1013201779117583e-07
62300    3.090865588296129e-07
62400    3.08046072788497e-07
62500    3.070105290966373e-07
62600    3.059798974131654e-07
62700    3.049541476258021e-07
62800    3.0393324984881715e-07
62900    3.02917174421008e-07
63000    3.019058919036986e-07
63100    3.00899373078762e-07
63200    2.9989758894665833e-07
63300    2.9890051072449773e-07
63400    2.979081098441212e-07
63500    2.9692035795019924e-07
63600    2.959372268983549e-07
63700    2.9495868875329943e-07
63800    2.9398471578699297e-07
63900    2.9301528047682125e-07
64000    2.9205035550378946e-07
64100    2.9108991375073774e-07
64200    2.9013392830057173e-07
64300    2.891823724345145e-07
64400    2.882352196303715e-07
64500    2.8729244356081776e-07
64600    2.8635401809169914e-07
64700    2.8541991728035233e-07
64800    2.8449011537394077e-07
64900    2.8356458680780886e-07
65000    2.826433062038499e-07
65100    2.817262483688938e-07
65200    2.808133882931079e-07
65300    2.799047011484164e-07
65400    2.790001622869334e-07
65500    2.780997472394116e-07
65600    2.772034317137098e-07
65700    2.7631119159327034e-07
65800    2.754230029356163e-07
65900    2.745388419708608e-07
66000    2.736586851002325e-07
66100    2.7278250889461484e-07
66200    2.719102900930998e-07
66300    2.710420056015567e-07
66400    2.7017763249121403e-07
66500    2.693171479972559e-07
66600    2.684605295174325e-07
66700    2.6760775461068307e-07
66800    2.6675880099577376e-07
66900    2.6591364654994733e-07
67000    2.650722693075876e-07
67100    2.642346474588957e-07
67200    2.6340075934858004e-07
67300    2.6257058347455825e-07
67400    2.6174409848722887e-07
67500    2.609212832079e-07
67600    2.6010211663231894e-07
67700    2.5928657790501967e-07
67800    2.5847464631644323e-07
67900    2.5766630130172826e-07
68000    2.568615224395169e-07
68100    2.560602894507683e-07
68200    2.5526258219758755e-07
68300    2.544683806820614e-07
68400    2.536776650451092e-07
68500    2.528904155653409e-07
68600    2.52106612657929e-07
68700    2.513262368734899e-07
68800    2.5054926889697504e-07
68900    2.497756895465736e-07
69000    2.490054797726262e-07
69100    2.4823862065654707e-07
69200    2.4747509340975667e-07
69300    2.4671487937262587e-07
69400    2.459579600134291e-07
69500    2.4520431692730635e-07
69600    2.444539318352365e-07
69700    2.437067865830194e-07
69800    2.4296286314026724e-07
69900    2.4222214359940615e-07
70000    2.414846101746867e-07
70100    2.40750245201203e-07
70200    2.4001903113392177e-07
70300    2.3929095054672e-07
70400    2.3856598613143193e-07
70500    2.3784412069690423e-07
70600    2.3712533716806032e-07
70700    2.3640961858497308e-07
70800    2.3569694810194658e-07
70900    2.3498730898660613e-07
71000    2.3428068461899585e-07
71100    2.335770584906853e-07
71200    2.328764142038853e-07
71300    2.3217873547056944e-07
71400    2.314840061116055e-07
71500    2.307922100558947e-07
71600    2.3010333133951748e-07
71700    2.2941735410488855e-07
71800    2.2873426259991933e-07
71900    2.2805404117718712e-07
72000    2.2737667429311262e-07
72100    2.2670214650714484e-07
72200    2.260304424809532e-07
72300    2.253615469776275e-07
72400    2.2469544486088343e-07
72500    2.2403212109427807e-07
72600    2.2337156074043005e-07
72700    2.2271374896024693e-07
72800    2.2205867101216134e-07
72900    2.214063122513715e-07
73000    2.2075665812438718e-07
73100    2.2010969415714458e-07
73200    2.1946540596714947e-07
73300    2.1882377926617904e-07
73400    2.1818479985954797e-07
73500    2.1754845364538501e-07
73600    2.1691472661391272e-07
73700    2.1628360484673574e-07
73800    2.1565507451613364e-07
73900    2.1502912188436198e-07
74000    2.1440573330295878e-07
74100    2.137848952120564e-07
74200    2.1316659413970043e-07
74300    2.1255081670117496e-07
74400    2.1193754959833275e-07
74500    2.1132677961893202e-07
74600    2.107184936359795e-07
74700    2.1011267860707812e-07
74800    2.0950932157378165e-07
74900    2.0890840966095438e-07
75000    2.0830993007613625e-07
75100    2.0771387010891468e-07
75200    2.0712021713030084e-07
75300    2.0652895859211099e-07
75400    2.0594008202635507e-07
75500    2.053535750446296e-07
75600    2.0476942533751426e-07
75700    2.0418762067397747e-07
75800    2.036081489007835e-07
75900    2.0303099794190697e-07
76000    2.0245615579795173e-07
76100    2.0188361054557418e-07
76200    2.0131335033691355e-07
76300    2.0074536339902463e-07
76400    2.0017963803331658e-07
76500    1.9961616261499813e-07
76600    1.9905492559252413e-07
76700    1.9849591548705015e-07
76800    1.9793912089189009e-07
76900    1.973845304719787e-07
77000    1.9683213296333894e-07
77100    1.9628191717255395e-07
77200    1.957338719762435e-07
77300    1.9518798632054452e-07
77400    1.9464424922059722e-07
77500    1.9410264976003398e-07
77600    1.9356317709047368e-07
77700    1.9302582043102064e-07
77800    1.9249056906776676e-07
77900    1.9195741235329891e-07
78000    1.9142633970620945e-07
78100    1.9089734061061206e-07
78200    1.903704046156611e-07
78300    1.898455213350751e-07
78400    1.893226804466638e-07
78500    1.8880187169186046e-07
78600    1.8828308487525678e-07
78700    1.877663098641422e-07
78800    1.8725153658804765e-07
78900    1.867387550383034e-07
79000    1.8622795527229982e-07
79100    1.8571912742025464e-07
79200    1.8521226167441557e-07
79300    1.8470734828670636e-07
79400    1.8420437756829758e-07
79500    1.8370333988918062e-07
79600    1.832042256777453e-07
79700    1.8270702542036123e-07
79800    1.8221172966096296e-07
79900    1.8171832900063717e-07
80000    1.8122681409721535e-07
80100    1.8073717566486783e-07
80200    1.8024940447370211e-07
80300    1.7976349134936496e-07
80400    1.7927942717264709e-07
80500    1.7879720287909066e-07
80600    1.783168094586013e-07
80700    1.7783823795506223e-07
80800    1.7736147946595165e-07
80900    1.7688652514196414e-07
81000    1.764133661866342e-07
81100    1.759419938559628e-07
81200    1.7547239945804793e-07
81300    1.7500457435271766e-07
81400    1.7453850995116495e-07
81500    1.740741977155883e-07
81600    1.736116291588323e-07
81700    1.731507958440326e-07
81800    1.72691689384264e-07
81900    1.7223430144219076e-07
82000    1.7177862372971947e-07
82100    1.7132464800765572e-07
82200    1.708723660853628e-07
82300    1.7042176982042293e-07
82400    1.699728511183023e-07
82500    1.6952560193201734e-07
82600    1.6908001426180502e-07
82700    1.6863608015479527e-07
82800    1.6819379170468518e-07
82900    1.6775314105141746e-07
83000    1.6731412038085997e-07
83100    1.668767219244889e-07
83200    1.6644093795907374e-07
83300    1.660067608063653e-07
83400    1.6557418283278527e-07
83500    1.6514319644911977e-07
83600    1.6471379411021404e-07
83700    1.6428596831466965e-07
83800    1.6385971160454557e-07
83900    1.6343501656505942e-07
84000    1.6301187582429228e-07
84100    1.6259028205289622e-07
84200    1.6217022796380293e-07
84300    1.6175170631193656e-07
84400    1.613347098939259e-07
84500    1.6091923154782177e-07
84600    1.6050526415281475e-07
84700    1.6009280062895647e-07
84800    1.5968183393688145e-07
84900    1.592723570775328e-07
85000    1.5886436309188884e-07
85100    1.5845784506069234e-07
85200    1.5805279610418213e-07
85300    1.5764920938182663e-07
85400    1.5724707809188063e-07
85500    1.5684639546044733e-07
85600    1.5644715473537455e-07
85700    1.560493492017084e-07
85800    1.556529721829178e-07
85900    1.5525801704063345e-07
86000    1.5486447717438832e-07
86100    1.5447234602136156e-07
86200    1.5408161705612327e-07
86300    1.5369228379038155e-07
86400    1.5330433977273198e-07
86500    1.5291777858840828e-07
86600    1.525325938590357e-07
86700    1.5214877924238564e-07
86800    1.517663284321331e-07
86900    1.513852351576148e-07
87000    1.5100549318358995e-07
87100    1.506270963100032e-07
87200    1.502500383717483e-07
87300    1.498743132384352e-07
87400    1.494999148141568e-07
87500    1.491268370372601e-07
87600    1.4875507388011637e-07
87700    1.4838461934889582e-07
87800    1.4801546748334182e-07
87900    1.4764761235654745e-07
88000    1.472810480747352e-07
88100    1.4691576877703602e-07
88200    1.4655176863527204e-07
88300    1.461890418537394e-07
88400    1.4582758266899434e-07
88500    1.4546738534963946e-07
88600    1.4510844419611243e-07
88700    1.4475075354047621e-07
88800    1.4439430774621087e-07
88900    1.440391012080064e-07
89000    1.4368512835155853e-07
89100    1.4333238363336424e-07
89200    1.429808615405203e-07
89300    1.4263055659052276e-07
89400    1.4228146333106776e-07
89500    1.419335763398548e-07
89600    1.4158689022438978e-07
89700    1.4124139962179125e-07
89800    1.4089709919859726e-07
89900    1.4055398365057392e-07
90000    1.40212047702525e-07
90100    1.3987128610810353e-07
90200    1.39531693649625e-07
90300    1.391932651378804e-07
90400    1.3885599541195285e-07
90500    1.3851987933903387e-07
90600    1.3818491181424254e-07
90700    1.3785108776044398e-07
90800    1.375184021280713e-07
90900    1.371868498949479e-07
91000    1.3685642606611074e-07
91100    1.3652712567363558e-07
91200    1.3619894377646332e-07
91300    1.3587187546022774e-07
91400    1.3554591583708372e-07
91500    1.3522106004553845e-07
91600    1.3489730325028186e-07
91700    1.3457464064202e-07
91800    1.342530674373082e-07
91900    1.3393257887838692e-07
92000    1.336131702330179e-07
92100    1.3329483679432144e-07
92200    1.3297757388061516e-07
92300    1.326613768352544e-07
92400    1.323462410264728e-07
92500    1.3203216184722488e-07
92600    1.317191347150295e-07
92700    1.3140715507181414e-07
92800    1.3109621838376103e-07
92900    1.307863201411537e-07
93000    1.304774558582249e-07
93100    1.3016962107300618e-07
93200    1.2986281134717745e-07
93300    1.2955702226591853e-07
93400    1.292522494377619e-07
93500    1.2894848849444529e-07
93600    1.2864573509076688e-07
93700    1.2834398490444047e-07
93800    1.2804323363595223e-07
93900    1.2774347700841852e-07
94000    1.2744471076744398e-07
94100    1.2714693068098225e-07
94200    1.2685013253919534e-07
94300    1.265543121543165e-07
94400    1.2625946536051214e-07
94500    1.2596558801374617e-07
94600    1.256726759916441e-07
94700    1.2538072519335895e-07
94800    1.2508973153943825e-07
94900    1.2479969097169057e-07
95000    1.245105994530554e-07
95100    1.242224529674711e-07
95200    1.2393524751974685e-07
95300    1.236489791354329e-07
95400    1.2336364386069302e-07
95500    1.2307923776217787e-07
95600    1.2279575692689886e-07
95700    1.2251319746210346e-07
95800    1.2223155549515032e-07
95900    1.219508271733868e-07
96000    1.2167100866402593e-07
96100    1.2139209615402525e-07
96200    1.2111408584996614e-07
96300    1.208369739779337e-07
96400    1.20560756783398e-07
96500    1.202854305310959e-07
96600    1.2001099150491385e-07
96700    1.197374360077713e-07
96800    1.194647603615047e-07
96900    1.1919296090675351e-07
97000    1.189220340028455e-07
97100    1.186519760276837e-07
97200    1.1838278337763376e-07
97300    1.1811445246741282e-07
97400    1.1784697972997806e-07
97500    1.1758036161641696e-07
97600    1.1731459459583793e-07
97700    1.1704967515526146e-07
97800    1.1678559979951282e-07
97900    1.1652236505111456e-07
98000    1.162599674501805e-07
98100    1.1599840355430987e-07
98200    1.1573766993848261e-07
98300    1.1547776319495573e-07
98400    1.1521867993315875e-07
98500    1.1496041677959256e-07
98600    1.147029703777261e-07
98700    1.1444633738789564e-07
98800    1.1419051448720474e-07
98900    1.1393549836942351e-07
99000    1.136812857448897e-07
99100    1.1342787334041089e-07
99200    1.1317525789916544e-07
99300    1.1292343618060669e-07
99400    1.1267240496036523e-07
99500    1.124221610301542e-07
99600    1.1217270119767317e-07
99700    1.1192402228651434e-07
99800    1.116761211360685e-07
99900    1.1142899460143178e-07
