100    8.629368759252268e-12
200    4.867077295479029e-13
300    1.2012626863424203e-13
400    3.527302059432475e-14
500    1.3041927628383109e-14
600    6.434080577882093e-15
700    3.4131504677641877e-15
800    1.860527424760836e-15
900    1.1243500246552889e-15
1000    7.153150639791327e-16
1100    4.778464969186614e-16
1200    3.2625409921942694e-16
1300    2.2931013778187213e-16
1400    1.6655670345794687e-16
1500    1.2348555480349613e-16
1600    9.319652271681582e-17
1700    7.134043494427066e-17
1800    5.55268218586635e-17
1900    4.393921880989458e-17
2000    3.500797387586862e-17
2100    2.823948363116756e-17
2200    2.3052170083793456e-17
2300    1.893473162582199e-17
2400    1.5712586620326398e-17
2500    1.3133282123315628e-17
2600    1.1043820562036564e-17
2700    9.355684841713731e-18
2800    7.973143424132257e-18
2900    6.829980059968604e-18
3000    5.883281866864864e-18
3100    5.092692836065829e-18
3200    4.428055979861494e-18
3300    3.867262180884255e-18
3400    3.3911903753444695e-18
3500    2.9850473358935615e-18
3600    2.6371831969967826e-18
3700    2.3378453370827893e-18
3800    2.0792286582184202e-18
3900    1.854947324332612e-18
4000    1.6597202379321213e-18
4100    1.4892017358810558e-18
4200    1.3397622423810528e-18
4300    1.2083821797818974e-18
4400    1.0925303302752238e-18
4500    9.900771406657424e-19
4600    8.992233094287812e-19
4700    8.184434641300792e-19
4800    7.464391029972097e-19
4900    6.821012273406663e-19
5000    6.244792803544548e-19
5100    5.7275626661520585e-19
5200    5.262282945751163e-19
5300    4.842871656187453e-19
5400    4.464058603134482e-19
5500    4.1212610128763362e-19
5600    3.8104825340467073e-19
5700    3.528229420381336e-19
5800    3.2714395367754455e-19
5900    3.0374249218354492e-19
6000    2.8238212489133436e-19
6100    2.631675479015792e-19
6200    2.4528772117026925e-19
6300    2.2889301848761017e-19
6400    2.1383884268024096e-19
6500    1.9999664263973984e-19
6600    1.8725193433503997e-19
6700    1.7550256067769879e-19
6800    1.6465722313700109e-19
6900    1.5463419556952142e-19
7000    1.453602055868894e-19
7100    1.3676943980688872e-19
7200    1.2880269302735175e-19
7300    1.213446004218852e-19
7400    1.1449352212741973e-19
7500    1.0811970052263712e-19
7600    1.0218394694382387e-19
7700    9.665075724708167e-20
7800    9.148791777475634e-20
7900    8.666617042118583e-20
8000    8.215891410394386e-20
8100    7.794192712851873e-20
8200    7.399312629620546e-20
8300    7.02923552152016e-20
8400    6.682119372250003e-20
8500    6.356279066997545e-20
8600    6.050171306268073e-20
8700    5.7623812351921e-20
8800    5.491610632096437e-20
8900    5.23666703023499e-20
9000    4.996454043284363e-20
9100    4.769962703943749e-20
9200    4.5562636054178576e-20
9300    4.3544998249805396e-20
9400    4.163880445632139e-20
9500    3.983674794214573e-20
9600    3.8132073438995225e-20
9700    3.6518530272830736e-20
9800    3.4990330096936484e-20
9900    3.354210819191233e-20
