100    1.8152464617844173e-05
110    1.8136078642264552e-05
120    1.811821696828919e-05
130    1.8098901879272183e-05
140    1.8078157230637203e-05
150    1.8056008363983684e-05
160    1.8032482016424644e-05
170    1.8007606225589302e-05
180    1.7981410230738183e-05
190    1.7953924370449595e-05
200    1.7925179977344302e-05
210    1.789520927032075e-05
220    1.7864045244774416e-05
230    1.7831721561274224e-05
240    1.779827243316565e-05
250    1.7763732513562298e-05
260    1.772813649046211e-05
270    1.7691517311641397e-05
280    1.7653906809215427e-05
290    1.7615336161040844e-05
300    1.7575835745165148e-05
310    1.7535434996419372e-05
320    1.749416226692641e-05
330    1.7452044691014342e-05
340    1.7409108054991782e-05
350    1.7365376672209446e-05
360    1.7320873263801694e-05
370    1.7275618845468745e-05
380    1.7229632620628897e-05
390    1.718293188023973e-05
400    1.713553190346858e-05
410    1.7087445077344386e-05
420    1.703867990541118e-05
430    1.6989242180175158e-05
440    1.6939135090003692e-05
450    1.6888359161025053e-05
460    1.683691220802118e-05
470    1.6784789294440882e-05
480    1.673198270164217e-05
490    1.6678481907455803e-05
500    1.6624273574149817e-05
510    1.6569341504459846e-05
520    1.6513665695466296e-05
530    1.6457222250168497e-05
540    1.6399984305450172e-05
550    1.6341922113400744e-05
560    1.6283003090028995e-05
570    1.62231918742381e-05
580    1.6162450397079064e-05
590    1.6100737961287532e-05
600    1.6038011516949566e-05
610    1.5974230381748445e-05
620    1.590935693615513e-05
630    1.584335210283655e-05
640    1.5776175215141803e-05
650    1.5707784129835303e-05
660    1.563813534728053e-05
670    1.556718413892511e-05
680    1.5494885587495095e-05
690    1.542121520953047e-05
700    1.5346170197735986e-05
710    1.5269749452861247e-05
720    1.5191952673249696e-05
730    1.5112780378574597e-05
740    1.5032233932609514e-05
750    1.4950315668112153e-05
760    1.4867046697608068e-05
770    1.478248766906253e-05
780    1.4696706114078142e-05
790    1.460977145740173e-05
800    1.452175484825018e-05
810    1.4432728990618903e-05
820    1.4342768414209084e-05
830    1.4251961784658798e-05
840    1.4160413624957424e-05
850    1.4068230334819406e-05
860    1.3975519166768004e-05
870    1.3882387997193968e-05
880    1.3788945104541324e-05
890    1.3695297200295885e-05
900    1.360154546733916e-05
910    1.3507789805721307e-05
920    1.3414129743778459e-05
930    1.3320664282150352e-05
940    1.3227491748102378e-05
950    1.3134707944963692e-05
960    1.3042401421927785e-05
970    1.2950658269856726e-05
980    1.2859563498428683e-05
990    1.276920095648834e-05
1000    1.267965324277196e-05
1010    1.2590998760242402e-05
1020    1.250330863464052e-05
1030    1.241665196388989e-05
1040    1.2331096532066624e-05
1050    1.2246708791878859e-05
1060    1.2163551886804643e-05
1070    1.2081663099593075e-05
1080    1.2001062047689082e-05
1090    1.192176723078886e-05
1100    1.1843796376161325e-05
1110    1.1767166275532748e-05
1120    1.1691869669745481e-05
1130    1.1617853387527544e-05
1140    1.1545059272492842e-05
1150    1.147342955467702e-05
1160    1.1402906880787539e-05
1170    1.133342587028375e-05
1180    1.126488840481891e-05
1190    1.1197189314386634e-05
1200    1.1130224744398639e-05
1210    1.1063892201243355e-05
1220    1.0998091126582614e-05
1230    1.0932725259576895e-05
1240    1.0867700759947378e-05
1250    1.080292529368636e-05
1260    1.073830809509868e-05
1270    1.0673764053459901e-05
1280    1.0609230541274506e-05
1290    1.0544652945721641e-05
1300    1.0479977844682175e-05
1310    1.0415153051652087e-05
1320    1.0350132045056417e-05
1330    1.0284885352013004e-05
1340    1.021938797797221e-05
1350    1.0153615784159877e-05
1360    1.0087545576624044e-05
1370    1.0021162925192229e-05
1380    9.954469396259026e-06
1390    9.887468652075728e-06
1400    9.820164646965665e-06
1410    9.752562812937926e-06
1420    9.68469069736563e-06
1430    9.616594626887376e-06
1440    9.548320625866066e-06
1450    9.47991371534321e-06
1460    9.411423940620526e-06
1470    9.34293021520239e-06
1480    9.274518588306867e-06
1490    9.206272587913092e-06
1500    9.138273303598009e-06
1510    9.070604000531632e-06
1520    9.003351796959799e-06
1530    8.936601387182598e-06
1540    8.87043456494019e-06
1550    8.804926894456652e-06
1560    8.740132204383704e-06
1570    8.676095619801422e-06
1580    8.612860500533297e-06
1590    8.550467913063684e-06
1600    8.488940525179798e-06
1610    8.428281107210158e-06
1620    8.368491039573886e-06
1630    8.309571371848619e-06
1640    8.251519012185757e-06
1650    8.194318510212427e-06
1660    8.13795223901019e-06
1670    8.082402895147744e-06
1680    8.027652747776933e-06
1690    7.973677852109766e-06
1700    7.920451423911332e-06
1710    7.867947304951448e-06
1720    7.816139626388777e-06
1730    7.764993462007704e-06
1740    7.714464213775858e-06
1750    7.66450802223661e-06
1760    7.615082268787933e-06
1770    7.5661403134885376e-06
1780    7.517625923660526e-06
1790    7.469483231344524e-06
1800    7.4216581276749445e-06
1810    7.374099435855924e-06
1820    7.326762136896754e-06
1830    7.279603754842368e-06
1840    7.2325832538508905e-06
1850    7.185664126458228e-06
1860    7.13883032184469e-06
1870    7.092073705252868e-06
1880    7.045386514730401e-06
1890    6.998762692322524e-06
1900    6.95220923185767e-06
1910    6.905739965346191e-06
1920    6.859368383156786e-06
1930    6.8131079094629575e-06
1940    6.766976251091853e-06
1950    6.720993890294585e-06
1960    6.6751806714412685e-06
1970    6.629555876465813e-06
1980    6.584140643813146e-06
1990    6.538957521000481e-06
2000    6.494028270527558e-06
2010    6.4493740055963596e-06
2020    6.405019184952575e-06
2030    6.360991286521982e-06
2040    6.317316840177456e-06
2050    6.274021258928849e-06
2060    6.23112828693312e-06
2070    6.188660053592886e-06
2080    6.146637699244024e-06
2090    6.105081120318365e-06
2100    6.064002565755748e-06
2110    6.023407138849494e-06
2120    5.983299326198784e-06
2130    5.943682838427557e-06
2140    5.9045526080785574e-06
2150    5.8658960824132555e-06
2160    5.827700759429083e-06
2170    5.78995419996194e-06
2180    5.752640515274189e-06
2190    5.715741381249331e-06
2200    5.679238943320595e-06
2210    5.643115852342461e-06
2220    5.607354980010705e-06
2230    5.571939528691951e-06
2240    5.536853208862124e-06
2250    5.502080147128561e-06
2260    5.467604299388148e-06
2270    5.433409806607055e-06
2280    5.399481309462295e-06
2290    5.365803789646083e-06
2300    5.3323618830248315e-06
2310    5.299140442827675e-06
2320    5.266124825986351e-06
2330    5.233301577821672e-06
2340    5.200660286012971e-06
2350    5.168191491088699e-06
2360    5.1358860636030665e-06
2370    5.103737490102223e-06
2380    5.071744985884857e-06
2390    5.039908587519242e-06
2400    5.0082283807160925e-06
2410    4.976708180085373e-06
2420    4.9453573147905054e-06
2430    4.914185219934346e-06
2440    4.883200977897514e-06
2450    4.8524138275630836e-06
2460    4.821833120238846e-06
2470    4.7914678347081625e-06
2480    4.761326381876699e-06
2490    4.731415029693999e-06
2500    4.7017387668164445e-06
2510    4.672302325463165e-06
2520    4.643110003290464e-06
2530    4.61416491145335e-06
2540    4.585469684595521e-06
2550    4.5570267921553555e-06
2560    4.528838785621453e-06
2570    4.500908663576074e-06
2580    4.4732393370854644e-06
2590    4.445833510036579e-06
2600    4.418692622951602e-06
2610    4.391816552617542e-06
2620    4.365205006853638e-06
2630    4.338857258754255e-06
2640    4.312767837286507e-06
2650    4.286928181320747e-06
2660    4.261329907074116e-06
2670    4.23596447172306e-06
2680    4.210821469963297e-06
2690    4.185890114116546e-06
2700    4.1611599533434015e-06
2710    4.136622066461252e-06
2720    4.112270663032242e-06
2730    4.088100530157468e-06
2740    4.064106650698753e-06
2750    4.040285594037884e-06
2760    4.016635610623812e-06
2770    3.993155057342099e-06
2780    3.969842201236199e-06
2790    3.9466943933329815e-06
2800    3.923708566098637e-06
2810    3.90088172146841e-06
2820    3.878210359035664e-06
2830    3.855689148648613e-06
2840    3.833312517152693e-06
2850    3.811075108288652e-06
2860    3.7889739418747333e-06
2870    3.7670091976734284e-06
2880    3.7451812518150693e-06
2890    3.723490717017456e-06
2900    3.701941052480023e-06
2910    3.680537289588423e-06
2920    3.6592842734697694e-06
2930    3.6381865552956422e-06
2940    3.6172481627708947e-06
2950    3.596472868759922e-06
2960    3.5758642273682483e-06
2970    3.5554234000750624e-06
2980    3.5351483242957875e-06
2990    3.5150367317516487e-06
3000    3.4950863501184085e-06
3010    3.4752945163559127e-06
3020    3.4556583796914416e-06
3030    3.4361751496287307e-06
3040    3.416842712760533e-06
3050    3.3976609728491166e-06
3060    3.378630198762074e-06
3070    3.359750623172687e-06
3080    3.3410227036180657e-06
3090    3.322447161916988e-06
3100    3.304024677122487e-06
3110    3.2857554788969423e-06
3120    3.2676369509252736e-06
3130    3.2496653068178045e-06
3140    3.2318368480428196e-06
3150    3.214147325339832e-06
3160    3.1965911142579073e-06
3170    3.1791625428582153e-06
3180    3.161856188604835e-06
3190    3.144668189591538e-06
3200    3.1275959482724317e-06
3210    3.110636966868645e-06
3220    3.0937894256715807e-06
3230    3.077054281109941e-06
3240    3.060433194370893e-06
3250    3.0439277336460997e-06
3260    3.0275387205942225e-06
3270    3.0112659682688725e-06
3280    2.995109197976435e-06
3290    2.9790679353155365e-06
3300    2.9631402160417717e-06
3310    2.947323393660097e-06
3320    2.931614882731048e-06
3330    2.9160121985022813e-06
3340    2.9005130033648754e-06
3350    2.8851150298033852e-06
3360    2.8698162191297067e-06
3370    2.8546168915198645e-06
3380    2.8395191478811665e-06
3390    2.8245250474128038e-06
3400    2.809636578024832e-06
3410    2.79485570777149e-06
3420    2.7801843332866727e-06
3430    2.7656242187890178e-06
3440    2.751175630233558e-06
3450    2.7368371717205146e-06
3460    2.7226073795204126e-06
3470    2.7084845778825137e-06
3480    2.6944657547913277e-06
3490    2.6805474857900075e-06
3500    2.6667264501141176e-06
3510    2.653000292280057e-06
3520    2.639368131974119e-06
3530    2.6258292286150824e-06
3540    2.6123829844410224e-06
3550    2.599029955000322e-06
3560    2.585771235743864e-06
3570    2.5726078702171857e-06
3580    2.5595403966666016e-06
3590    2.5465683306222147e-06
3600    2.533691054183933e-06
3610    2.520907819077006e-06
3620    2.508216320609554e-06
3630    2.4956132878334384e-06
3640    2.4830955196597094e-06
3650    2.4706601773511716e-06
3660    2.458305275747485e-06
3670    2.4460290143786597e-06
3680    2.4338297176113524e-06
3690    2.4217070787481246e-06
3700    2.4096618651566236e-06
3710    2.3976948374918917e-06
3720    2.3858067788031083e-06
3730    2.3739986440992128e-06
3740    2.3622713895843732e-06
3750    2.3506258718633014e-06
3760    2.3390617358283635e-06
3770    2.3275775013828678e-06
3780    2.316171674542188e-06
3790    2.3048426744471516e-06
3800    2.293588464445355e-06
3810    2.282406931422085e-06
3820    2.2712960504202376e-06
3830    2.26025479734366e-06
3840    2.2492831994996134e-06
3850    2.2383813234345386e-06
3860    2.2275494207365646e-06
3870    2.216788648706341e-06
3880    2.206100385155348e-06
3890    2.1954859276618015e-06
3900    2.1849457245889847e-06
3910    2.174479256383774e-06
3920    2.1640859515347646e-06
3930    2.1537650348420283e-06
3940    2.1435146988864654e-06
3950    2.1333328526817617e-06
3960    2.123217463942591e-06
3970    2.113166803341054e-06
3980    2.103179495980419e-06
3990    2.093254217562175e-06
4000    2.0833899443834537e-06
4010    2.0735870773545608e-06
4020    2.063846448550265e-06
4030    2.0541688499147275e-06
4040    2.044554859719325e-06
4050    2.0350048036101383e-06
4060    2.0255189723423065e-06
4070    2.016097419426798e-06
4080    2.006739066212871e-06
4090    1.997442496466796e-06
4100    1.988206318047711e-06
4110    1.979028911612709e-06
4120    1.969908379924657e-06
4130    1.960842853478117e-06
4140    1.9518307933681666e-06
4150    1.9428720932718264e-06
4160    1.933967069669204e-06
4170    1.925116030189125e-06
4180    1.916319530706365e-06
4190    1.907578409655794e-06
4200    1.8988934892627614e-06
4210    1.8902653796338837e-06
4220    1.8816938536502271e-06
4230    1.873178452506754e-06
4240    1.8647186988810004e-06
4250    1.8563135316266222e-06
4260    1.8479612867818153e-06
4270    1.8396603099800085e-06
4280    1.8314091362461474e-06
4290    1.8232069374841708e-06
4300    1.8150530537957346e-06
4310    1.8069468723978001e-06
4320    1.798888530610497e-06
4330    1.7908788540578719e-06
4340    1.7829186649286946e-06
4350    1.7750086552283924e-06
4360    1.7671491453896592e-06
4370    1.7593403642160604e-06
4380    1.7515824767899335e-06
4390    1.7438748205754001e-06
4400    1.736216076431333e-06
4410    1.7286049353206634e-06
4420    1.7210401034688014e-06
4430    1.7135202742362913e-06
4440    1.7060441636072609e-06
4450    1.6986105839245459e-06
4460    1.6912192250764102e-06
4470    1.6838703663815805e-06
4480    1.676564285549905e-06
4490    1.6693013893135044e-06
4500    1.6620824066056091e-06
4510    1.6549080890362702e-06
4520    1.6477790724827199e-06
4530    1.6406951059759708e-06
4540    1.6336554517963488e-06
4550    1.6266593788430954e-06
4560    1.619705966509767e-06
4570    1.61279392593453e-06
4580    1.6059219544367465e-06
4590    1.599088855843606e-06
4600    1.5922940247038417e-06
4610    1.5855371193434437e-06
4620    1.5788178112087093e-06
4630    1.572136199818215e-06
4640    1.56549301309013e-06
4650    1.5588890062275117e-06
4660    1.5523248267739986e-06
4670    1.5458006479722774e-06
4680    1.5393164777454415e-06
4690    1.5328723030835894e-06
4700    1.5264676457772183e-06
4710    1.5201015010833513e-06
4720    1.5137728560399635e-06
4730    1.5074807189318499e-06
4740    1.5012241158164278e-06
4750    1.4950020932454828e-06
4760    1.488813756329168e-06
4770    1.4826589257269368e-06
4780    1.476538036011076e-06
4790    1.470451526892537e-06
4800    1.46439984354958e-06
4810    1.458383478506847e-06
4820    1.452402918116005e-06
4830    1.4464585804881831e-06
4840    1.4405502686237443e-06
4850    1.434677394161016e-06
4860    1.4288393715687811e-06
4870    1.4230354302050935e-06
4880    1.4172644031070284e-06
4890    1.4115250976890406e-06
4900    1.4058164360633535e-06
4910    1.400138048333164e-06
4920    1.3944898922446736e-06
4930    1.3888719296802336e-06
4940    1.3832843872109186e-06
4950    1.3777278825411582e-06
4960    1.3722030463634294e-06
4970    1.3667104022693694e-06
4980    1.3612500024000294e-06
4990    1.355821745400333e-06
5000    1.3504255117040255e-06
5010    1.3450607527780379e-06
5020    1.3397264766857678e-06
5030    1.3344216913399593e-06
5040    1.329145506487072e-06
5050    1.3238973298954264e-06
5060    1.3186766419046744e-06
5070    1.3134829677829557e-06
5080    1.3083163322308431e-06
5090    1.3031771178148158e-06
5100    1.2980657027040822e-06
5110    1.2929824848625596e-06
5120    1.2879279243651545e-06
5130    1.2829024767226518e-06
5140    1.2779064821802188e-06
5150    1.2729394286062437e-06
5160    1.268000394018621e-06
5170    1.2630884776148742e-06
5180    1.258203058727055e-06
5190    1.2533439299283489e-06
5200    1.2485109201109706e-06
5210    1.2437038594220267e-06
5220    1.2389225792538354e-06
5230    1.2341669122343209e-06
5240    1.2294366922174676e-06
5250    1.224731754273856e-06
5260    1.2200519346812547e-06
5270    1.215397070915293e-06
5280    1.21076700164019e-06
5290    1.206161566699563e-06
5300    1.2015806071072963e-06
5310    1.197023965038481e-06
5320    1.19249148382042e-06
5330    1.1879830079236962e-06
5340    1.1834983829533195e-06
5350    1.1790374556399248e-06
5360    1.1746000738310457e-06
5370    1.1701860864824462e-06
5380    1.1657953436495297e-06
5390    1.161427696478795e-06
5400    1.1570829971993718e-06
5410    1.1527610991146148e-06
5420    1.1484618565937585e-06
5430    1.1441851250636381e-06
5440    1.1399307610004754e-06
5450    1.135698621921722e-06
5460    1.1314885663779706e-06
5470    1.127300453944922e-06
5480    1.123134145215419e-06
5490    1.1189895017915378e-06
5500    1.1148663862767409e-06
5510    1.110764662268092e-06
5520    1.106684194348527e-06
5530    1.102624848079192e-06
5540    1.0985864899918294e-06
5550    1.0945689875812354e-06
5560    1.0905722092977654e-06
5570    1.0865960245398995e-06
5580    1.0826403036468788e-06
5590    1.0787049178913756e-06
5600    1.074789739472242e-06
5610    1.0708946415072998e-06
5620    1.0670194977962734e-06
5630    1.0631641789676133e-06
5640    1.0593285531520465e-06
5650    1.0555124894409547e-06
5660    1.0517158579926987e-06
5670    1.0479385300223955e-06
5680    1.0441803777918123e-06
5690    1.0404412745993614e-06
5700    1.0367210947702177e-06
5710    1.0330197136465326e-06
5720    1.029337007577759e-06
5730    1.0256728539110742e-06
5740    1.0220271309819239e-06
5750    1.0183997181046455e-06
5760    1.014790495563209e-06
5770    1.0111993446020533e-06
5780    1.0076261474170186e-06
5790    1.004070787146381e-06
5800    1.0005331478619776e-06
5810    9.97013114560434e-07
5820    9.93510573154479e-07
5830    9.900254104643578e-07
5840    9.865575142093343e-07
5850    9.831067729992816e-07
5860    9.796730763263697e-07
5870    9.76256314556837e-07
5880    9.728563789228443e-07
5890    9.694731615144263e-07
5900    9.661065552715229e-07
5910    9.627564539760916e-07
5920    9.594227522443112e-07
5930    9.561053455188596e-07
5940    9.528041300612815e-07
5950    9.495190029444307e-07
5960    9.462498620449923e-07
5970    9.429966060360905e-07
5980    9.397591343799607e-07
5990    9.365373473207169e-07
6000    9.333311458771753e-07
6010    9.301404318357691e-07
6020    9.269651077435274e-07
6030    9.23805076901133e-07
6040    9.206602433560504e-07
6050    9.175305118957241e-07
6060    9.144157880408523e-07
6070    9.113159780387239e-07
6080    9.082309888566324e-07
6090    9.051607281753516e-07
6100    9.021051044142336e-07
6110    8.990640280231952e-07
6120    8.960374119017292e-07
6130    8.930251696934488e-07
6140    8.900272156527168e-07
6150    8.870434646397288e-07
6160    8.840738321156495e-07
6170    8.811182341377862e-07
6180    8.781765873548026e-07
6190    8.752488090019803e-07
6200    8.723348168965217e-07
6210    8.694345294328868e-07
6220    8.665478655781831e-07
6230    8.636747448675856e-07
6240    8.608150873998031e-07
6250    8.579688138325813e-07
6260    8.551358453782476e-07
6270    8.523161037992933e-07
6280    8.495095114039963e-07
6290    8.467159910420792e-07
6300    8.439354661004106e-07
6310    8.411678604987382e-07
6320    8.384130986854633e-07
6330    8.356711056334526e-07
6340    8.32941806835882e-07
6350    8.302251283021207e-07
6360    8.275209965536541e-07
6370    8.248293386200332e-07
6380    8.221500820348666e-07
6390    8.194831548318504e-07
6400    8.168284855408194e-07
6410    8.141860031838482e-07
6420    8.115556372713764e-07
6430    8.089373177983707e-07
6440    8.063309752405201e-07
6450    8.037365405504659e-07
6460    8.011539451540586e-07
6470    7.985831209466554e-07
6480    7.960240002894444e-07
6490    7.934765160058013e-07
6500    7.909406013776802e-07
6510    7.884161901420299e-07
6520    7.859032164872521e-07
6530    7.834016150496752e-07
6540    7.809113209100734e-07
6550    7.784322695902048e-07
6560    7.759643970493847e-07
6570    7.735076396810894e-07
6580    7.710619343095845e-07
6590    7.68627218186586e-07
6600    7.662034289879491e-07
6610    7.637905048103872e-07
6620    7.613883841425439e-07
6630    7.58997005364406e-07
6640    7.566163067906861e-07
6650    7.542462271467637e-07
6660    7.518867055842814e-07
6670    7.495376816776923e-07
6680    7.471990954208245e-07
6690    7.448708872234872e-07
6700    7.425529979081039e-07
6710    7.402453687063764e-07
6720    7.379479412559837e-07
6730    7.356606575973035e-07
6740    7.333834601701712e-07
6750    7.311162918106628e-07
6760    7.288590957479129e-07
6770    7.266118156009564e-07
6780    7.24374395375601e-07
6790    7.22146779461329e-07
6800    7.199289126282273e-07
6810    7.177207400239443e-07
6820    7.15522207170675e-07
6830    7.133332599621713e-07
6840    7.111538446607845e-07
6850    7.089839078945301e-07
6860    7.06823396654179e-07
6870    7.046722582903788e-07
6880    7.025304405107987e-07
6890    7.003978913772969e-07
6900    6.982745593031208e-07
6910    6.961603930501276e-07
6920    6.940553417260274e-07
6930    6.919593547816596e-07
6940    6.89872382008284e-07
6950    6.877943735349023e-07
6960    6.857252798256038e-07
6970    6.8366505167693e-07
6980    6.816136402152661e-07
6990    6.795709968942585e-07
7000    6.775370734922475e-07
7010    6.755118221097321e-07
7020    6.734951951668498e-07
7030    6.714871454008839e-07
7040    6.694876258637877e-07
7050    6.674965899197385e-07
7060    6.655139912427058e-07
7070    6.635397838140434e-07
7080    6.615739219201049e-07
7090    6.596163601498767e-07
7100    6.576670533926371e-07
7110    6.557259568356288e-07
7120    6.537930259617586e-07
7130    6.518682165473133e-07
7140    6.499514846596981e-07
7150    6.480427866551927e-07
7160    6.461420791767284e-07
7170    6.442493191516843e-07
7180    6.423644637973183e-07
7190    6.404874707015977e-07
7200    6.386182977881048e-07
7210    6.367569032542631e-07
7220    6.349032455682077e-07
7230    6.33057283466739e-07
7240    6.312189759532949e-07
7250    6.293882822959399e-07
7260    6.275651620253708e-07
7270    6.257495749329424e-07
7280    6.239414810687046e-07
7290    6.221408407394621e-07
7300    6.203476145068478e-07
7310    6.185617631854122e-07
7320    6.167832478407291e-07
7330    6.150120297875207e-07
7340    6.132480705877931e-07
7350    6.114913320489924e-07
7360    6.097417762221744e-07
7370    6.079993654001886e-07
7380    6.062640621158815e-07
7390    6.045358291403105e-07
7400    6.028146294809753e-07
7410    6.011004263800653e-07
7420    5.993931833127182e-07
7430    5.976928639852978e-07
7440    5.959994323336823e-07
7450    5.943128525215687e-07
7460    5.926330889387933e-07
7470    5.909601061996615e-07
7480    5.892938691412968e-07
7490    5.876343428220001e-07
7500    5.859814925196249e-07
7510    5.843352837299647e-07
7520    5.826956821651531e-07
7530    5.81062653752081e-07
7540    5.794361646308224e-07
7550    5.778161811530767e-07
7560    5.762026698806213e-07
7570    5.745955975837794e-07
7580    5.72994931239899e-07
7590    5.714006380318465e-07
7600    5.698126853465086e-07
7610    5.682310407733109e-07
7620    5.666556721027486e-07
7630    5.65086547324926e-07
7640    5.635236346281097e-07
7650    5.619669023972953e-07
7660    5.604163192127844e-07
7670    5.588718538487734e-07
7680    5.573334752719541e-07
7690    5.558011526401252e-07
7700    5.542748553008167e-07
7710    5.527545527899244e-07
7720    5.512402148303554e-07
7730    5.497318113306858e-07
7740    5.482293123838275e-07
7750    5.467326882657088e-07
7760    5.452419094339634e-07
7770    5.437569465266303e-07
7780    5.422777703662281e-07
7790    5.408043521146153e-07
7800    5.393366632930021e-07
7810    5.378746756018769e-07
7820    5.364183609093738e-07
7830    5.349676912501268e-07
7840    5.335226388241286e-07
7850    5.320831759956032e-07
7860    5.306492752918815e-07
7870    5.29220909402291e-07
7880    5.277980511770492e-07
7890    5.263806736261689e-07
7900    5.249687499183698e-07
7910    5.235622533800022e-07
7920    5.221611574939714e-07
7930    5.207654358986786e-07
7940    5.193750623869653e-07
7950    5.17990010905066e-07
7960    5.166102555515711e-07
7970    5.152357705763941e-07
7980    5.13866530379751e-07
7990    5.125025095111444e-07
8000    5.11143682668356e-07
8010    5.097900246964465e-07
8020    5.084415105867646e-07
8030    5.070981154759619e-07
8040    5.057598146450164e-07
8050    5.04426583518262e-07
8060    5.030983976624257e-07
8070    5.017752327856745e-07
8080    5.004570647366664e-07
8090    4.991438695036091e-07
8100    4.978356232133271e-07
8110    4.965323021303353e-07
8120    4.952338826559199e-07
8130    4.939403413272245e-07
8140    4.926516548163447e-07
8150    4.913677999294293e-07
8160    4.900887536057895e-07
8170    4.88814492917011e-07
8180    4.87544995066076e-07
8190    4.862802373864915e-07
8200    4.850201973414228e-07
8210    4.837648525228356e-07
8220    4.825141806506401e-07
8230    4.812681595718483e-07
8240    4.800267672597311e-07
8250    4.787899818129856e-07
8260    4.775577814549067e-07
8270    4.7633014453256685e-07
8280    4.751070495159986e-07
8290    4.7388847499738716e-07
8300    4.726743996902661e-07
8310    4.714648024287198e-07
8320    4.702596621665929e-07
8330    4.6905895797670387e-07
8340    4.6786266905006547e-07
8350    4.6667077469511027e-07
8360    4.654832543369237e-07
8370    4.643000875164805e-07
8380    4.631212538898871e-07
8390    4.619467332276309e-07
8400    4.607765054138355e-07
8410    4.5961055044551806e-07
8420    4.5844884843185597e-07
8430    4.5729137958823824e-07
8440    4.5613812413062686e-07
8450    4.5498906228206574e-07
8460    4.538441743743683e-07
8470    4.5270344085160365e-07
8480    4.515668422693467e-07
8490    4.504343592939315e-07
8500    4.493059727017119e-07
8510    4.481816633783272e-07
8520    4.470614123179729e-07
8530    4.459452006226794e-07
8540    4.4483300950159243e-07
8550    4.4372482027026213e-07
8560    4.426206143499356e-07
8570    4.4152037326685665e-07
8580    4.404240786515685e-07
8590    4.3933171223822375e-07
8600    4.3824325586389884e-07
8610    4.371586914679131e-07
8620    4.3607800109115496e-07
8630    4.350011668754098e-07
8640    4.339281710626967e-07
8650    4.3285899599460804e-07
8660    4.317936241116527e-07
8670    4.307320379526086e-07
8680    4.296742201538755e-07
8690    4.286201534488355e-07
8700    4.275698206672167e-07
8710    4.2652320473446297e-07
8720    4.254802886711076e-07
8730    4.24441055592152e-07
8740    4.234054887064484e-07
8750    4.2237357131608763e-07
8760    4.2134528681579257e-07
8770    4.203206186923141e-07
8780    4.1929955052383224e-07
8790    4.1828206597936256e-07
8800    4.1726814881816615e-07
8810    4.162577828891648e-07
8820    4.152509521303586e-07
8830    4.1424764056825107e-07
8840    4.132478323172749e-07
8850    4.122515115792254e-07
8860    4.112586626426946e-07
8870    4.1026926988251307e-07
8880    4.092833177591938e-07
8890    4.083007908183792e-07
8900    4.0732167369029586e-07
8910    4.0634595108920905e-07
8920    4.0537360781288353e-07
8930    4.044046287420493e-07
8940    4.034389988398685e-07
8950    4.0247670315140777e-07
8960    4.015177268031149e-07
8970    4.00562055002299e-07
8980    3.996096730366127e-07
8990    3.986605662735424e-07
9000    3.9771472015989626e-07
9010    3.967721202213019e-07
9020    3.9583275206170317e-07
9030    3.948966013628635e-07
9040    3.9396365388387166e-07
9050    3.9303389546065126e-07
9060    3.921073120054729e-07
9070    3.9118388950647235e-07
9080    3.9026361402716946e-07
9090    3.8934647170599184e-07
9100    3.884324487558024e-07
9110    3.875215314634294e-07
9120    3.866137061892005e-07
9130    3.857089593698085e-07
9140    3.848072775977769e-07
9150    3.839086476234841e-07
9160    3.8301305627039373e-07
9170    3.821204904304672e-07
9180    3.81230937063751e-07
9190    3.8034438319796456e-07
9200    3.794608159280935e-07
9210    3.785802224159854e-07
9220    3.777025898899453e-07
9230    3.7682790564433896e-07
9240    3.759561570391942e-07
9250    3.7508733149980684e-07
9260    3.7422141651635105e-07
9270    3.733583996434881e-07
9280    3.7249826849998253e-07
9290    3.716410107683179e-07
9300    3.707866141943146e-07
9310    3.6993506658675337e-07
9320    3.690863558169993e-07
9330    3.6824046981862725e-07
9340    3.6739739658705265e-07
9350    3.6655712417916183e-07
9360    3.657196407129487e-07
9370    3.6488493436714863e-07
9380    3.640529933808795e-07
9390    3.6322380605328243e-07
9400    3.623973607431671e-07
9410    3.61573645868656e-07
9420    3.607526499068357e-07
9430    3.5993436139340536e-07
9440    3.59118768922333e-07
9450    3.5830586114550904e-07
9460    3.5749562677240546e-07
9470    3.5668805456973636e-07
9480    3.558831333611195e-07
9490    3.550808520267428e-07
9500    3.542811995030302e-07
9510    3.5348416478231114e-07
9520    3.5268973691249315e-07
9530    3.518979049967349e-07
9540    3.511086581931213e-07
9550    3.503219857143437e-07
9560    3.495378768273774e-07
9570    3.487563208531663e-07
9580    3.4797730716630655e-07
9590    3.4720082519473204e-07
9600    3.4642686441940505e-07
9610    3.4565541437400525e-07
9620    3.4488646464462256e-07
9630    3.441200048694532e-07
9640    3.4335602473849515e-07
9650    3.4259451399324736e-07
9660    3.4183546242640994e-07
9670    3.4107885988158795e-07
9680    3.4032469625299567e-07
9690    3.395729614851626e-07
9700    3.3882364557264255e-07
9710    3.380767385597241e-07
9720    3.373322305401427e-07
9730    3.3659011165679544e-07
9740    3.3585037210145655e-07
9750    3.351130021144952e-07
9760    3.3437799198459663e-07
9770    3.3364533204848256e-07
9780    3.329150126906346e-07
9790    3.321870243430206e-07
9800    3.314613574848204e-07
9810    3.3073800264215597e-07
9820    3.3001695038782133e-07
9830    3.292981913410142e-07
9840    3.285817161670722e-07
9850    3.278675155772066e-07
9860    3.271555803282404e-07
9870    3.2644590122234876e-07
9880    3.2573846910679805e-07
9890    3.250332748789946e-07
9900    3.2433030950850427e-07
9910    3.236295640177264e-07
9920    3.2293102947253773e-07
9930    3.2223469698204437e-07
9940    3.215405576983383e-07
9950    3.2084860281625757e-07
9960    3.2015882357314553e-07
9970    3.1947121124861416e-07
9980    3.1878575716430705e-07
9990    3.181024526836647e-07
10000    3.1742128921169165e-07
10010    3.167422581947228e-07
10020    3.1606535112019553e-07
10030    3.153905595164188e-07
10040    3.1471787495234547e-07
10050    3.1404728903734817e-07
10060    3.13378793420992e-07
10070    3.12712379792813e-07
10080    3.1204803988209553e-07
10090    3.113857654576522e-07
10100    3.107255483276041e-07
10110    3.100673803391638e-07
10120    3.0941125337841817e-07
10130    3.0875715937011405e-07
10140    3.0810509027744395e-07
10150    3.074550381018341e-07
10160    3.068069948827338e-07
10170    3.061609526974043e-07
10180    3.0551690366071205e-07
10190    3.048748399249207e-07
10200    3.0423475367948496e-07
10210    3.035966371508471e-07
10220    3.0296048260223323e-07
10230    3.023262823334503e-07
10240    3.0169402868068706e-07
10250    3.010637140163135e-07
10260    3.004353307486827e-07
10270    2.99808871321934e-07
10280    2.991843282157969e-07
10290    2.9856169394539734e-07
10300    2.9794096106106263e-07
10310    2.973221221481309e-07
10320    2.967051698267594e-07
10330    2.9609009675173394e-07
10340    2.954768956122819e-07
10350    2.9486555913188343e-07
10360    2.942560800680852e-07
10370    2.936484512123155e-07
10380    2.930426653897008e-07
10390    2.924387154588811e-07
10400    2.918365943118299e-07
10410    2.912362948736723e-07
10420    2.9063781010250656e-07
10430    2.9004113298922416e-07
10440    2.894462565573336e-07
10450    2.888531738627839e-07
10460    2.8826187799378886e-07
10470    2.8767236207065327e-07
10480    2.8708461924560004e-07
10490    2.8649864270259734e-07
10500    2.859144256571886e-07
10510    2.8533196135632256e-07
10520    2.8475124307818306e-07
10530    2.8417226413202273e-07
10540    2.835950178579952e-07
10550    2.830194976269897e-07
10560    2.824456968404661e-07
10570    2.818736089302907e-07
10580    2.8130322735857437e-07
10590    2.807345456175096e-07
10600    2.8016755722921017e-07
10610    2.7960225574555153e-07
10620    2.79038634748011e-07
10630    2.7847668784751103e-07
10640    2.779164086842612e-07
10650    2.773577909276022e-07
10660    2.768008282758516e-07
10670    2.762455144561487e-07
10680    2.756918432243017e-07
10690    2.7513980836463546e-07
10700    2.7458940368879574e-07
10710    2.740406229797267e-07
10720    2.7349345996427676e-07
10730    2.7294790839217186e-07
10740    2.724039620428837e-07
10750    2.7186161472546115e-07
10760    2.713208602783635e-07
10770    2.7078169256929586e-07
10780    2.7024410549504367e-07
10790    2.6970809298131023e-07
10800    2.6917364898255374e-07
10810    2.6864076748182625e-07
10820    2.681094424906135e-07
10830    2.6757966804867584e-07
10840    2.6705143822388936e-07
10850    2.665247471120899e-07
10860    2.659995888369159e-07
10870    2.654759575496539e-07
10880    2.6495384742908405e-07
10890    2.6443325268132713e-07
10900    2.6391416753969235e-07
10910    2.633965862645266e-07
10920    2.6288050314306297e-07
10930    2.623659124892734e-07
10940    2.618528086437187e-07
10950    2.613411859734021e-07
10960    2.608310388716227e-07
10970    2.603223617578299e-07
10980    2.5981514907747867e-07
10990    2.593093953018869e-07
11000    2.588050949280912e-07
11010    2.5830224247870634e-07
11020    2.578008325017836e-07
11030    2.573008595706715e-07
11040    2.568023182838761e-07
11050    2.5630520326492275e-07
11060    2.558095091622194e-07
11070    2.5531523064891924e-07
11080    2.548223624227858e-07
11090    2.543308992060583e-07
11100    2.538408357453164e-07
11110    2.5335216681134893e-07
11120    2.528648871990207e-07
11130    2.5237899172714113e-07
11140    2.5189447523833405e-07
11150    2.514113325989073e-07
11160    2.509295586987249e-07
11170    2.5044914845107803e-07
11180    2.499700967925577e-07
11190    2.4949239868292885e-07
11200    2.4901604910500435e-07
11210    2.485410430645197e-07
11220    2.4806737559000957e-07
11230    2.475950417326839e-07
11240    2.471240365663054e-07
11250    2.4665435518706815e-07
11260    2.461859927134756e-07
11270    2.4571894428622115e-07
11280    2.452532050680683e-07
11290    2.4478877024373124e-07
11300    2.443256350197579e-07
11310    2.4386379462441147e-07
11320    2.4340324430755447e-07
11330    2.4294397934053267e-07
11340    2.4248599501605956e-07
11350    2.4202928664810224e-07
11360    2.4157384957176804e-07
11370    2.4111967914319005e-07
11380    2.4066677073941665e-07
11390    2.4021511975829814e-07
11400    2.397647216183768e-07
11410    2.393155717587764e-07
11420    2.3886766563909183e-07
11430    2.3842099873928126e-07
11440    2.3797556655955748e-07
11450    2.375313646202794e-07
11460    2.370883884618467e-07
11470    2.36646633644592e-07
11480    2.3620609574867606e-07
11490    2.35766770373983e-07
11500    2.3532865314001475e-07
11510    2.348917396857887e-07
11520    2.3445602566973363e-07
11530    2.3402150676958794e-07
11540    2.335881786822972e-07
11550    2.3315603712391317e-07
11560    2.3272507782949346e-07
11570    2.3229529655300136e-07
11580    2.3186668906779462e-07
11590    2.314392512141985e-07
11600    2.3101297893376256e-07
11610    2.3058786819316748e-07
11620    2.301639149757936e-07
11630    2.2974111528164104e-07
11640    2.293194651272513e-07
11650    2.2889896054562763e-07
11660    2.2847959758615655e-07
11670    2.280613723145307e-07
11680    2.2764428081266994e-07
11690    2.2722831917864544e-07
11700    2.2681348352660196e-07
11710    2.2639976998668184e-07
11720    2.2598717470494923e-07
11730    2.2557569384331416e-07
11740    2.251653235794574e-07
11750    2.2475606010675642e-07
11760    2.2434789963420975e-07
11770    2.2394083838636413e-07
11780    2.2353487260324078e-07
11790    2.231299985402614e-07
11800    2.227262124681764e-07
11810    2.22323510672992e-07
11820    2.2192188945589832e-07
11830    2.2152134513319754e-07
11840    2.21121874036233e-07
11850    2.207234725113182e-07
11860    2.203261369196659e-07
11870    2.1992986363731867e-07
11880    2.195346490550786e-07
11890    2.1914048957843826e-07
11900    2.1874738162751144e-07
11910    2.1835532163696451e-07
11920    2.1796430605594825e-07
11930    2.1757433134802977e-07
11940    2.171853939911253e-07
11950    2.1679749047743217e-07
11960    2.1641061731336297e-07
11970    2.1602477101947818e-07
11980    2.1563994813042043e-07
11990    2.152561451948487e-07
12000    2.1487335877537266e-07
12010    2.1449158544848763e-07
12020    2.1411082180450974e-07
12030    2.137310644475116e-07
12040    2.1335230999525823e-07
12050    2.1297455507914299e-07
12060    2.125977963441244e-07
12070    2.1222203044866314e-07
12080    2.118472540646588e-07
12090    2.1147346387738795e-07
12100    2.111006565854421e-07
12110    2.107288289006649e-07
12120    2.1035797754809202e-07
12130    2.0998809926588897e-07
12140    2.0961919080529102e-07
12150    2.0925124893054214e-07
12160    2.0888427041883485e-07
12170    2.0851825206025067e-07
12180    2.0815319065770036e-07
12190    2.077890830268645e-07
12200    2.0742592599613471e-07
12210    2.0706371640655507e-07
12220    2.0670245111176363e-07
12230    2.0634212697793436e-07
12240    2.0598274088371928e-07
12250    2.0562428972019165e-07
12260    2.052667703907881e-07
12270    2.049101798112519e-07
12280    2.045545149095768e-07
12290    2.0419977262595047e-07
12300    2.0384594991269842e-07
12310    2.034930437342288e-07
12320    2.0314105106697646e-07
12330    2.027899688993481e-07
12340    2.024397942316676e-07
12350    2.0209052407612105e-07
12360    2.0174215545670295e-07
12370    2.0139468540916179e-07
12380    2.0104811098094686e-07
12390    2.0070242923115446e-07
12400    2.0035763723047473e-07
12410    2.0001373206113898e-07
12420    1.9967071081686716e-07
12430    1.9932857060281493e-07
12440    1.9898730853552249e-07
12450    1.9864692174286192e-07
12460    1.983074073639864e-07
12470    1.9796876254927834e-07
12480    1.976309844602986e-07
12490    1.9729407026973604e-07
12500    1.969580171613563e-07
12510    1.9662282232995254e-07
12520    1.9628848298129468e-07
12530    1.959549963319791e-07
12540    1.956223595917019e-07
12550    1.9529056994323365e-07
12560    1.9495962457587785e-07
12570    1.946295206903559e-07
12580    1.94300255498752e-07
12590    1.9397182622445888e-07
12600    1.9364423010212409e-07
12610    1.9331746437759561e-07
12620    1.9299152630786896e-07
12630    1.926664131610335e-07
12640    1.9234212221622015e-07
12650    1.9201865076354797e-07
12660    1.916959961040725e-07
12670    1.9137415554973374e-07
12680    1.910531264233038e-07
12690    1.9073290605833584e-07
12700    1.9041349179911326e-07
12710    1.90094881000598e-07
12720    1.897770710283804e-07
12730    1.8946005925862892e-07
12740    1.8914384307803956e-07
12750    1.888284198837867e-07
12760    1.885137870834733e-07
12770    1.8819994209508133e-07
12780    1.8788688234692303e-07
12790    1.8757460527759253e-07
12800    1.8726310833591667e-07
12810    1.8695238898090737e-07
12820    1.866424446817133e-07
12830    1.8633327291757251e-07
12840    1.8602487117776488e-07
12850    1.8571723696156486e-07
12860    1.8541036777819447e-07
12870    1.8510426114677719e-07
12880    1.8479891459629075e-07
12890    1.8449432566552154e-07
12900    1.841904919030184e-07
12910    1.8388741086704724e-07
12920    1.8358508012554543e-07
12930    1.8328349725607645e-07
12940    1.829826598457853e-07
12950    1.8268256549135379e-07
12960    1.8238321179895565e-07
12970    1.820845963842128e-07
12980    1.8178671687215117e-07
12990    1.8148957089715686e-07
13000    1.8119315610293294e-07
13010    1.8089747014245566e-07
13020    1.8060251067793213e-07
13030    1.8030827538075668e-07
13040    1.8001476193146894e-07
13050    1.7972196801971121e-07
13060    1.7942989134418608e-07
13070    1.7913852961261514e-07
13080    1.7884788054169658e-07
13090    1.7855794185706428e-07
13100    1.782687112932463e-07
13110    1.7798018659362366e-07
13120    1.7769236551039016e-07
13130    1.774052458045111e-07
13140    1.7711882524568327e-07
13150    1.7683310161229476e-07
13160    1.7654807269138482e-07
13170    1.7626373627860432e-07
13180    1.759800901781762e-07
13190    1.7569713220285588e-07
13200    1.7541486017389246e-07
13210    1.7513327192098987e-07
13220    1.7485236528226773e-07
13230    1.745721381042232e-07
13240    1.7429258824169272e-07
13250    1.7401371355781337e-07
13260    1.7373551192398606e-07
13270    1.7345798121983636e-07
13280    1.7318111933317843e-07
13290    1.7290492415997672e-07
13300    1.7262939360430944e-07
13310    1.7235452557833097e-07
13320    1.7208031800223638e-07
13330    1.7180676880422322e-07
13340    1.7153387592045673e-07
13350    1.712616372950326e-07
13360    1.7099005087994168e-07
13370    1.707191146350339e-07
13380    1.7044882652798258e-07
13390    1.7017918453424947e-07
13400    1.69910186637049e-07
13410    1.6964183082731367e-07
13420    1.6937411510365898e-07
13430    1.691070374723486e-07
13440    1.6884059594726035e-07
13450    1.6857478854985153e-07
13460    1.6830961330912476e-07
13470    1.6804506826159416e-07
13480    1.677811514512518e-07
13490    1.675178609295334e-07
13500    1.6725519475528566e-07
13510    1.669931509947325e-07
13520    1.6673172772144205e-07
13530    1.664709230162941e-07
13540    1.662107349674467e-07
13550    1.6595116167030432e-07
13560    1.6569220122779142e-07
13570    1.6543385175600098e-07
13580    1.6517611138355492e-07
13590    1.6491897824626776e-07
13600    1.6466245048691545e-07
13610    1.6440652625520478e-07
13620    1.6415120370774271e-07
13630    1.6389648100800637e-07
13640    1.6364235632631282e-07
13650    1.6338882783978938e-07
13660    1.6313589373234346e-07
13670    1.6288355219463322e-07
13680    1.6263180142403794e-07
13690    1.6238063962462882e-07
13700    1.621300650071393e-07
13710    1.6188007578893686e-07
13720    1.6163067019399328e-07
13730    1.6138184645285648e-07
13740    1.6113360280262137e-07
13750    1.6088593748690197e-07
13760    1.606388487558026e-07
13770    1.6039233486588982e-07
13780    1.601463940801645e-07
13790    1.5990102466803374e-07
13800    1.5965622490528322e-07
13810    1.5941199307404947e-07
13820    1.591683274627926e-07
13830    1.5892522636626846e-07
13840    1.5868268808550183e-07
13850    1.584407109277594e-07
13860    1.5819929320652239e-07
13870    1.5795843324145995e-07
13880    1.5771812935840262e-07
13890    1.5747837988931548e-07
13900    1.5723918317227213e-07
13910    1.570005375514277e-07
13920    1.5676244137699345e-07
13930    1.5652489300521033e-07
13940    1.5628789079832307e-07
13950    1.5605143312455446e-07
13960    1.558155183580797e-07
13970    1.555801448790009e-07
13980    1.5534531107332164e-07
13990    1.5511101533292153e-07
14000    1.5487725605553147e-07
14010    1.5464403164470814e-07
14020    1.5441134050980945e-07
14030    1.5417918106596956e-07
14040    1.539475517340742e-07
14050    1.537164509407363e-07
14060    1.534858771182714e-07
14070    1.5325582870467343e-07
14080    1.5302630414359046e-07
14090    1.527973018843006e-07
14100    1.525688203816882e-07
14110    1.523408580962201e-07
14120    1.521134134939213e-07
14130    1.5188648504635213e-07
14140    1.5166007123058443e-07
14150    1.51434170529178e-07
14160    1.5120878143015757e-07
14170    1.5098390242698964e-07
14180    1.507595320185594e-07
14190    1.5053566870914787e-07
14200    1.5031231100840875e-07
14210    1.500894574313464e-07
14220    1.498671064982925e-07
14230    1.4964525673488403e-07
14240    1.494239066720409e-07
14250    1.4920305484594335e-07
14260    1.4898269979801007e-07
14270    1.4876284007487625e-07
14280    1.4854347422837113e-07
14290    1.4832460081549694e-07
14300    1.4810621839840635e-07
14310    1.4788832554438135e-07
14320    1.4767092082581173e-07
14330    1.4745400282017327e-07
14340    1.4723757011000686e-07
14350    1.4702162128289705e-07
14360    1.46806154931451e-07
14370    1.4659116965327744e-07
14380    1.4637666405096577e-07
14390    1.4616263673206523e-07
14400    1.4594908630906438e-07
14410    1.4573601139937002e-07
14420    1.4552341062528724e-07
14430    1.453112826139986e-07
14440    1.450996259975441e-07
14450    1.4488843941280058e-07
14460    1.446777215014621e-07
14470    1.4446747091001938e-07
14480    1.442576862897403e-07
14490    1.4404836629664992e-07
14500    1.438395095915105e-07
14510    1.4363111483980237e-07
14520    1.434231807117037e-07
14530    1.4321570588207173e-07
14540    1.4300868903042277e-07
14550    1.4280212884091353e-07
14560    1.425960240023214e-07
14570    1.423903732080257e-07
14580    1.4218517515598834e-07
14590    1.4198042854873555e-07
14600    1.417761320933381e-07
14610    1.415722845013935e-07
14620    1.413688844890067e-07
14630    1.4116593077677185e-07
14640    1.4096342208975377e-07
14650    1.4076135715746946e-07
14660    1.4055973471386994e-07
14670    1.403585534973519e-07
14680    1.401578122511046e-07
14690    1.3995750972297227e-07
14700    1.397576446651597e-07
14710    1.395582158342088e-07
14720    1.3935922199098062e-07
14730    1.3916066190063766e-07
14740    1.389625343326265e-07
14750    1.3876483806066024e-07
14760    1.38567571862701e-07
14770    1.3837073452094263e-07
14780    1.3817432482179352e-07
14790    1.379783415558595e-07
14800    1.377827835179267e-07
14810    1.3758764950694435e-07
14820    1.3739293832600816e-07
14830    1.3719864878234332e-07
14840    1.370047796872878e-07
14850    1.3681132985627558e-07
14860    1.3661829810882005e-07
14870    1.3642568326849766e-07
14880    1.3623348416293116e-07
14890    1.3604169962377345e-07
14900    1.3585032848669122e-07
14910    1.356593695913487e-07
14920    1.3546882178139146e-07
14930    1.352786839044306e-07
14940    1.3508895481202613e-07
14950    1.3489963335967188e-07
14960    1.3471071840677895e-07
14970    1.3452220881666028e-07
14980    1.3433410345651489e-07
14990    1.3414640119741208e-07
15000    1.3395910091427612e-07
15010    1.3377220148587065e-07
15020    1.3358570179478302e-07
15030    1.3339960072740942e-07
15040    1.3321389717393924e-07
15050    1.3302859002833988e-07
15060    1.3284367818834184e-07
15070    1.3265916055542332e-07
15080    1.3247503603479558e-07
15090    1.322913035353878e-07
15100    1.3210796196983213e-07
15110    1.319250102544492e-07
15120    1.3174244730923298e-07
15130    1.3156027205783655e-07
15140    1.3137848342755722e-07
15150    1.3119708034932203e-07
15160    1.310160617576735e-07
15170    1.30835426590755e-07
15180    1.306551737902965e-07
15190    1.304753023016003e-07
15200    1.3029581107352698e-07
15210    1.3011669905848092e-07
15220    1.2993796521239675e-07
15230    1.2975960849472473e-07
15240    1.295816278684174e-07
15250    1.2940402229991535e-07
15260    1.2922679075913327e-07
15270    1.2904993221944678e-07
15280    1.2887344565767822e-07
15290    1.286973300540831e-07
15300    1.2852158439233673e-07
15310    1.2834620765952054e-07
15320    1.2817119884610883e-07
15330    1.2799655694595508e-07
15340    1.2782228095627902e-07
15350    1.2764836987765297e-07
15360    1.2747482271398907e-07
15370    1.2730163847252564e-07
15380    1.2712881616381463e-07
15390    1.2695635480170806e-07
15400    1.267842534033455e-07
15410    1.2661251098914106e-07
15420    1.2644112658277034e-07
15430    1.2627009921115787e-07
15440    1.260994279044642e-07
15450    1.2592911169607335e-07
15460    1.2575914962258022e-07
15470    1.255895407237779e-07
15480    1.2542028404264527e-07
15490    1.2525137862533455e-07
15500    1.2508282352115875e-07
15510    1.2491461778257966e-07
15520    1.2474676046519505e-07
15530    1.2457925062772712e-07
15540    1.2441208733200977e-07
15550    1.242452696429767e-07
15560    1.240787966286494e-07
15570    1.239126673601249e-07
15580    1.2374688091156425e-07
15590    1.235814363601802e-07
15600    1.2341633278622534e-07
15610    1.2325156927298077e-07
15620    1.2308714490674397e-07
15630    1.2292305877681703e-07
15640    1.2275930997549532e-07
15650    1.2259589759805578e-07
15660    1.2243282074274525e-07
15670    1.222700785107692e-07
15680    1.2210767000628005e-07
15690    1.2194559433636608e-07
15700    1.217838506110399e-07
15710    1.2162243794322712e-07
15720    1.214613554487553e-07
15730    1.213006022463427e-07
15740    1.2114017745758702e-07
15750    1.2098008020695454e-07
15760    1.2082030962176885e-07
15770    1.2066086483220006e-07
15780    1.2050174497125377e-07
15790    1.203429491747601e-07
15800    1.201844765813631e-07
15810    1.2002632633250965e-07
15820    1.1986849757243892e-07
15830    1.1971098944817156e-07
15840    1.1955380110949918e-07
15850    1.1939693170897357e-07
15860    1.1924038040189638e-07
15870    1.1908414634618149e-07
15880    1.189282287016219e-07
15890    1.1877262663038768e-07
15900    1.1861733929736735e-07
15910    1.1846236587015896e-07
15920    1.1830770551905953e-07
15930    1.1815335741705459e-07
15940    1.1799932073980816e-07
15950    1.1784559466565236e-07
15960    1.1769217837557738e-07
15970    1.1753907105322098e-07
15980    1.1738627188485888e-07
15990    1.1723378005939439e-07
16000    1.1708159476834838e-07
16010    1.1692971520584957e-07
16020    1.1677814056862443e-07
16030    1.1662687005598706e-07
16040    1.1647590286982998e-07
16050    1.1632523821461374e-07
16060    1.1617487529735747e-07
16070    1.1602481332762916e-07
16080    1.1587505151753583e-07
16090    1.1572558908171404e-07
16100    1.1557642523732043e-07
16110    1.1542755920402184e-07
16120    1.1527899020398615e-07
16130    1.1513071746187258e-07
16140    1.1498274020482248e-07
16150    1.148350576624498e-07
16160    1.1468766906683179e-07
16170    1.1454057365249983e-07
16180    1.1439377065642999e-07
16190    1.1424725931803385e-07
16200    1.1410103887914954e-07
16210    1.1395510858403234e-07
16220    1.1380946767934565e-07
16230    1.1366411541415214e-07
16240    1.1351905103990444e-07
16250    1.133742738104363e-07
16260    1.1322978298195381e-07
16270    1.1308557781302606e-07
16280    1.1294165756457685e-07
16290    1.1279802149987545e-07
16300    1.1265466888452792e-07
16310    1.1251159898646847e-07
16320    1.1236881107595062e-07
16330    1.122263044255385e-07
16340    1.1208407831009853e-07
16350    1.1194213200679037e-07
16360    1.118004647950587e-07
16370    1.1165907595662441e-07
16380    1.1151796477547646e-07
16390    1.1137713053786329e-07
16400    1.1123657253228415e-07
16410    1.1109629004948107e-07
16420    1.1095628238243043e-07
16430    1.1081654882633449e-07
16440    1.1067708867861325e-07
16450    1.1053790123889628e-07
16460    1.1039898580901444e-07
16470    1.1026034169299162e-07
16480    1.1012196819703679e-07
16490    1.0998386462953583e-07
16500    1.0984603030104331e-07
16510    1.0970846452427476e-07
16520    1.095711666140985e-07
16530    1.0943413588752769e-07
16540    1.0929737166371244e-07
16550    1.0916087326393184e-07
16560    1.0902464001158618e-07
16570    1.0888867123218923e-07
16580    1.0875296625336007e-07
16590    1.0861752440481583e-07
16600    1.0848234501836367e-07
16610    1.0834742742789304e-07
16620    1.0821277096936819e-07
16630    1.0807837498082051e-07
16640    1.0794423880234074e-07
16650    1.0781036177607175e-07
16660    1.0767674324620071e-07
16670    1.0754338255895172e-07
16680    1.0741027906257837e-07
16690    1.0727743210735613e-07
16700    1.0714484104557514e-07
16710    1.0701250523153291e-07
16720    1.0688042402152653e-07
16730    1.0674859677384597e-07
16740    1.066170228487662e-07
16750    1.0648570160854044e-07
16760    1.0635463241739265e-07
16770    1.0622381464151042e-07
16780    1.0609324764903776e-07
16790    1.0596293081006816e-07
16800    1.0583286349663716e-07
16810    1.057030450827156e-07
16820    1.0557347494420232e-07
16830    1.0544415245891742e-07
16840    1.053150770065951e-07
16850    1.0518624796887662e-07
16860    1.0505766472930357e-07
16870    1.04929326673311e-07
16880    1.0480123318822029e-07
16890    1.0467338366323254e-07
16900    1.0454577748942175e-07
16910    1.0441841405972791e-07
16920    1.0429129276895038e-07
16930    1.0416441301374107e-07
16940    1.0403777419259776e-07
16950    1.0391137570585766e-07
16960    1.037852169556902e-07
16970    1.0365929734609113e-07
16980    1.0353361628287534e-07
16990    1.0340817317367075e-07
17000    1.0328296742791145e-07
17010    1.031579984568313e-07
17020    1.0303326567345762e-07
17030    1.0290876849260439e-07
17040    1.0278450633086625e-07
17050    1.0266047860661175e-07
17060    1.0253668473997713e-07
17070    1.0241312415286e-07
17080    1.0228979626891294e-07
17090    1.0216670051353728e-07
17100    1.0204383631387682e-07
17110    1.0192120309881146e-07
17120    1.0179880029895127e-07
17130    1.0167662734663006e-07
17140    1.015546836758992e-07
17150    1.0143296872252168e-07
17160    1.0131148192396034e-07
17170    1.0119022271916727e-07
17180    1.0106919054851868e-07
17190    1.009483848540641e-07
17200    1.0082780507953855e-07
17210    1.0070745067035618e-07
17220    1.0058732107360436e-07
17230    1.0046741573803808e-07
17240    1.0034773411407339e-07
17250    1.0022827565378203e-07
17260    1.0010903981088524e-07
17270    9.999002604074794e-08
17280    9.987123380037297e-08
17290    9.975266254839525e-08
17300    9.963431174507581e-08
17310    9.951618085229619e-08
17320    9.939826933355284e-08
17330    9.928057665395094e-08
17340    9.916310228019915e-08
17350    9.904584568060358e-08
17360    9.892880632506244e-08
17370    9.881198368506023e-08
17380    9.869537723366213e-08
17390    9.857898644550843e-08
17400    9.846281079680901e-08
17410    9.834684976533774e-08
17420    9.823110283042707e-08
17430    9.81155694729623e-08
17440    9.800024917537637e-08
17450    9.788514142164427e-08
17460    9.777024569727757e-08
17470    9.765556148931916e-08
17480    9.75410882863378e-08
17490    9.74268255784225e-08
17500    9.731277285717767e-08
17510    9.719892961571737e-08
17520    9.708529534866024e-08
17530    9.697186955212426e-08
17540    9.685865172372111e-08
17550    9.674564136255148e-08
17560    9.663283796919939e-08
17570    9.652024104572735e-08
17580    9.640785009567097e-08
17590    9.629566462403377e-08
17600    9.61836841372823e-08
17610    9.607190814334078e-08
17620    9.596033615158615e-08
17630    9.584896767284291e-08
17640    9.57378022193781e-08
17650    9.562683930489639e-08
17660    9.551607844453483e-08
17670    9.540551915485811e-08
17680    9.529516095385339e-08
17690    9.518500336092552e-08
17700    9.507504589689191e-08
17710    9.49652880839779e-08
17720    9.485572944581154e-08
17730    9.474636950741908e-08
17740    9.463720779521977e-08
17750    9.452824383702124e-08
17760    9.44194771620146e-08
17770    9.431090730076983e-08
17780    9.420253378523063e-08
17790    9.409435614871011e-08
17800    9.398637392588566e-08
17810    9.387858665279455e-08
17820    9.377099386682905e-08
17830    9.36635951067317e-08
17840    9.355638991259089e-08
17850    9.344937782583601e-08
17860    9.334255838923284e-08
17870    9.323593114687909e-08
17880    9.312949564419959e-08
17890    9.302325142794198e-08
17900    9.291719804617182e-08
17910    9.281133504826855e-08
17920    9.27056619849204e-08
17930    9.260017840812042e-08
17940    9.249488387116161e-08
17950    9.238977792863267e-08
17960    9.228486013641336e-08
17970    9.21801300516704e-08
17980    9.20755872328528e-08
17990    9.197123123968759e-08
18000    9.186706163317515e-08
18010    9.176307797558534e-08
18020    9.165927983045292e-08
18030    9.155566676257312e-08
18040    9.145223833799744e-08
18050    9.134899412402938e-08
18060    9.124593368922016e-08
18070    9.114305660336437e-08
18080    9.104036243749613e-08
18090    9.093785076388407e-08
18100    9.0835521156028e-08
18110    9.073337318865409e-08
18120    9.063140643771096e-08
18130    9.05296204803657e-08
18140    9.042801489499928e-08
18150    9.032658926120289e-08
18160    9.022534315977344e-08
18170    9.012427617270977e-08
18180    9.002338788320832e-08
18190    8.992267787565935e-08
18200    8.98221457356428e-08
18210    8.972179104992385e-08
18220    8.96216134064497e-08
18230    8.952161239434494e-08
18240    8.942178760390774e-08
18250    8.932213862660606e-08
18260    8.922266505507339e-08
18270    8.912336648310511e-08
18280    8.902424250565434e-08
18290    8.892529271882829e-08
18300    8.882651671988406e-08
18310    8.872791410722499e-08
18320    8.862948448039678e-08
18330    8.853122744008357e-08
18340    8.84331425881041e-08
18350    8.833522952740804e-08
18360    8.823748786207202e-08
18370    8.813991719729593e-08
18380    8.80425171393991e-08
18390    8.794528729581672e-08
18400    8.784822727509576e-08
18410    8.775133668689164e-08
18420    8.765461514196429e-08
18430    8.755806225217429e-08
18440    8.746167763047962e-08
18450    8.73654608909316e-08
18460    8.72694116486715e-08
18470    8.717352951992678e-08
18480    8.707781412200737e-08
18490    8.698226507330215e-08
18500    8.688688199327554e-08
18510    8.679166450246357e-08
18520    8.669661222247051e-08
18530    8.660172477596524e-08
18540    8.650700178667786e-08
18550    8.64124428793959e-08
18560    8.631804767998049e-08
18570    8.622381581567863e-08
18580    8.612974691506418e-08
18590    8.603584060775897e-08
18600    8.594209652441993e-08
18610    8.584851429673585e-08
18620    8.575509355742403e-08
18630    8.566183394022684e-08
18640    8.556873507990828e-08
18650    8.547579661225061e-08
18660    8.53830181740512e-08
18670    8.529039940311891e-08
18680    8.519793993827093e-08
18690    8.510563941932931e-08
18700    8.501349748711783e-08
18710    8.492151378345874e-08
18720    8.482968795116914e-08
18730    8.473801963405823e-08
18740    8.464650847692334e-08
18750    8.455515412554758e-08
18760    8.446395622669587e-08
18770    8.437291442811201e-08
18780    8.428202837851561e-08
18790    8.419129772759858e-08
18800    8.410072212602208e-08
18810    8.401030122541358e-08
18820    8.392003467836331e-08
18830    8.382992213842138e-08
18840    8.373996326009459e-08
18850    8.365015769884314e-08
18860    8.356050511107788e-08
18870    8.347100515415682e-08
18880    8.338165748638229e-08
18890    8.329246176699783e-08
18900    8.320341765618491e-08
18910    8.311452481506017e-08
18920    8.30257829056723e-08
18930    8.293719159099886e-08
18940    8.284875053494344e-08
18950    8.276045940233257e-08
18960    8.267231785891266e-08
18970    8.258432557134718e-08
18980    8.249648220721348e-08
18990    8.240878743500006e-08
19000    8.232124092410345e-08
19010    8.223384234482522e-08
19020    8.214659136836924e-08
19030    8.205948766683867e-08
19040    8.197253091323304e-08
19050    8.188572078144527e-08
19060    8.1799056946259e-08
19070    8.171253908334547e-08
19080    8.162616686926084e-08
19090    8.153993998144318e-08
19100    8.145385809820987e-08
19110    8.136792089875444e-08
19120    8.128212806314392e-08
19130    8.119647927231618e-08
19140    8.11109742080768e-08
19150    8.102561255309652e-08
19160    8.09403939909084e-08
19170    8.085531820590496e-08
19180    8.077038488333554e-08
19190    8.068559370930345e-08
19200    8.060094437076346e-08
19210    8.051643655551867e-08
19220    8.043206995221808e-08
19230    8.034784425035384e-08
19240    8.026375914025849e-08
19250    8.01798143131023e-08
19260    8.009600946089071e-08
19270    8.001234427646129e-08
19280    7.992881845348152e-08
19290    7.984543168644582e-08
19300    7.976218367067323e-08
19310    7.967907410230435e-08
19320    7.959610267829915e-08
19330    7.9513269096434e-08
19340    7.943057305529927e-08
19350    7.934801425429675e-08
19360    7.926559239363696e-08
19370    7.918330717433671e-08
19380    7.910115829821628e-08
19390    7.90191454678972e-08
19400    7.893726838679945e-08
19410    7.885552675913913e-08
19420    7.877392028992563e-08
19430    7.869244868495946e-08
19440    7.861111165082945e-08
19450    7.852990889491053e-08
19460    7.84488401253609e-08
19470    7.836790505111999e-08
19480    7.82871033819055e-08
19490    7.82064348282113e-08
19500    7.812589910130478e-08
19510    7.804549591322449e-08
19520    7.79652249767778e-08
19530    7.788508600553823e-08
19540    7.780507871384312e-08
19550    7.77252028167914e-08
19560    7.764545803024093e-08
19570    7.75658440708063e-08
19580    7.748636065585641e-08
19590    7.740700750351189e-08
19600    7.732778433264309e-08
19610    7.724869086286737e-08
19620    7.71697268145471e-08
19630    7.709089190878694e-08
19640    7.701218586743181e-08
19650    7.693360841306444e-08
19660    7.685515926900303e-08
19670    7.677683815929903e-08
19680    7.669864480873479e-08
19690    7.662057894282128e-08
19700    7.65426402877957e-08
19710    7.646482857061944e-08
19720    7.638714351897563e-08
19730    7.630958486126691e-08
19740    7.62321523266133e-08
19750    7.61548456448497e-08
19760    7.607766454652392e-08
19770    7.600060876289437e-08
19780    7.592367802592778e-08
19790    7.58468720682971e-08
19800    7.577019062337908e-08
19810    7.569363342525244e-08
19820    7.56172002086953e-08
19830    7.554089070918328e-08
19840    7.546470466288726e-08
19850    7.538864180667107e-08
19860    7.53127018780895e-08
19870    7.523688461538616e-08
19880    7.516118975749113e-08
19890    7.508561704401926e-08
19900    7.50101662152675e-08
19910    7.493483701221312e-08
19920    7.485962917651167e-08
19930    7.478454245049459e-08
19940    7.470957657716729e-08
19950    7.463473130020723e-08
19960    7.45600063639613e-08
19970    7.448540151344447e-08
19980    7.441091649433713e-08
19990    7.433655105298335e-08
