100    1.5500055708893667e-07
110    1.5499876113674323e-07
120    1.5499679418883156e-07
130    1.5499465625811253e-07
140    1.5499234735861896e-07
150    1.5498986750550506e-07
160    1.5498721671504658e-07
170    1.549843950046401e-07
180    1.549814023928032e-07
190    1.5497823889917374e-07
200    1.549749045445099e-07
210    1.5497139935068962e-07
220    1.5496772334071047e-07
230    1.5496387653868882e-07
240    1.549598589698601e-07
250    1.5495567066057783e-07
260    1.5495131163831364e-07
270    1.5494678193165653e-07
280    1.549420815703124e-07
290    1.5493721058510373e-07
300    1.5493216900796926e-07
310    1.5492695687196284e-07
320    1.549215742112537e-07
330    1.5491602106112534e-07
340    1.5491029745797507e-07
350    1.5490440343931364e-07
360    1.5489833904376437e-07
370    1.5489210431106278e-07
380    1.5488569928205572e-07
390    1.5487912399870096e-07
400    1.5487237850406624e-07
410    1.548654628423288e-07
420    1.548583770587747e-07
430    1.5485112119979769e-07
440    1.5484369531289917e-07
450    1.5483609944668668e-07
460    1.5482833365087378e-07
470    1.5482039797627868e-07
480    1.5481229247482393e-07
490    1.548040171995352e-07
500    1.547955722045407e-07
510    1.547869575450701e-07
520    1.5477817327745385e-07
530    1.5476921945912225e-07
540    1.5476009614860417e-07
550    1.547508034055269e-07
560    1.5474134129061424e-07
570    1.5473170986568635e-07
580    1.5472190919365816e-07
590    1.547119393385389e-07
600    1.5470180036543065e-07
610    1.546914923405274e-07
620    1.5468101533111421e-07
630    1.5467036940556587e-07
640    1.5465955463334605e-07
650    1.54648571085006e-07
660    1.5463741883218347e-07
670    1.5462609794760168e-07
680    1.5461460850506798e-07
690    1.5460295057947295e-07
700    1.5459112424678886e-07
710    1.545791295840687e-07
720    1.5456696666944504e-07
730    1.5455463558212847e-07
740    1.545421364024066e-07
750    1.545294692116427e-07
760    1.5451663409227447e-07
770    1.5450363112781256e-07
780    1.5449046040283953e-07
790    1.5447712200300827e-07
800    1.544636160150407e-07
810    1.5444994252672642e-07
820    1.5443610162692137e-07
830    1.544220934055463e-07
840    1.544079179535856e-07
850    1.543935753630854e-07
860    1.5437906572715265e-07
870    1.5436438913995324e-07
880    1.5434954569671085e-07
890    1.5433453549370508e-07
900    1.5431935862827017e-07
910    1.5430401519879348e-07
920    1.542885053047138e-07
930    1.5427282904651999e-07
940    1.5425698652574896e-07
950    1.5424097784498475e-07
960    1.5422480310785632e-07
970    1.5420846241903615e-07
980    1.5419195588423864e-07
990    1.5417528361021837e-07
1000    1.5415844570476839e-07
1010    1.5414144227671875e-07
1020    1.5412427343593432e-07
1030    1.541069392933137e-07
1040    1.54089439960787e-07
1050    1.5407177555131411e-07
1060    1.540539461788833e-07
1070    1.5403595195850894e-07
1080    1.5401779300623018e-07
1090    1.5399946943910874e-07
1100    1.539809813752273e-07
1110    1.539623289336876e-07
1120    1.5394351223460853e-07
1130    1.5392453139912443e-07
1140    1.5390538654938287e-07
1150    1.5388607780854305e-07
1160    1.5386660530077378e-07
1170    1.5384696915125156e-07
1180    1.5382716948615855e-07
1190    1.538072064326806e-07
1200    1.5378708011900553e-07
1210    1.5376679067432071e-07
1220    1.537463382288115e-07
1230    1.5372572291365887e-07
1240    1.5370494486103747e-07
1250    1.5368400420411377e-07
1260    1.536629010770437e-07
1270    1.5364163561497077e-07
1280    1.5362020795402385e-07
1290    1.5359861823131524e-07
1300    1.535768665849383e-07
1310    1.5355495315396557e-07
1320    1.5353287807844646e-07
1330    1.5351064149940499e-07
1340    1.5348824355883802e-07
1350    1.5346568439971257e-07
1360    1.5344296416596388e-07
1370    1.5342008300249323e-07
1380    1.533970410551655e-07
1390    1.533738384708072e-07
1400    1.533504753972039e-07
1410    1.5332695198309824e-07
1420    1.5330326837818743e-07
1430    1.5327942473312116e-07
1440    1.5325542119949918e-07
1450    1.532312579298688e-07
1460    1.5320693507772295e-07
1470    1.531824527974974e-07
1480    1.5315781124456875e-07
1490    1.5313301057525187e-07
1500    1.5310805094679754e-07
1510    1.5308293251739002e-07
1520    1.5305765544614473e-07
1530    1.5303221989310573e-07
1540    1.5300662601924338e-07
1550    1.529808739864518e-07
1560    1.529549639575464e-07
1570    1.5292889609626143e-07
1580    1.5290267056724756e-07
1590    1.5287628753606932e-07
1600    1.5284974716920254e-07
1610    1.5282304963403183e-07
1620    1.5279619509884833e-07
1630    1.5276918373284664e-07
1640    1.5274201570612264e-07
1650    1.5271469118967087e-07
1660    1.526872103553819e-07
1670    1.5265957337603965e-07
1680    1.5263178042531884e-07
1690    1.5260383167778259e-07
1700    1.5257572730887942e-07
1710    1.5254746749494093e-07
1720    1.5251905241317888e-07
1730    1.524904822416826e-07
1740    1.5246175715941668e-07
1750    1.524328773462177e-07
1760    1.5240384298279187e-07
1770    1.5237465425071228e-07
1780    1.523453113324162e-07
1790    1.5231581441120237e-07
1800    1.5228616367122808e-07
1810    1.5225635929750663e-07
1820    1.522264014759045e-07
1830    1.5219629039313855e-07
1840    1.521660262367733e-07
1850    1.5213560919521806e-07
1860    1.5210503945772414e-07
1870    1.520743172143823e-07
1880    1.5204344265611934e-07
1890    1.5201241597469597e-07
1900    1.5198123736270335e-07
1910    1.519499070135608e-07
1920    1.5191842512151236e-07
1930    1.5188679188162447e-07
1940    1.5185500748978275e-07
1950    1.5182307214268912e-07
1960    1.517909860378591e-07
1970    1.517587493736188e-07
1980    1.5172636234910178e-07
1990    1.5169382516424663e-07
2000    1.5166113801979346e-07
2010    1.5162830111728147e-07
2020    1.5159531465904558e-07
2030    1.5156217884821374e-07
2040    1.515288938887038e-07
2050    1.5149545998522065e-07
2060    1.5146187734325323e-07
2070    1.514281461690713e-07
2080    1.513942666697228e-07
2090    1.5136023905303042e-07
2100    1.513260635275892e-07
2110    1.5129174030276265e-07
2120    1.5125726958868045e-07
2130    1.512226515962351e-07
2140    1.5118788653707882e-07
2150    1.5115297462362045e-07
2160    1.5111791606902273e-07
2170    1.5108271108719875e-07
2180    1.5104735989280925e-07
2190    1.5101186270125924e-07
2200    1.5097621972869507e-07
2210    1.509404311920013e-07
2220    1.5090449730879742e-07
2230    1.508684182974351e-07
2240    1.5083219437699464e-07
2250    1.5079582576728196e-07
2260    1.5075931268882572e-07
2270    1.507226553628738e-07
2280    1.5068585401139024e-07
2290    1.506489088570523e-07
2300    1.506118201232471e-07
2310    1.505745880340682e-07
2320    1.5053721281431296e-07
2330    1.5049969468947898e-07
2340    1.5046203388576086e-07
2350    1.5042423063004723e-07
2360    1.5038628514991748e-07
2370    1.5034819767363825e-07
2380    1.5030996843016062e-07
2390    1.5027159764911674e-07
2400    1.5023308556081632e-07
2410    1.5019443239624393e-07
2420    1.5015563838705514e-07
2430    1.5011670376557374e-07
2440    1.500776287647883e-07
2450    1.5003841361834887e-07
2460    1.499990585605638e-07
2470    1.499595638263963e-07
2480    1.4991992965146145e-07
2490    1.4988015627202254e-07
2500    1.4984024392498817e-07
2510    1.4980019284790866e-07
2520    1.4976000327897292e-07
2530    1.4971967545700499e-07
2540    1.4967920962146073e-07
2550    1.4963860601242484e-07
2560    1.495978648706071e-07
2570    1.4955698643733925e-07
2580    1.4951597095457172e-07
2590    1.4947481866487016e-07
2600    1.494335298114121e-07
2610    1.493921046379837e-07
2620    1.4935054338897646e-07
2630    1.4930884630938366e-07
2640    1.4926701364479716e-07
2650    1.49225045641404e-07
2660    1.491829425459831e-07
2670    1.4914070460590166e-07
2680    1.490983320691121e-07
2690    1.490558251841485e-07
2700    1.4901318420012333e-07
2710    1.4897040936672396e-07
2720    1.489275009342092e-07
2730    1.4888445915340619e-07
2740    1.4884128427570682e-07
2750    1.4879797655306434e-07
2760    1.4875453623799e-07
2770    1.487109635835496e-07
2780    1.4866725884336019e-07
2790    1.486234222715865e-07
2800    1.485794541229377e-07
2810    1.4853535465266397e-07
2820    1.4849112411655287e-07
2830    1.4844676277092618e-07
2840    1.4840227087263648e-07
2850    1.483576486790634e-07
2860    1.4831289644811058e-07
2870    1.482680144382021e-07
2880    1.4822300290827899e-07
2890    1.4817786211779583e-07
2900    1.4813259232671744e-07
2910    1.480871937955151e-07
2920    1.480416667851638e-07
2930    1.479960115571379e-07
2940    1.4795022837340836e-07
2950    1.4790431749643906e-07
2960    1.4785827918918344e-07
2970    1.4781211371508082e-07
2980    1.4776582133805335e-07
2990    1.477194023225022e-07
3000    1.476728569333043e-07
3010    1.4762618543580892e-07
3020    1.4757938809583395e-07
3030    1.475324651796628e-07
3040    1.4748541695404084e-07
3050    1.4743824368617168e-07
3060    1.473909456437142e-07
3070    1.4734352309477848e-07
3080    1.4729597630792315e-07
3090    1.4724830555215102e-07
3100    1.4720051109690641e-07
3110    1.471525932120712e-07
3120    1.4710455216796153e-07
3130    1.470563882353245e-07
3140    1.4700810168533424e-07
3150    1.469596927895891e-07
3160    1.469111618201078e-07
3170    1.4686250904932585e-07
3180    1.468137347500924e-07
3190    1.467648391956667e-07
3200    1.4671582265971454e-07
3210    1.4666668541630488e-07
3220    1.4661742773990632e-07
3230    1.4656804990538376e-07
3240    1.4651855218799479e-07
3250    1.464689348633864e-07
3260    1.464191982075914e-07
3270    1.4636934249702512e-07
3280    1.4631936800848157e-07
3290    1.4626927501913057e-07
3300    1.4621906380651395e-07
3310    1.4616873464854192e-07
3320    1.4611828782349014e-07
3330    1.4606772360999574e-07
3340    1.460170422870543e-07
3350    1.4596624413401608e-07
3360    1.459153294305829e-07
3370    1.458642984568042e-07
3380    1.458131514930743e-07
3390    1.4576188882012824e-07
3400    1.4571051071903883e-07
3410    1.4565901747121311e-07
3420    1.456074093583888e-07
3430    1.4555568666263092e-07
3440    1.4550384966632838e-07
3450    1.4545189865219067e-07
3460    1.4539983390324409e-07
3470    1.4534765570282874e-07
3480    1.4529536433459485e-07
3490    1.452429600824994e-07
3500    1.4519044323080272e-07
3510    1.4513781406406518e-07
3520    1.4508507286714347e-07
3530    1.4503221992518754e-07
3540    1.4497925552363713e-07
3550    1.449261799482181e-07
3560    1.4487299348493936e-07
3570    1.4481969642008922e-07
3580    1.4476628904023222e-07
3590    1.4471277163220548e-07
3600    1.4465914448311558e-07
3610    1.4460540788033498e-07
3620    1.4455156211149871e-07
3630    1.44497607464501e-07
3640    1.444435442274918e-07
3650    1.4438937268887364e-07
3660    1.4433509313729795e-07
3670    1.4428070586166196e-07
3680    1.4422621115110518e-07
3690    1.4417160929500616e-07
3700    1.44116900582979e-07
3710    1.4406208530486998e-07
3720    1.4400716375075453e-07
3730    1.439521362109334e-07
3740    1.4389700297592967e-07
3750    1.4384176433648534e-07
3760    1.4378642058355803e-07
3770    1.4373097200831737e-07
3780    1.4367541890214208e-07
3790    1.436197615566164e-07
3800    1.435640002635268e-07
3810    1.4350813531485885e-07
3820    1.4345216700279354e-07
3830    1.4339609561970447e-07
3840    1.43339921458154e-07
3850    1.4328364481089046e-07
3860    1.432272659708445e-07
3870    1.431707852311261e-07
3880    1.43114202885021e-07
3890    1.430575192259876e-07
3900    1.430007345476536e-07
3910    1.4294384914381285e-07
3920    1.428868633084221e-07
3930    1.428297773355974e-07
3940    1.4277259151961136e-07
3950    1.427153061548896e-07
3960    1.4265792153600746e-07
3970    1.4260043795768697e-07
3980    1.4254285571479354e-07
3990    1.424851751023326e-07
4000    1.4242739641544662e-07
4010    1.4236951994941165e-07
4020    1.423115459996343e-07
4030    1.4225347486164842e-07
4040    1.4219530683111205e-07
4050    1.4213704220380398e-07
4060    1.4207868127562083e-07
4070    1.4202022434257368e-07
4080    1.4196167170078494e-07
4090    1.4190302364648525e-07
4100    1.4184428047601027e-07
4110    1.4178544248579747e-07
4120    1.4172650997238308e-07
4130    1.4166748323239884e-07
4140    1.4160836256256897e-07
4150    1.4154914825970695e-07
4160    1.4148984062071232e-07
4170    1.4143043994256778e-07
4180    1.4137094652233596e-07
4190    1.4131136065715624e-07
4200    1.412516826442417e-07
4210    1.411919127808761e-07
4220    1.4113205136441067e-07
4230    1.410720986922611e-07
4240    1.4101205506190432e-07
4250    1.4095192077087582e-07
4260    1.4089169611676606e-07
4270    1.4083138139721775e-07
4280    1.407709769099228e-07
4290    1.4071048295261912e-07
4300    1.4064989982308763e-07
4310    1.4058922781914933e-07
4320    1.4052846723866215e-07
4330    1.4046761837951804e-07
4340    1.4040668153963982e-07
4350    1.4034565701697825e-07
4360    1.4028454510950927e-07
4370    1.4022334611523056e-07
4380    1.4016206033215882e-07
4390    1.4010068805832687e-07
4400    1.4003922959178048e-07
4410    1.3997768523057553e-07
4420    1.3991605527277503e-07
4430    1.3985434001644612e-07
4440    1.3979253975965743e-07
4450    1.3973065480047563e-07
4460    1.3966868543696288e-07
4470    1.3960663196717393e-07
4480    1.3954449468915282e-07
4490    1.3948227390093054e-07
4500    1.3941996990052181e-07
4510    1.3935758298592212e-07
4520    1.39295113455105e-07
4530    1.3923256160601923e-07
4540    1.3916992773658583e-07
4550    1.391072121446951e-07
4560    1.390444151282041e-07
4570    1.3898153698493354e-07
4580    1.3891857801266505e-07
4590    1.3885553850913843e-07
4600    1.387924187720485e-07
4610    1.3872921909904282e-07
4620    1.3866593978771835e-07
4630    1.386025811356192e-07
4640    1.3853914344023337e-07
4650    1.3847562699899012e-07
4660    1.3841203210925742e-07
4670    1.383483590683389e-07
4680    1.3828460817347127e-07
4690    1.382207797218215e-07
4700    1.3815687401048407e-07
4710    1.3809289133647835e-07
4720    1.3802883199674583e-07
4730    1.379646962881472e-07
4740    1.3790048450746016e-07
4750    1.3783619695137614e-07
4760    1.3777183391649801e-07
4770    1.3770739569933722e-07
4780    1.3764288259631123e-07
4790    1.375782949037407e-07
4800    1.375136329178471e-07
4810    1.3744889693474993e-07
4820    1.3738408725046378e-07
4830    1.373192041608964e-07
4840    1.3725424796184534e-07
4850    1.3718921894899583e-07
4860    1.3712411741791804e-07
4870    1.3705894366406448e-07
4880    1.369936979827672e-07
4890    1.3692838066923583e-07
4900    1.3686299201855425e-07
4910    1.3679753232567856e-07
4920    1.367320018854344e-07
4930    1.3666640099251433e-07
4940    1.3660072994147534e-07
4950    1.3653498902673634e-07
4960    1.364691785425757e-07
4970    1.3640329878312876e-07
4980    1.3633735004238512e-07
4990    1.3627133261418637e-07
5000    1.3620524679222355e-07
5010    1.3613909287003478e-07
5020    1.3607287114100254e-07
5030    1.3600658189835155e-07
5040    1.359402254351461e-07
5050    1.3587380204428766e-07
5060    1.3580731201851245e-07
5070    1.3574075565038923e-07
5080    1.356741332323166e-07
5090    1.356074450565207e-07
5100    1.35540691415053e-07
5110    1.3547387259978768e-07
5120    1.3540698890241937e-07
5130    1.3534004061446092e-07
5140    1.3527302802724068e-07
5150    1.352059514319006e-07
5160    1.3513881111939364e-07
5170    1.3507160738048152e-07
5180    1.350043405057324e-07
5190    1.3493701078551853e-07
5200    1.34869618510014e-07
5210    1.3480216396919267e-07
5220    1.3473464745282541e-07
5230    1.3466706925047827e-07
5240    1.3459942965150992e-07
5250    1.3453172894506983e-07
5260    1.3446396742009548e-07
5270    1.343961453653104e-07
5280    1.3432826306922235e-07
5290    1.342603208201202e-07
5300    1.3419231890607252e-07
5310    1.3412425761492524e-07
5320    1.3405613723429917e-07
5330    1.339879580515879e-07
5340    1.3391972035395703e-07
5350    1.3385142442837537e-07
5360    1.3378307056162172e-07
5370    1.3371465904024233e-07
5380    1.3364619015054624e-07
5390    1.3357766417860304e-07
5400    1.3350908141024073e-07
5410    1.3344044213104386e-07
5420    1.3337174662635108e-07
5430    1.3330299518125337e-07
5440    1.3323418808059194e-07
5450    1.3316532560895584e-07
5460    1.3309640805068035e-07
5470    1.3302743568984482e-07
5480    1.3295840881027033e-07
5490    1.328893276955182e-07
5500    1.3282019262888753e-07
5510    1.3275100389341335e-07
5520    1.3268176177186476e-07
5530    1.326124665467428e-07
5540    1.325431185002785e-07
5550    1.324737179144309e-07
5560    1.3240426507088515e-07
5570    1.3233476025105067e-07
5580    1.322652037360589e-07
5590    1.3219559580676179e-07
5600    1.3212593674372948e-07
5610    1.3205622682724861e-07
5620    1.3198646633732065e-07
5630    1.3191665555365945e-07
5640    1.3184679475568978e-07
5650    1.3177688422254558e-07
5660    1.3170692423306757e-07
5670    1.31636915065802e-07
5680    1.3156685699899834e-07
5690    1.3149675031060788e-07
5700    1.314265952782815e-07
5710    1.313563921793681e-07
5720    1.3128614129091281e-07
5730    1.3121584288965515e-07
5740    1.311454972520271e-07
5750    1.3107510465415175e-07
5760    1.3100466537184103e-07
5770    1.309341796805944e-07
5780    1.3086364785559676e-07
5790    1.30793070171717e-07
5800    1.3072244690350596e-07
5810    1.3065177832519523e-07
5820    1.3058106471069483e-07
5830    1.3051030633359211e-07
5840    1.304395034671495e-07
5850    1.303686563843033e-07
5860    1.302977653576619e-07
5870    1.302268306595038e-07
5880    1.301558525617765e-07
5890    1.3008483133609453e-07
5900    1.3001376725373784e-07
5910    1.2994266058565028e-07
5920    1.2987151160243806e-07
5930    1.298003205743678e-07
5940    1.2972908777136557e-07
5950    1.2965781346301467e-07
5960    1.2958649791855433e-07
5970    1.2951514140687833e-07
5980    1.2944374419653322e-07
5990    1.2937230655571693e-07
6000    1.293008287522769e-07
6010    1.2922931105370913e-07
6020    1.291577537271563e-07
6030    1.290861570394062e-07
6040    1.290145212568905e-07
6050    1.2894284664568317e-07
6060    1.2887113347149895e-07
6070    1.2879938199969186e-07
6080    1.2872759249525399e-07
6090    1.2865576522281374e-07
6100    1.2858390044663467e-07
6110    1.2851199843061376e-07
6120    1.2844005943828045e-07
6130    1.2836808373279468e-07
6140    1.2829607157694606e-07
6150    1.282240232331519e-07
6160    1.281519389634565e-07
6170    1.2807981902952915e-07
6180    1.280076636926633e-07
6190    1.279354732137747e-07
6200    1.278632478534005e-07
6210    1.2779098787169777e-07
6220    1.2771869352844208e-07
6230    1.2764636508302628e-07
6240    1.2757400279445934e-07
6250    1.2750160692136477e-07
6260    1.2742917772197947e-07
6270    1.2735671545415264e-07
6280    1.272842203753442e-07
6290    1.272116927426237e-07
6300    1.2713913281266918e-07
6310    1.2706654084176573e-07
6320    1.2699391708580435e-07
6330    1.269212618002808e-07
6340    1.2684857524029432e-07
6350    1.2677585766054645e-07
6360    1.267031093153397e-07
6370    1.266303304585768e-07
6380    1.2655752134375905e-07
6390    1.2648468222398534e-07
6400    1.2641181335195102e-07
6410    1.2633891497994688e-07
6420    1.2626598735985775e-07
6430    1.2619303074316154e-07
6440    1.261200453809281e-07
6450    1.260470315238182e-07
6460    1.2597398942208218e-07
6470    1.259009193255592e-07
6480    1.2582782148367584e-07
6490    1.2575469614544526e-07
6500    1.2568154355946615e-07
6510    1.2560836397392133e-07
6520    1.255351576365773e-07
6530    1.2546192479478259e-07
6540    1.2538866569546722e-07
6550    1.253153805851413e-07
6560    1.252420697098944e-07
6570    1.2516873331539426e-07
6580    1.250953716468859e-07
6590    1.2502198494919067e-07
6600    1.2494857346670528e-07
6610    1.248751374434007e-07
6620    1.2480167712282145e-07
6630    1.2472819274808448e-07
6640    1.246546845618782e-07
6650    1.2458115280646175e-07
6660    1.2450759772366396e-07
6670    1.2443401955488231e-07
6680    1.2436041854108233e-07
6690    1.2428679492279644e-07
6700    1.2421314894012317e-07
6710    1.2413948083272634e-07
6720    1.2406579083983412e-07
6730    1.2399207920023823e-07
6740    1.2391834615229292e-07
6750    1.2384459193391437e-07
6760    1.2377081678257985e-07
6770    1.236970209353266e-07
6780    1.2362320462875133e-07
6790    1.235493680990093e-07
6800    1.2347551158181352e-07
6810    1.2340163531243388e-07
6820    1.2332773952569664e-07
6830    1.2325382445598335e-07
6840    1.2317989033723012e-07
6850    1.231059374029272e-07
6860    1.2303196588611774e-07
6870    1.2295797601939748e-07
6880    1.2288396803491384e-07
6890    1.2280994216436505e-07
6900    1.2273589863899972e-07
6910    1.2266183768961596e-07
6920    1.225877595465607e-07
6930    1.2251366443972911e-07
6940    1.2243955259856374e-07
6950    1.2236542425205403e-07
6960    1.222912796287355e-07
6970    1.222171189566893e-07
6980    1.2214294246354112e-07
6990    1.220687503764612e-07
7000    1.2199454292216308e-07
7010    1.219203203269034e-07
7020    1.2184608281648113e-07
7030    1.2177183061623686e-07
7040    1.2169756395105244e-07
7050    1.216232830453501e-07
7060    1.2154898812309216e-07
7070    1.2147467940778024e-07
7080    1.2140035712245483e-07
7090    1.2132602148969464e-07
7100    1.2125167273161598e-07
7110    1.2117731106987253e-07
7120    1.2110293672565442e-07
7130    1.2102854991968794e-07
7140    1.209541508722349e-07
7150    1.2087973980309228e-07
7160    1.2080531693159152e-07
7170    1.2073088247659804e-07
7180    1.2065643665651108e-07
7190    1.2058197968926273e-07
7200    1.2050751179231778e-07
7210    1.204330331826733e-07
7220    1.203585440768577e-07
7230    1.2028404469093102e-07
7240    1.2020953524048385e-07
7250    1.2013501594063725e-07
7260    1.200604870060422e-07
7270    1.1998594865087912e-07
7280    1.1991140108885753e-07
7290    1.198368445332158e-07
7300    1.1976227919672035e-07
7310    1.196877052916657e-07
7320    1.196131230298738e-07
7330    1.195385326226937e-07
7340    1.1946393428100132e-07
7350    1.1938932821519895e-07
7360    1.1931471463521492e-07
7370    1.192400937505032e-07
7380    1.1916546577004328e-07
7390    1.1909083090233956e-07
7400    1.190161893554212e-07
7410    1.1894154133684175e-07
7420    1.1886688705367878e-07
7430    1.1879222671253377e-07
7440    1.1871756051953149e-07
7450    1.1864288868032007e-07
7460    1.185682114000704e-07
7470    1.184935288834761e-07
7480    1.1841884133475311e-07
7490    1.1834414895763942e-07
7500    1.1826945195539494e-07
7510    1.1819475053080114e-07
7520    1.181200448861608e-07
7530    1.1804533522329785e-07
7540    1.1797062174355713e-07
7550    1.1789590464780408e-07
7560    1.1782118413642469e-07
7570    1.177464604093251e-07
7580    1.1767173366593149e-07
7590    1.1759700410518993e-07
7600    1.175222719255662e-07
7610    1.1744753732504543e-07
7620    1.1737280050113221e-07
7630    1.1729806165085016e-07
7640    1.1722332097074186e-07
7650    1.1714857865686881e-07
7660    1.1707383490481109e-07
7670    1.1699908990966739e-07
7680    1.1692434386605476e-07
7690    1.1684959696810853e-07
7700    1.1677484940948214e-07
7710    1.1670010138334713e-07
7720    1.1662535308239289e-07
7730    1.1655060469882672e-07
7740    1.1647585642437354e-07
7750    1.1640110845027596e-07
7760    1.1632636096729414e-07
7770    1.1625161416570572e-07
7780    1.1617686823530575e-07
7790    1.1610212336540644e-07
7800    1.160273797448376e-07
7810    1.1595263756194596e-07
7820    1.1587789700459555e-07
7830    1.1580315826016764e-07
7840    1.1572842151556036e-07
7850    1.1565368695718913e-07
7860    1.1557895477098623e-07
7870    1.1550422514240115e-07
7880    1.1542949825640028e-07
7890    1.1535477429746707e-07
7900    1.1528005344960196e-07
7910    1.1520533589632245e-07
7920    1.1513062182066305e-07
7930    1.1505591140517533e-07
7940    1.1498120483192785e-07
7950    1.1490650228250654e-07
7960    1.1483180393801415e-07
7970    1.1475710997907084e-07
7980    1.1468242058581387e-07
7990    1.1460773593789795e-07
8000    1.1453305621449495e-07
8010    1.1445838159429425e-07
8020    1.1438371225550273e-07
8030    1.1430904837584475e-07
8040    1.1423439013256239e-07
8050    1.1415973770241533e-07
8060    1.1408509126168125e-07
8070    1.1401045098615559e-07
8080    1.1393581705115185e-07
8090    1.1386118963150168e-07
8100    1.1378656890155494e-07
8110    1.1371195503517986e-07
8120    1.1363734820576317e-07
8130    1.1356274858621016e-07
8140    1.1348815634894494e-07
8150    1.1341357166591044e-07
8160    1.1333899470856871e-07
8170    1.132644256479009e-07
8180    1.131898646544075e-07
8190    1.1311531189810859e-07
8200    1.1304076754854382e-07
8210    1.129662317747728e-07
8220    1.1289170474537503e-07
8230    1.1281718662845027e-07
8240    1.1274267759161867e-07
8250    1.1266817780202095e-07
8260    1.1259368742631859e-07
8270    1.1251920663069412e-07
8280    1.1244473558085111e-07
8290    1.1237027444201469e-07
8300    1.1229582337893146e-07
8310    1.1222138255586993e-07
8320    1.1214695213662071e-07
8330    1.1207253228449659e-07
8340    1.1199812316233296e-07
8350    1.1192372493248795e-07
8360    1.1184933775684272e-07
8370    1.1177496179680173e-07
8380    1.1170059721329287e-07
8390    1.116262441667678e-07
8400    1.1155190281720233e-07
8410    1.1147757332409654e-07
8420    1.11403255846475e-07
8430    1.1132895054288725e-07
8440    1.1125465757140788e-07
8450    1.1118037708963707e-07
8460    1.111061092547005e-07
8470    1.110318542232501e-07
8480    1.1095761215146387e-07
8490    1.1088338319504661e-07
8500    1.1080916750923003e-07
8510    1.1073496524877303e-07
8520    1.1066077656796207e-07
8530    1.1058660162061154e-07
8540    1.1051244056006398e-07
8550    1.1043829353919055e-07
8560    1.1036416071039121e-07
8570    1.1029004222559519e-07
8580    1.1021593823626127e-07
8590    1.1014184889337805e-07
8600    1.1006777434746451e-07
8610    1.0999371474857019e-07
8620    1.0991967024627552e-07
8630    1.0984564098969241e-07
8640    1.0977162712746445e-07
8650    1.096976288077672e-07
8660    1.0962364617830868e-07
8670    1.0954967938632987e-07
8680    1.0947572857860488e-07
8690    1.0940179390144147e-07
8700    1.0932787550068126e-07
8710    1.0925397352170042e-07
8720    1.0918008810940981e-07
8730    1.0910621940825552e-07
8740    1.090323675622192e-07
8750    1.0895853271481862e-07
8760    1.0888471500910788e-07
8770    1.0881091458767788e-07
8780    1.0873713159265688e-07
8790    1.0866336616571079e-07
8800    1.0858961844804362e-07
8810    1.08515888580398e-07
8820    1.0844217670305545e-07
8830    1.0836848295583697e-07
8840    1.0829480747810346e-07
8850    1.0822115040875616e-07
8860    1.081475118862369e-07
8870    1.0807389204852895e-07
8880    1.0800029103315714e-07
8890    1.079267089771885e-07
8900    1.0785314601723265e-07
8910    1.0777960228944225e-07
8920    1.0770607792951356e-07
8930    1.076325730726868e-07
8940    1.0755908785374682e-07
8950    1.0748562240702329e-07
8960    1.0741217686639138e-07
8970    1.073387513652723e-07
8980    1.072653460366336e-07
8990    1.071919610129899e-07
9000    1.0711859642640313e-07
9010    1.0704525240848317e-07
9020    1.0697192909038836e-07
9030    1.0689862660282609e-07
9040    1.0682534507605305e-07
9050    1.0675208463987595e-07
9060    1.0667884542365204e-07
9070    1.0660562755628954e-07
9080    1.0653243116624817e-07
9090    1.0645925638153977e-07
9100    1.0638610332972866e-07
9110    1.0631297213793243e-07
9120    1.0623986293282213e-07
9130    1.0616677584062311e-07
9140    1.0609371098711547e-07
9150    1.0602066849763448e-07
9160    1.0594764849707129e-07
9170    1.0587465110987336e-07
9180    1.0580167646004519e-07
9190    1.0572872467114846e-07
9200    1.0565579586630327e-07
9210    1.0558289016818795e-07
9220    1.0551000769904018e-07
9230    1.0543714858065729e-07
9240    1.0536431293439691e-07
9250    1.0529150088117739e-07
9260    1.0521871254147871e-07
9270    1.0514594803534261e-07
9280    1.0507320748237371e-07
9290    1.0500049100173947e-07
9300    1.0492779871217124e-07
9310    1.0485513073196468e-07
9320    1.0478248717898038e-07
9330    1.0470986817064432e-07
9340    1.0463727382394881e-07
9350    1.0456470425545248e-07
9360    1.0449215958128168e-07
9370    1.0441963991713034e-07
9380    1.0434714537826097e-07
9390    1.0427467607950515e-07
9400    1.0420223213526424e-07
9410    1.0412981365950985e-07
9420    1.0405742076578456e-07
9430    1.0398505356720237e-07
9440    1.039127121764496e-07
9450    1.0384039670578524e-07
9460    1.037681072670417e-07
9470    1.0369584397162542e-07
9480    1.0362360693051747e-07
9490    1.0355139625427416e-07
9500    1.0347921205302777e-07
9510    1.0340705443648704e-07
9520    1.0333492351393797e-07
9530    1.0326281939424421e-07
9540    1.0319074218584802e-07
9550    1.0311869199677064e-07
9560    1.0304666893461309e-07
9570    1.0297467310655661e-07
9580    1.0290270461936365e-07
9590    1.0283076357937815e-07
9600    1.027588500925265e-07
9610    1.0268696426431802e-07
9620    1.0261510619984554e-07
9630    1.0254327600378627e-07
9640    1.0247147378040225e-07
9650    1.023996996335412e-07
9660    1.023279536666371e-07
9670    1.0225623598271077e-07
9680    1.0218454668437055e-07
9690    1.021128858738132e-07
9700    1.0204125365282423e-07
9710    1.0196965012277885e-07
9720    1.0189807538464238e-07
9730    1.0182652953897116e-07
9740    1.0175501268591319e-07
9750    1.0168352492520859e-07
9760    1.0161206635619055e-07
9770    1.0154063707778583e-07
9780    1.0146923718851557e-07
9790    1.0139786678649584e-07
9800    1.013265259694385e-07
9810    1.0125521483465163e-07
9820    1.011839334790405e-07
9830    1.0111268199910794e-07
9840    1.0104146049095552e-07
9850    1.009702690502837e-07
9860    1.0089910777239281e-07
9870    1.0082797675218383e-07
9880    1.0075687608415869e-07
9890    1.0068580586242146e-07
9900    1.0061476618067883e-07
9910    1.0054375713224062e-07
9920    1.0047277881002081e-07
9930    1.0040183130653808e-07
9940    1.0033091471391651e-07
9950    1.002600291238863e-07
9960    1.0018917462778452e-07
9970    1.0011835131655579e-07
9980    1.0004755928075293e-07
9990    9.99767986105378e-08
