100    1.198811278321811e-07
200    1.1986117540985226e-07
300    1.198279356751657e-07
400    1.1978143005820305e-07
500    1.197216885137286e-07
600    1.1964874947400443e-07
700    1.1956265978836004e-07
800    1.1946347464969064e-07
900    1.193512575080976e-07
1000    1.1922607997191817e-07
1100    1.1908802169642965e-07
1200    1.1893717026054463e-07
1300    1.1877362103184744e-07
1400    1.1859747702035315e-07
1500    1.18408848721398e-07
1600    1.1820785394809981e-07
1700    1.1799461765384945e-07
1800    1.17769271745321e-07
1900    1.1753195488650659e-07
2000    1.1728281229430317e-07
2100    1.1702199552619391e-07
2200    1.1674966226058316e-07
2300    1.1646597607035451e-07
2400    1.1617110619023308e-07
2500    1.158652272785405e-07
2600    1.15548519173936e-07
2700    1.1522116664774181e-07
2800    1.1488335915245042e-07
2900    1.145352905670113e-07
3000    1.1417715893949156e-07
3100    1.1380916622769927e-07
3200    1.134315180383503e-07
3300    1.1304442336535328e-07
3400    1.126480943277723e-07
3500    1.122427459095466e-07
3600    1.1182859578304738e-07
3700    1.114058641075636e-07
3800    1.1097477316757304e-07
3900    1.1053554710779334e-07
4000    1.1008841168063229e-07
4100    1.0963359399669634e-07
4200    1.0917132227877851e-07
4300    1.0870182561972875e-07
4400    1.0822533374458399e-07
4500    1.0774207677731671e-07
4600    1.072522850125348e-07
4700    1.067561886924431e-07
4800    1.0625401778935488e-07
4900    1.0574600179401572e-07
5000    1.0523236950998042e-07
5100    1.0471334885425942e-07
5200    1.0418916666442776e-07
5300    1.0366004851236697e-07
5400    1.0312621852478734e-07
5500    1.0258789921065607e-07
5600    1.0204531129563421e-07
5700    1.014986735636059e-07
5800    1.0094820270536023e-07
5900    1.0039411317446868e-07
6000    9.983661705038017e-08
6100    9.927592390873834e-08
6200    9.871224069890714e-08
6300    9.81457716286751e-08
6400    9.757671805609126e-08
6500    9.7005278388372e-08
6600    9.64316479878027e-08
6700    9.585601908454565e-08
6800    9.527858069625244e-08
6900    9.469951855258164e-08
7000    9.411901450974053e-08
7100    9.353724575039545e-08
7200    9.295438576181261e-08
7300    9.237060446981579e-08
7400    9.178606820125036e-08
7500    9.12009396522594e-08
7600    9.061537786218846e-08
7700    9.002953819292967e-08
7800    8.944357231351322e-08
7900    8.885762818975167e-08
8000    8.827185007873991e-08
8100    8.768637852801332e-08
8200    8.710135037916482e-08
8300    8.6516898775723e-08
8400    8.593315317509155e-08
8500    8.535023936435464e-08
8600    8.476827947975082e-08
8700    8.418739202962257e-08
8800    8.36076919206502e-08
8900    8.302929048718056e-08
9000    8.24522955234662e-08
9100    8.187681131863185e-08
9200    8.13029386941906e-08
9300    8.073077504393471e-08
9400    8.016041437603176e-08
9500    7.959194760164485e-08
9600    7.90254642505267e-08
9700    7.846105149387125e-08
9800    7.78987932870967e-08
9900    7.733877041078482e-08
10000    7.6781060518466e-08
10100    7.622573818576737e-08
10200    7.567287496079142e-08
10300    7.512253941559896e-08
10400    7.45747971986725e-08
10500    7.402971108824232e-08
10600    7.348734104636151e-08
10700    7.294774427362081e-08
10800    7.241097526439866e-08
10900    7.187708586254679e-08
11000    7.134612531741522e-08
11100    7.081814034012621e-08
11200    7.029317516001025e-08
11300    6.977127158112158e-08
11400    6.925246903875546e-08
11500    6.873680465589306e-08
11600    6.822431329950388e-08
11700    6.771502763664042e-08
11800    6.720897799699591e-08
11900    6.670619138431631e-08
12000    6.620669230969081e-08
12100    6.571050334732747e-08
12200    6.521764519096815e-08
12300    6.472813670839681e-08
12400    6.424199499527219e-08
12500    6.375923542825169e-08
12600    6.327987171737586e-08
12700    6.280391595768607e-08
12800    6.23313786800503e-08
12900    6.186226890117531e-08
13000    6.139659417278514e-08
13100    6.093436062994926e-08
13200    6.0475573038545e-08
13300    6.00202348418421e-08
13400    5.956834820619795e-08
13500    5.911991406585576e-08
13600    5.867493216683812e-08
13700    5.823340110993128e-08
13800    5.7795318392756655e-08
13900    5.736068045092732e-08
14000    5.692948271693312e-08
14100    5.650171982999893e-08
14200    5.607738558950521e-08
14300    5.565647288002734e-08
14400    5.523897370655186e-08
14500    5.482487923024369e-08
14600    5.4414179803330945e-08
14700    5.400686500311472e-08
14800    5.360292366511111e-08
14900    5.320234391533383e-08
15000    5.280511320172667e-08
15100    5.2411218324755286e-08
15200    5.202064546716894e-08
15300    5.163338022294289e-08
15400    5.1249407625412506e-08
15500    5.0868712174611625e-08
15600    5.049127786382623e-08
15700    5.011708820537711e-08
15800    4.9746126255643425e-08
15900    4.937837463934067e-08
16000    4.901381557306626e-08
16100    4.8652430888125986e-08
16200    4.8294202058788296e-08
16300    4.7939110312107036e-08
16400    4.758713662488196e-08
16500    4.723826166895522e-08
16600    4.6892465828672436e-08
16700    4.65497292197898e-08
16800    4.621003170776161e-08
16900    4.587335292542051e-08
17000    4.5539672290065186e-08
17100    4.52089690199683e-08
17200    4.488122215031883e-08
17300    4.4556410548611954e-08
17400    4.423451292949983e-08
17500    4.391550786911648e-08
17600    4.359937381889023e-08
17700    4.328608911885618e-08
17800    4.297563201048173e-08
17900    4.266798064901805e-08
18000    4.236311311538967e-08
18100    4.206100742763459e-08
18200    4.17616415519071e-08
18300    4.146499341305551e-08
18400    4.1171040904783155e-08
18500    4.087976186298426e-08
18600    4.0591133986313786e-08
18700    4.0305134948947275e-08
18800    4.0021742437566444e-08
18900    3.974093415946812e-08
19000    3.946268785032689e-08
19100    3.918698128162203e-08
19200    3.8913792267739604e-08
19300    3.864309867275881e-08
19400    3.8374878416932737e-08
19500    3.810910948287349e-08
19600    3.784576992145044e-08
19700    3.758483785741099e-08
19800    3.732629149473283e-08
19900    3.707010912171632e-08
20000    3.6816269115825284e-08
20100    3.6564749948285095e-08
20200    3.631553018844526e-08
20300    3.606858850791527e-08
20400    3.5823903684480346e-08
20500    3.5581454605805903e-08
20600    3.534122027293669e-08
20700    3.510317980359826e-08
20800    3.4867312435026994e-08
20900    3.463359752465125e-08
21000    3.4402014554128845e-08
21100    3.417254313330372e-08
21200    3.394516300262776e-08
21300    3.371985403541039e-08
21400    3.349659623991481e-08
21500    3.3275369761306695e-08
21600    3.3056154883460815e-08
21700    3.28389320306304e-08
21800    3.262368176898543e-08
21900    3.241038480802368e-08
22000    3.219902200186021e-08
22100    3.198957435039963e-08
22200    3.178202300039589e-08
22300    3.157634924640377e-08
22400    3.137253453162675e-08
22500    3.117056044866481e-08
22600    3.097040874016693e-08
22700    3.0772061299391507e-08
22800    3.057550017067901e-08
22900    3.038070754983995e-08
23000    3.018766578446232e-08
23100    2.999635737414139e-08
23200    2.9806764970985156e-08
23300    2.9618871392430693e-08
23400    2.9432659624321483e-08
23500    2.924811280469457e-08
23600    2.9065214222579038e-08
23700    2.888394731785698e-08
23800    2.870429568106725e-08
23900    2.8526243053154826e-08
24000    2.8349773325168444e-08
24100    2.817487053790833e-08
24200    2.8001518881527004e-08
24300    2.7829702695085324e-08
24400    2.7659406466065645e-08
24500    2.7490614829844485e-08
24600    2.7323312569126628e-08
24700    2.7157484613342753e-08
24800    2.6993116038012396e-08
24900    2.6830192064073957e-08
25000    2.666869805718387e-08
25100    2.650861952698616e-08
25200    2.6349942126354544e-08
25300    2.6192651650608177e-08
25400    2.6036734036702922e-08
25500    2.5882175362399347e-08
25600    2.572896184540914e-08
25700    2.5577079842520872e-08
25800    2.5426515837223317e-08
25900    2.5277256372136035e-08
26000    2.512928809660845e-08
26100    2.498259779960854e-08
26200    2.4837172408768056e-08
26300    2.469299898929832e-08
26400    2.4550064742896194e-08
26500    2.440835700664137e-08
26600    2.4267863251885948e-08
26700    2.4128571083137028e-08
26800    2.3990468236933223e-08
26900    2.3853542580715842e-08
27000    2.371778211169562e-08
27100    2.3583174955715433e-08
27200    2.3449709366110098e-08
27300    2.331737372256362e-08
27400    2.3186156529964534e-08
27500    2.3056046417260225e-08
27600    2.2927032136310317e-08
27700    2.2799102560740355e-08
27800    2.267224668479549e-08
27900    2.2546453622195434e-08
28000    2.2421712604990703e-08
28100    2.2298012982420638e-08
28200    2.2175344219773973e-08
28300    2.205369589725189e-08
28400    2.1933057708834228e-08
28500    2.181341946455039e-08
28600    2.1694771112894907e-08
28700    2.15771027246222e-08
28800    2.1460404478385003e-08
28900    2.1344666659575513e-08
29000    2.1229879659255143e-08
29100    2.1116033973088727e-08
29200    2.1003120200283585e-08
29300    2.0891129042533402e-08
29400    2.0780051302967378e-08
29500    2.066987788510491e-08
29600    2.0560599791815815e-08
29700    2.0452208124286422e-08
29800    2.0344694080991867e-08
29900    2.023804895667439e-08
30000    2.0132264141328287e-08
30100    2.0027331119191208e-08
30200    1.992324146774232e-08
30300    1.9819986856707172e-08
30400    1.9717559047069637e-08
30500    1.961594989009093e-08
30600    1.951515132633585e-08
30700    1.9415155384706134e-08
30800    1.9315954181481518e-08
30900    1.9217539919367998e-08
31000    1.9119904886553735e-08
31100    1.9023041455772746e-08
31200    1.8926942083375967e-08
31300    1.8831599308407268e-08
31400    1.8737005734292147e-08
31500    1.8643153988046194e-08
31600    1.8550036767100194e-08
31700    1.845764685075131e-08
31800    1.836597709921067e-08
31900    1.8275020452660548e-08
32000    1.8184769930321313e-08
32100    1.8095218629527745e-08
32200    1.800635972481512e-08
32300    1.7918186467014592e-08
32400    1.7830692182358316e-08
32500    1.7743870271593764e-08
32600    1.765771420910765e-08
32700    1.7572217542059257e-08
32800    1.748737388952294e-08
32900    1.740317694163998e-08
33000    1.7319620458779805e-08
33100    1.7236698270710162e-08
33200    1.7154404275776778e-08
33300    1.7072732440091592e-08
33400    1.6991676796730596e-08
33500    1.6911231444940193e-08
33600    1.6831390549352713e-08
33700    1.6752148339210657e-08
33800    1.6673499107599786e-08
33900    1.6595437210690904e-08
34000    1.6517957066990343e-08
34100    1.644105315659898e-08
34200    1.6364720020479753e-08
34300    1.6288952259733785e-08
34400    1.6213744535128897e-08
34500    1.6139091572587905e-08
34600    1.6064988162764314e-08
34700    1.599142915356608e-08
34800    1.5918409449129945e-08
34900    1.5845924009156695e-08
35000    1.577396784825437e-08
35100    1.5702536035288917e-08
35200    1.5631623692742534e-08
35300    1.5561225996079593e-08
35400    1.549133817311993e-08
35500    1.5421955503419546e-08
35600    1.535307331765858e-08
35700    1.5284686997036712e-08
35800    1.521679197267549e-08
35900    1.514938372502794e-08
36000    1.508245778329517e-08
36100    1.50160097248499e-08
36200    1.4950035174666935e-08
36300    1.4884529804760489e-08
36400    1.4819489333628165e-08
36500    1.4754909525701755e-08
36600    1.4690786190804544e-08
36700    1.4627115183615267e-08
36800    1.4563892403138437e-08
36900    1.4501113792181156e-08
37000    1.4438775336836282e-08
37100    1.4376873065971819e-08
37200    1.4315403050726504e-08
37300    1.4254361404011603e-08
37400    1.4193744280018776e-08
37500    1.4133547873733736e-08
37600    1.4073768420456246e-08
37700    1.4014402191749434e-08
37800    1.395544547217735e-08
37900    1.3896894574203218e-08
38000    1.383874584986725e-08
38100    1.3780995690366993e-08
38200    1.3723640525584738e-08
38300    1.3666676823620785e-08
38400    1.3610101090332874e-08
38500    1.3553909868881447e-08
38600    1.3498099739280686e-08
38700    1.3442667317955512e-08
38800    1.3387609257303984e-08
38900    1.3332922245265617e-08
39000    1.3278603004895058e-08
39100    1.3224648293941274e-08
39200    1.3171054904432201e-08
39300    1.3117819662264652e-08
39400    1.3064939426799555e-08
39500    1.3012411090462323e-08
39600    1.2960231578348529e-08
39700    1.2908397847834323e-08
39800    1.2856906888192234e-08
39900    1.2805755720211598e-08
40000    1.2754941395824068e-08
40100    1.2704460997733759e-08
40200    1.2654311639052306e-08
40300    1.2604490462938504e-08
40400    1.2554994642242561e-08
40500    1.2505821379154986e-08
40600    1.2456967904859918e-08
40700    1.2408431479192958e-08
40800    1.2360209390303281e-08
40900    1.231229895432024e-08
41000    1.2264697515024047e-08
41100    1.221740244352082e-08
41200    1.217041113766002e-08
41300    1.2123721020202282e-08
41400    1.2077329539594754e-08
41500    1.2031234170422187e-08
41600    1.1985432413103557e-08
41700    1.1939921793589279e-08
41800    1.1894699863062884e-08
41900    1.184976419764627e-08
42000    1.1805112398108673e-08
42100    1.176074208957946e-08
42200    1.1716650921264585e-08
42300    1.1672836566166633e-08
42400    1.1629296720808436e-08
42500    1.1586029104960218e-08
42600    1.1543031461370232e-08
42700    1.150030155549882e-08
42800    1.1457837175255852e-08
42900    1.141563613074154e-08
43000    1.1373696253990445e-08
43100    1.1332015398718888e-08
43200    1.1290591440075425e-08
43300    1.1249422274394614e-08
43400    1.1208505818953758e-08
43500    1.1167840011732874e-08
43600    1.1127422811177599e-08
43700    1.1087252195965191e-08
43800    1.1047326164773357e-08
43900    1.1007642736052085e-08
44000    1.0968199947798404e-08
44100    1.0928995857333845e-08
44200    1.0890028541084841e-08
44300    1.0851296094365802e-08
44400    1.0812796631164958e-08
44500    1.0774528283932894e-08
44600    1.0736489203373749e-08
44700    1.069867755823898e-08
44800    1.0661091535123756e-08
44900    1.062372933817045e-08
45000    1.0586589182661279e-08
45100    1.0549669291204531e-08
45200    1.0512967902963452e-08
45300    1.0476483274385303e-08
45400    1.0440213679003868e-08
45500    1.0404157407244834e-08
45600    1.0368312766233279e-08
45700    1.0332678079603937e-08
45800    1.0297251687313617e-08
45900    1.0262031945456297e-08
46000    1.0227017226080188e-08
46100    1.0192205917007529e-08
46200    1.015759642165633e-08
46300    1.0123187158864602e-08
46400    1.0088976562716648e-08
46500    1.0054963082371697e-08
46600    1.0021145181894523e-08
46700    9.987521340088413e-09
46800    9.954090050330033e-09
46900    9.920849820406534e-09
47000    9.887799172354573e-09
47100    9.854936642301473e-09
47200    9.82226078030829e-09
47300    9.789770150214846e-09
47400    9.757463329486813e-09
47500    9.725338909064488e-09
47600    9.69339549321375e-09
47700    9.661631699378585e-09
47800    9.630046158035644e-09
47900    9.598637512550491e-09
48000    9.567404419035794e-09
48100    9.536345546211018e-09
48200    9.505459575264137e-09
48300    9.474745199714873e-09
48400    9.444201125279685e-09
48500    9.41382606973845e-09
48600    9.383618762802724e-09
48700    9.353577945985703e-09
48800    9.323702372473731e-09
48900    9.293990806999335e-09
49000    9.264442025120247e-09
49100    9.235054811629176e-09
49200    9.205827962102986e-09
49300    9.176760283242985e-09
49400    9.147850592754337e-09
49500    9.119097719226877e-09
49600    9.09050050201742e-09
49700    9.062057791133495e-09
49800    9.033768447118488e-09
49900    9.005631340938252e-09
50000    8.977645353869028e-09
50100    8.949809377386725e-09
50200    8.922122313057678e-09
50300    8.894583072430526e-09
50400    8.867190576929561e-09
50500    8.839943757749347e-09
50600    8.812841555750564e-09
50700    8.785882921357098e-09
50800    8.759066814454495e-09
50900    8.732392204289475e-09
51000    8.705858069370814e-09
51100    8.679463397371271e-09
51200    8.653207185030808e-09
51300    8.62708843806094e-09
51400    8.60110617105018e-09
51500    8.57525940737067e-09
51600    8.549547179085951e-09
51700    8.523968526859753e-09
51800    8.498522499865903e-09
51900    8.4732081556994e-09
52000    8.448024560288384e-09
52100    8.422970787807274e-09
52200    8.398045920590903e-09
52300    8.373249049049631e-09
52400    8.348579271585524e-09
52500    8.324035694509506e-09
52600    8.29961743195943e-09
52700    8.27532360581924e-09
52800    8.251153345638913e-09
52900    8.2271057885555e-09
53000    8.203180079215046e-09
53100    8.179375369695355e-09
53200    8.15569081942975e-09
53300    8.132125594554074e-09
53400    8.108678863250965e-09
53500    8.08534979823518e-09
53600    8.062137579433721e-09
53700    8.039041393936002e-09
53800    8.016060435919681e-09
53900    7.993193906577394e-09
54000    7.970441014044327e-09
54100    7.947800973326696e-09
54200    7.925273006230974e-09
54300    7.902856341294066e-09
54400    7.880550213714211e-09
54500    7.858353865282788e-09
54600    7.83626654431677e-09
54700    7.814287505592188e-09
54800    7.792416010278156e-09
54900    7.770651325871823e-09
55000    7.748992726133987e-09
55100    7.7274394910255e-09
55200    7.705990906644449e-09
55300    7.684646265163969e-09
55400    7.66340486477086e-09
55500    7.642266009604917e-09
55600    7.621229009698863e-09
55700    7.60029318091913e-09
55800    7.579457844907184e-09
55900    7.558722329021605e-09
56000    7.538085966280808e-09
56100    7.517548095306413e-09
56200    7.497108060267316e-09
56300    7.47676521082429e-09
56400    7.456518902075369e-09
56500    7.4363684945017375e-09
56600    7.41631335391429e-09
56700    7.3963528514007515e-09
56800    7.376486363273519e-09
56900    7.356713271017931e-09
57000    7.337032961241251e-09
57100    7.3174448256221476e-09
57200    7.297948260860866e-09
57300    7.278542668629777e-09
57400    7.259227455524637e-09
57500    7.240002033016353e-09
57600    7.220865817403295e-09
57700    7.201818229764088e-09
57800    7.182858695911019e-09
57900    7.1639866463435965e-09
58000    7.145201516000305e-09
58100    7.126502743874499e-09
58200    7.107889773435517e-09
58300    7.089362052677137e-09
58400    7.070919034073636e-09
58500    7.052560174536471e-09
58600    7.034284935371394e-09
58700    7.016092782236029e-09
58800    6.9979831850979745e-09
58900    6.979955618193281e-09
59000    6.962009559985486e-09
59100    6.944144493125031e-09
59200    6.9263599044091994e-09
59300    6.90865528474238e-09
59400    6.891030129096894e-09
59500    6.873483936474167e-09
59600    6.8560162098663685e-09
59700    6.83862645621847e-09
59800    6.821314186390694e-09
59900    6.804078915121427e-09
60000    6.786920160990409e-09
60100    6.769837446382546e-09
60200    6.752830297451856e-09
60300    6.735898244086055e-09
60400    6.719040819871315e-09
60500    6.702257562057566e-09
60600    6.685548011524079e-09
60700    6.668911712745448e-09
60800    6.6523482137579375e-09
60900    6.6358570661262465e-09
61000    6.619437824910516e-09
61100    6.6030900486337725e-09
61200    6.586813299249759e-09
61300    6.570607142110986e-09
61400    6.5544711459372395e-09
61500    6.538404882784387e-09
61600    6.5224079280134944e-09
61700    6.5064798602602925e-09
61800    6.490620261404986e-09
61900    6.474828716542356e-09
62000    6.459104813952193e-09
62100    6.443448145070029e-09
62200    6.42785830445822e-09
62300    6.412334889777288e-09
62400    6.396877501757585e-09
62500    6.381485744171272e-09
62600    6.366159223804552e-09
62700    6.3508975504302445e-09
62800    6.3357003367806265e-09
62900    6.320567198520555e-09
63000    6.30549775381065e-09
63100    6.290491621667754e-09
63200    6.2755484233790625e-09
63300    6.260667783114224e-09
63400    6.245849327899152e-09
63500    6.231092687590006e-09
63600    6.216397494847449e-09
63700    6.2017633851111466e-09
63800    6.187189996574491e-09
63900    6.172676970159739e-09
64000    6.158223949493231e-09
64100    6.143830580880978e-09
64200    6.129496513284503e-09
64300    6.11522139829688e-09
64400    6.101004890119032e-09
64500    6.086846645536345e-09
64600    6.072746323895487e-09
64700    6.05870358708137e-09
64800    6.044718099494535e-09
64900    6.0307895280286125e-09
65000    6.016917542048128e-09
65100    6.0031018133664225e-09
65200    5.98934201622394e-09
65300    5.975637827266599e-09
65400    5.961988925524509e-09
65500    5.948394992390808e-09
65600    5.934855711600759e-09
65700    5.9213707692110915e-09
65800    5.9079398535794915e-09
65900    5.894562655344332e-09
66000    5.881238867404662e-09
66100    5.867968184900261e-09
66200    5.8547503051920696e-09
66300    5.841584927842659e-09
66400    5.8284717545970355e-09
66500    5.815410489363554e-09
66600    5.80240083819501e-09
66700    5.789442509270037e-09
66800    5.776535212874552e-09
66900    5.763678661383468e-09
67000    5.7508725692425905e-09
67100    5.738116652950652e-09
67200    5.725410631041608e-09
67300    5.712754224066991e-09
67400    5.700147154578553e-09
67500    5.687589147111003e-09
67600    5.67507992816499e-09
67700    5.6626192261901845e-09
67800    5.650206771568583e-09
67900    5.6378422965979285e-09
68000    5.625525535475364e-09
68100    5.613256224281144e-09
68200    5.601034100962659e-09
68300    5.588858905318441e-09
68400    5.576730378903128e-09
68500    5.56464826452571e-09
68600    5.5526123065639336e-09
68700    5.540622251198342e-09
68800    5.528677846398033e-09
68900    5.516778841905409e-09
69000    5.504924989221183e-09
69100    5.493116041589445e-09
69200    5.48135175398299e-09
69300    5.469631883088639e-09
69400    5.457956187292836e-09
69500    5.446324426667317e-09
69600    5.434736362954942e-09
69700    5.42319175955566e-09
69800    5.411690381512603e-09
69900    5.4002319954983134e-09
70000    5.388816369801152e-09
70100    5.377443274311765e-09
70200    5.36611248050974e-09
70300    5.354823761450361e-09
70400    5.3435768917515035e-09
70500    5.3323716475806725e-09
70600    5.321207806642082e-09
70700    5.310085148164017e-09
70800    5.299003452886162e-09
70900    5.287962503047126e-09
71000    5.276962082372069e-09
71100    5.266001976060488e-09
71200    5.255081970774038e-09
71300    5.244201854624556e-09
71400    5.233361417162119e-09
71500    5.222560449363314e-09
71600    5.211798743619513e-09
71700    5.201076093725312e-09
71800    5.190392294867124e-09
71900    5.179747143611786e-09
72000    5.169140437895346e-09
72100    5.158571977011923e-09
72200    5.148041561602669e-09
72300    5.13754899364489e-09
72400    5.127094076441185e-09
72500    5.116676614608751e-09
72600    5.1062964140687595e-09
72700    5.0959532820358306e-09
72800    5.085647027007665e-09
72900    5.075377458754651e-09
73000    5.065144388309706e-09
73100    5.054947627958091e-09
73200    5.0447869912274566e-09
73300    5.034662292877812e-09
73400    5.024573348891753e-09
73500    5.014519976464674e-09
73600    5.0045019939951014e-09
73700    4.994519221075127e-09
73800    4.984571478480926e-09
73900    4.9746585881633526e-09
74000    4.964780373238632e-09
74100    4.954936657979131e-09
74200    4.9451272678004774e-09
74300    4.935352029138555e-09
74400    4.925610769422359e-09
74500    4.915903317197081e-09
74600    4.906229502123196e-09
74700    4.896589154967751e-09
74800    4.886982107595608e-09
74900    4.877408192960851e-09
75000    4.8678672450982385e-09
75100    4.858359099114744e-09
75200    4.8488835911811705e-09
75300    4.839440558523843e-09
75400    4.830029839416389e-09
75500    4.820651273171546e-09
75600    4.811304700133096e-09
75700    4.801989961667892e-09
75800    4.792706900157841e-09
75900    4.7834553589921275e-09
76000    4.774235182559341e-09
76100    4.765046216239797e-09
76200    4.755888306397877e-09
76300    4.746761300374426e-09
76400    4.73766504647924e-09
76500    4.728599393983615e-09
76600    4.719564193113002e-09
76700    4.710559295039607e-09
76800    4.701584551875224e-09
76900    4.692639816663983e-09
77000    4.683724943375289e-09
77100    4.674839786896697e-09
77200    4.665984203026964e-09
77300    4.6571580484690805e-09
77400    4.648361180823444e-09
77500    4.639593458580984e-09
77600    4.630854741116465e-09
77700    4.62214488868177e-09
77800    4.613463762399264e-09
77900    4.604811224255243e-09
78000    4.596187137093371e-09
78100    4.587591364608281e-09
78200    4.579023771339143e-09
78300    4.570484222663292e-09
78400    4.561972584789999e-09
78500    4.553488724754168e-09
78600    4.545032510410217e-09
78700    4.5366038104259075e-09
78800    4.528202494276295e-09
78900    4.519828432237693e-09
79000    4.511481495381717e-09
79100    4.503161555569372e-09
79200    4.49486848544517e-09
79300    4.486602158431341e-09
79400    4.478362448722045e-09
79500    4.4701492312776685e-09
79600    4.46196238181918e-09
79700    4.453801776822474e-09
79800    4.445667293512852e-09
79900    4.4375588098594624e-09
80000    4.429476204569849e-09
80100    4.4214193570845315e-09
80200    4.413388147571626e-09
80300    4.405382456921488e-09
80400    4.397402166741465e-09
80500    4.389447159343715e-09
80600    4.38151731754234e-09
80700    4.373612524622692e-09
80800    4.365732664559963e-09
80900    4.357877622026943e-09
81000    4.350047282388926e-09
81100    4.342241531698661e-09
81200    4.334460256691342e-09
81300    4.3267033447796336e-09
81400    4.318970684048748e-09
81500    4.311262163251571e-09
81600    4.3035776718038285e-09
81700    4.295917099779256e-09
81800    4.288280337904862e-09
81900    4.280667277556203e-09
82000    4.2730778107527206e-09
82100    4.265511830153062e-09
82200    4.257969229050535e-09
82300    4.2504499013684805e-09
82400    4.242953741655805e-09
82500    4.235480645082476e-09
82600    4.22803050743505e-09
82700    4.220603225112313e-09
82800    4.2131986951208444e-09
82900    4.20581681507073e-09
83000    4.198457483171252e-09
83100    4.191120598226595e-09
83200    4.18380605963164e-09
83300    4.176513767367771e-09
83400    4.169243621998717e-09
83500    4.1619955246664e-09
83600    4.154769377086886e-09
83700    4.147565081546285e-09
83800    4.140382540896763e-09
83900    4.133221658552529e-09
84000    4.126082338485889e-09
84100    4.118964485223312e-09
84200    4.111868003841561e-09
84300    4.10479279996378e-09
84400    4.0977387797557455e-09
84500    4.090705849921972e-09
84600    4.083693917702043e-09
84700    4.076702890866797e-09
84800    4.069732677714679e-09
84900    4.062783187068022e-09
85000    4.0558543282694375e-09
85100    4.048946011178174e-09
85200    4.042058146166556e-09
85300    4.0351906441163865e-09
85400    4.0283434164154845e-09
85500    4.021516374954122e-09
85600    4.014709432121579e-09
85700    4.007922500802726e-09
85800    4.0011554943745495e-09
85900    3.9944083267028364e-09
86000    3.98768091213875e-09
86100    3.980973165515522e-09
86200    3.974285002145182e-09
86300    3.9676163378152115e-09
86400    3.960967088785348e-09
86500    3.954337171784311e-09
86600    3.947726504006635e-09
86700    3.941135003109488e-09
86800    3.934562587209519e-09
86900    3.928009174879705e-09
87000    3.921474685146305e-09
87100    3.914959037485739e-09
87200    3.908462151821539e-09
87300    3.901983948522592e-09
87400    3.895524348435433e-09
87500    3.88908327288616e-09
87600    3.882660643637289e-09
87700    3.8762563828825164e-09
87800    3.869870413243803e-09
87900    3.863502657768509e-09
88000    3.857153039926538e-09
88100    3.850821483607509e-09
88200    3.84450791311795e-09
88300    3.8382122531785135e-09
88400    3.831934428921205e-09
88500    3.825674365886647e-09
88600    3.8194319900213635e-09
88700    3.813207227675063e-09
88800    3.80700000559798e-09
88900    3.8008102509382126e-09
89000    3.794637891239075e-09
89100    3.78848285443649e-09
89200    3.782345068856401e-09
89300    3.776224463212161e-09
89400    3.770120966602033e-09
89500    3.764034508506607e-09
89600    3.7579650187862925e-09
89700    3.751912427678854e-09
89800    3.745876665796874e-09
89900    3.739857664125357e-09
90000    3.733855354019239e-09
90100    3.727869667201006e-09
90200    3.7219005357582485e-09
90300    3.7159478921413296e-09
90400    3.7100116691609765e-09
90500    3.7040917999859383e-09
90600    3.6981882181406985e-09
90700    3.6923008575030824e-09
90800    3.686429652302055e-09
90900    3.680574537115381e-09
91000    3.6747354468673726e-09
91100    3.6689123168266708e-09
91200    3.663105082604013e-09
91300    3.657313680150007e-09
91400    3.651538045752953e-09
91500    3.6457781160366713e-09
91600    3.640033827958336e-09
91700    3.634305118806335e-09
91800    3.6285919261981438e-09
91900    3.622894188078218e-09
92000    3.6172118427158896e-09
92100    3.6115448287033137e-09
92200    3.605893084953354e-09
92300    3.6002565506975993e-09
92400    3.594635165484287e-09
92500    3.5890288691762978e-09
92600    3.5834376019491608e-09
92700    3.5778613042890633e-09
92800    3.57229991699086e-09
92900    3.5667533811561488e-09
93000    3.561221638191314e-09
93100    3.5557046298055743e-09
93200    3.5502022980091122e-09
93300    3.5447145851111366e-09
93400    3.53924143371802e-09
93500    3.5337827867314123e-09
93600    3.5283385873463975e-09
93700    3.522908779049638e-09
93800    3.517493305617537e-09
93900    3.512092111114441e-09
94000    3.5067051398908395e-09
94100    3.5013323365815335e-09
94200    3.495973646103908e-09
94300    3.4906290136561295e-09
94400    3.4852983847154305e-09
94500    3.4799817050363387e-09
94600    3.4746789206489687e-09
94700    3.4693899778615202e-09
94800    3.464114823270769e-09
94900    3.4588534037477433e-09
95000    3.453605666431991e-09
95100    3.4483715587298833e-09
95200    3.4431510283130147e-09
95300    3.4379440231165266e-09
95400    3.4327504913374974e-09
95500    3.427570381433349e-09
95600    3.422403642120197e-09
95700    3.4172502223713164e-09
95800    3.41211007141552e-09
95900    3.406983138735612e-09
96000    3.40186937406684e-09
96100    3.396768727395319e-09
96200    3.3916811489565356e-09
96300    3.3866065892338017e-09
96400    3.3815449989567547e-09
96500    3.3764963290998377e-09
96600    3.371460530880841e-09
96700    3.3664375557593933e-09
96800    3.3614273554355213e-09
96900    3.356429881848155e-09
97000    3.3514450871737165e-09
97100    3.346472923824664e-09
97200    3.3415133444480678e-09
97300    3.3365663019241837e-09
97400    3.3316317493650708e-09
97500    3.3267096401131654e-09
97600    3.3217999277399264e-09
97700    3.3169025660444153e-09
97800    3.3120175090519747e-09
97900    3.3071447110128296e-09
98000    3.3022841264007766e-09
98100    3.2974357099118096e-09
98200    3.2925994164628254e-09
98300    3.2877752011902746e-09
98400    3.2829630194488556e-09
98500    3.2781628268102296e-09
98600    3.2733745790617257e-09
98700    3.268598232205038e-09
98800    3.2638337424549658e-09
98900    3.259081066238144e-09
99000    3.2543401601917963e-09
99100    3.2496109811624747e-09
99200    3.2448934862048246e-09
99300    3.240187632580359e-09
99400    3.235493377756229e-09
99500    3.2308106794040077e-09
99600    3.2261394953985117e-09
99700    3.2214797838165644e-09
99800    3.2168315029358356e-09
99900    3.212194611233647e-09
