100    4.781291371214533e-08
110    4.781276284787461e-08
120    4.781259761678246e-08
130    4.781241801919726e-08
140    4.781222405547604e-08
150    4.781201572600433e-08
160    4.781179303119625e-08
170    4.7811555971494405e-08
180    4.7811304547369997e-08
190    4.781103875932271e-08
200    4.781075860788087e-08
210    4.781046409360121e-08
220    4.7810155217069116e-08
230    4.7809831978898426e-08
240    4.780949437973157e-08
250    4.780914242023945e-08
260    4.78087761011215e-08
270    4.780839542310572e-08
280    4.7808000386948546e-08
290    4.780759099343497e-08
300    4.7807167243378496e-08
310    4.780672913762114e-08
320    4.7806276677033415e-08
330    4.7805809862514294e-08
340    4.7805328694991224e-08
350    4.780483317542024e-08
360    4.780432330478575e-08
370    4.780379908410071e-08
380    4.7803260514406455e-08
390    4.780270759677299e-08
400    4.780214033229849e-08
410    4.780155872210982e-08
420    4.7800962767362226e-08
430    4.780035246923928e-08
440    4.779972782895322e-08
450    4.779908884774453e-08
460    4.77984355268822e-08
470    4.779776786766362e-08
480    4.7797085871414604e-08
490    4.77963895394893e-08
500    4.7795678873270425e-08
510    4.779495387416889e-08
520    4.779421454362415e-08
530    4.779346088310397e-08
540    4.779269289410447e-08
550    4.779191057815016e-08
560    4.779111393679394e-08
570    4.7790302971617025e-08
580    4.778947768422891e-08
590    4.778863807626752e-08
600    4.778778414939909e-08
610    4.778691590531813e-08
620    4.77860333457475e-08
630    4.7785136472438315e-08
640    4.7784225287170065e-08
650    4.778329979175039e-08
660    4.7782359988015304e-08
670    4.7781405877829136e-08
680    4.7780437463084306e-08
690    4.7779454745701595e-08
700    4.777845772763003e-08
710    4.7777446410846795e-08
720    4.777642079735742e-08
730    4.7775380889195407e-08
740    4.7774326688422705e-08
750    4.777325819712932e-08
760    4.7772175417433446e-08
770    4.777107835148151e-08
780    4.7769967001447986e-08
790    4.7768841369535555e-08
800    4.7767701457975106e-08
810    4.776654726902546e-08
820    4.7765378804973764e-08
830    4.7764196068135125e-08
840    4.776299906085278e-08
850    4.776178778549807e-08
860    4.776056224447032e-08
870    4.775932244019706e-08
880    4.775806837513371e-08
890    4.775680005176379e-08
900    4.775551747259886e-08
910    4.77542206401784e-08
920    4.7752909557069957e-08
930    4.775158422586909e-08
940    4.775024464919923e-08
950    4.774889082971182e-08
960    4.7747522770086236e-08
970    4.774614047302979e-08
980    4.774474394127773e-08
990    4.7743333177593067e-08
1000    4.774190818476697e-08
1010    4.774046896561821e-08
1020    4.7739015522993574e-08
1030    4.773754785976764e-08
1040    4.7736065978842824e-08
1050    4.7734569883149395e-08
1060    4.773305957564542e-08
1070    4.7731535059316706e-08
1080    4.772999633717684e-08
1090    4.772844341226729e-08
1100    4.772687628765706e-08
1110    4.772529496644306e-08
1120    4.7723699451749846e-08
1130    4.772208974672966e-08
1140    4.772046585456245e-08
1150    4.7718827778455916e-08
1160    4.7717175521645184e-08
1170    4.7715509087393234e-08
1180    4.771382847899062e-08
1190    4.771213369975539e-08
1200    4.7710424753033365e-08
1210    4.770870164219775e-08
1220    4.7706964370649415e-08
1230    4.770521294181677e-08
1240    4.7703447359155655e-08
1250    4.770166762614956e-08
1260    4.769987374630935e-08
1270    4.76980657231734e-08
1280    4.7696243560307504e-08
1290    4.7694407261304943e-08
1300    4.769255682978638e-08
1310    4.769069226939997e-08
1320    4.768881358382108e-08
1330    4.7686920776752555e-08
1340    4.7685013851924576e-08
1350    4.7683092813094687e-08
1360    4.768115766404763e-08
1370    4.76792084085955e-08
1380    4.767724505057775e-08
1390    4.767526759386097e-08
1400    4.767327604233902e-08
1410    4.767127039993297e-08
1420    4.7669250670591096e-08
1430    4.766721685828888e-08
1440    4.7665168967028926e-08
1450    4.7663107000840984e-08
1460    4.766103096378188e-08
1470    4.765894085993572e-08
1480    4.7656836693413366e-08
1490    4.765471846835309e-08
1500    4.765258618891996e-08
1510    4.765043985930614e-08
1520    4.764827948373081e-08
1530    4.764610506644016e-08
1540    4.7643916611707256e-08
1550    4.764171412383206e-08
1560    4.763949760714164e-08
1570    4.763726706598981e-08
1580    4.763502250475723e-08
1590    4.763276392785153e-08
1600    4.763049133970713e-08
1610    4.762820474478521e-08
1620    4.7625904147573754e-08
1630    4.76235895525875e-08
1640    4.762126096436809e-08
1650    4.761891838748359e-08
1660    4.7616561826529e-08
1670    4.761419128612594e-08
1680    4.7611806770922644e-08
1690    4.760940828559401e-08
1700    4.7606995834841495e-08
1710    4.7604569423393244e-08
1720    4.760212905600386e-08
1730    4.759967473745454e-08
1740    4.759720647255302e-08
1750    4.75947242661335e-08
1760    4.759222812305661e-08
1770    4.758971804820946e-08
1780    4.758719404650563e-08
1790    4.758465612288503e-08
1800    4.7582104282313986e-08
1810    4.7579538529785126e-08
1820    4.757695887031746e-08
1830    4.757436530895634e-08
1840    4.7571757850773275e-08
1850    4.756913650086603e-08
1860    4.7566501264358786e-08
1870    4.756385214640177e-08
1880    4.756118915217137e-08
1890    4.755851228687022e-08
1900    4.7555821555727026e-08
1910    4.7553116963996577e-08
1920    4.7550398516959845e-08
1930    4.7547666219923703e-08
1940    4.7544920078221263e-08
1950    4.7542160097211405e-08
1960    4.7539386282279146e-08
1970    4.7536598638835334e-08
1980    4.753379717231687e-08
1990    4.753098188818649e-08
2000    4.752815279193274e-08
2010    4.752530988907013e-08
2020    4.752245318513894e-08
2030    4.751958268570514e-08
2040    4.7516698396360655e-08
2050    4.7513800322722974e-08
2060    4.751088847043545e-08
2070    4.7507962845166966e-08
2080    4.7505023452612146e-08
2090    4.75020702984913e-08
2100    4.749910338855025e-08
2110    4.7496122728560345e-08
2120    4.7493128324318614e-08
2130    4.749012018164755e-08
2140    4.748709830639514e-08
2150    4.748406270443479e-08
2160    4.748101338166535e-08
2170    4.747795034401116e-08
2180    4.7474873597421856e-08
2190    4.747178314787244e-08
2200    4.746867900136323e-08
2210    4.7465561163919846e-08
2220    4.7462429641593225e-08
2230    4.745928444045942e-08
2240    4.745612556661976e-08
2250    4.74529530262008e-08
2260    4.744976682535411e-08
2270    4.744656697025653e-08
2280    4.744335346710983e-08
2290    4.7440126322141003e-08
2300    4.74368855416019e-08
2310    4.7433631131769525e-08
2320    4.743036309894575e-08
2330    4.742708144945743e-08
2340    4.742378618965632e-08
2350    4.7420477325919035e-08
2360    4.7417154864647053e-08
2370    4.741381881226669e-08
2380    4.7410469175229014e-08
2390    4.740710596000987e-08
2400    4.740372917310982e-08
2410    4.7400338821054105e-08
2420    4.7396934910392656e-08
2430    4.739351744770003e-08
2440    4.739008643957535e-08
2450    4.7386641892642416e-08
2460    4.7383183813549414e-08
2470    4.7379712208969135e-08
2480    4.737622708559884e-08
2490    4.737272845016019e-08
2500    4.7369216309399306e-08
2510    4.736569067008663e-08
2520    4.736215153901703e-08
2530    4.73585989230096e-08
2540    4.73550328289078e-08
2550    4.7351453263579256e-08
2560    4.734786023391589e-08
2570    4.734425374683379e-08
2580    4.734063380927314e-08
2590    4.733700042819831e-08
2600    4.733335361059775e-08
2610    4.732969336348393e-08
2620    4.73260196938934e-08
2630    4.732233260888654e-08
2640    4.731863211554791e-08
2650    4.731491822098582e-08
2660    4.731119093233259e-08
2670    4.7307450256744295e-08
2680    4.7303696201400844e-08
2690    4.7299928773505985e-08
2700    4.72961479802872e-08
2710    4.729235382899565e-08
2720    4.7288546326906213e-08
2730    4.728472548131743e-08
2740    4.728089129955143e-08
2750    4.727704378895388e-08
2760    4.7273182956894114e-08
2770    4.7269308810764906e-08
2780    4.726542135798251e-08
2790    4.726152060598657e-08
2800    4.725760656224029e-08
2810    4.725367923423004e-08
2820    4.7249738629465704e-08
2830    4.724578475548039e-08
2840    4.72418176198305e-08
2850    4.723783723009563e-08
2860    4.723384359387859e-08
2870    4.722983671880539e-08
2880    4.7225816612525076e-08
2890    4.7221783282709897e-08
2900    4.72177367370551e-08
2910    4.72136769832789e-08
2920    4.720960402912261e-08
2930    4.720551788235031e-08
2940    4.720141855074923e-08
2950    4.71973060421293e-08
2960    4.7193180364323266e-08
2970    4.7189041525186854e-08
2980    4.7184889532598366e-08
2990    4.7180724394458865e-08
3000    4.717654611869229e-08
3010    4.717235471324494e-08
3020    4.7168150186085936e-08
3030    4.7163932545206954e-08
3040    4.7159701798622136e-08
3050    4.715545795436821e-08
3060    4.715120102050433e-08
3070    4.7146931005112075e-08
3080    4.714264791629539e-08
3090    4.71383517621807e-08
3100    4.7134042550916645e-08
3110    4.71297202906741e-08
3120    4.7125384989646326e-08
3130    4.712103665604871e-08
3140    4.7116675298118735e-08
3150    4.7112300924116157e-08
3160    4.710791354232272e-08
3170    4.7103513161042255e-08
3180    4.7099099788600597e-08
3190    4.7094673433345647e-08
3200    4.7090234103647e-08
3210    4.7085781807896487e-08
3220    4.708131655450746e-08
3230    4.70768383519154e-08
3240    4.707234720857735e-08
3250    4.7067843132972196e-08
3260    4.706332613360045e-08
3270    4.705879621898445e-08
3280    4.7054253397667976e-08
3290    4.704969767821655e-08
3300    4.704512906921708e-08
3310    4.704054757927814e-08
3320    4.703595321702968e-08
3330    4.70313459911231e-08
3340    4.702672591023124e-08
3350    4.7022092983048186e-08
3360    4.701744721828944e-08
3370    4.7012788624691726e-08
3380    4.700811721101298e-08
3390    4.700343298603241e-08
3400    4.699873595855023e-08
3410    4.699402613738795e-08
3420    4.698930353138796e-08
3430    4.698456814941386e-08
3440    4.697982000035009e-08
3450    4.697505909310218e-08
3460    4.69702854365964e-08
3470    4.696549903978006e-08
3480    4.6960699911621194e-08
3490    4.695588806110862e-08
3500    4.6951063497252e-08
3510    4.694622622908159e-08
3520    4.6941376265648336e-08
3530    4.693651361602384e-08
3540    4.693163828930031e-08
3550    4.6926750294590377e-08
3560    4.6921849641027325e-08
3570    4.69169363377648e-08
3580    4.69120103939769e-08
3590    4.690707181885805e-08
3600    4.690212062162304e-08
3610    4.689715681150702e-08
3620    4.689218039776524e-08
3630    4.6887191389673364e-08
3640    4.688218979652702e-08
3650    4.687717562764205e-08
3660    4.68721488923544e-08
3670    4.686710960002005e-08
3680    4.686205776001494e-08
3690    4.685699338173498e-08
3700    4.685191647459602e-08
3710    4.684682704803378e-08
3720    4.68417251115038e-08
3730    4.683661067448138e-08
3740    4.6831483746461585e-08
3750    4.6826344336959264e-08
3760    4.6821192455508744e-08
3770    4.681602811166419e-08
3780    4.681085131499914e-08
3790    4.680566207510677e-08
3800    4.6800460401599764e-08
3810    4.679524630411016e-08
3820    4.679001979228951e-08
3830    4.6784780875808636e-08
3840    4.677952956435764e-08
3850    4.6774265867645574e-08
3860    4.6768989795400446e-08
3870    4.676370135736943e-08
3880    4.675840056331894e-08
3890    4.675308742303445e-08
3900    4.674776194632042e-08
3910    4.674242414300035e-08
3920    4.6737074022916676e-08
3930    4.673171159593079e-08
3940    4.672633687192297e-08
3950    4.67209498607923e-08
3960    4.6715550572456625e-08
3970    4.671013901685253e-08
3980    4.6704715203935344e-08
3990    4.669927914367903e-08
4000    4.6693830846076084e-08
4010    4.668837032113774e-08
4020    4.6682897578893596e-08
4030    4.667741262939173e-08
4040    4.667191548269881e-08
4050    4.666640614889966e-08
4060    4.666088463809765e-08
4070    4.665535096041433e-08
4080    4.664980512598954e-08
4090    4.6644247144981375e-08
4100    4.6638677027566e-08
4110    4.6633094783937776e-08
4120    4.6627500424309096e-08
4130    4.662189395891039e-08
4140    4.6616275397990114e-08
4150    4.66106447518146e-08
4160    4.660500203066818e-08
4170    4.659934724485285e-08
4180    4.6593680404688616e-08
4190    4.6588001520513105e-08
4200    4.658231060268174e-08
4210    4.6576607661567604e-08
4220    4.657089270756134e-08
4230    4.656516575107122e-08
4240    4.655942680252307e-08
4250    4.655367587236018e-08
4260    4.654791297104324e-08
4270    4.654213810905039e-08
4280    4.653635129687714e-08
4290    4.6530552545036265e-08
4300    4.652474186405779e-08
4310    4.651891926448903e-08
4320    4.6513084756894356e-08
4330    4.6507238351855346e-08
4340    4.650138005997063e-08
4350    4.649550989185591e-08
4360    4.648962785814381e-08
4370    4.6483733969483854e-08
4380    4.6477828236542645e-08
4390    4.647191067000343e-08
4400    4.6465981280566354e-08
4410    4.646004007894834e-08
4420    4.645408707588295e-08
4430    4.6448122282120436e-08
4440    4.6442145708427715e-08
4450    4.643615736558822e-08
4460    4.6430157264401923e-08
4470    4.6424145415685266e-08
4480    4.641812183027114e-08
4490    4.6412086519008745e-08
4500    4.640603949276381e-08
4510    4.6399980762418113e-08
4520    4.639391033886982e-08
4530    4.638782823303336e-08
4540    4.638173445583916e-08
4550    4.637562901823374e-08
4560    4.636951193117987e-08
4570    4.636338320565615e-08
4580    4.635724285265723e-08
4590    4.635109088319368e-08
4600    4.6344927308291884e-08
4610    4.633875213899413e-08
4620    4.6332565386358434e-08
4630    4.632636706145846e-08
4640    4.632015717538372e-08
4650    4.6313935739239306e-08
4660    4.63077027641458e-08
4670    4.630145826123949e-08
4680    4.6295202241672016e-08
4690    4.628893471661058e-08
4700    4.628265569723765e-08
4710    4.627636519475117e-08
4720    4.6270063220364304e-08
4730    4.626374978530559e-08
4740    4.6257424900818624e-08
4750    4.625108857816228e-08
4760    4.6244740828610515e-08
4770    4.623838166345235e-08
4780    4.6232011093991845e-08
4790    4.6225629131547966e-08
4800    4.6219235787454705e-08
4810    4.621283107306087e-08
4820    4.620641499973014e-08
4830    4.619998757884093e-08
4840    4.6193548821786394e-08
4850    4.6187098739974435e-08
4860    4.6180637344827565e-08
4870    4.617416464778285e-08
4880    4.616768066029195e-08
4890    4.6161185393821016e-08
4900    4.615467885985061e-08
4910    4.614816106987575e-08
4920    4.61416320354058e-08
4930    4.613509176796437e-08
4940    4.612854027908941e-08
4950    4.6121977580333014e-08
4960    4.611540368326149e-08
4970    4.610881859945525e-08
4980    4.610222234050869e-08
4990    4.609561491803037e-08
5000    4.6088996343642764e-08
5010    4.6082366628982175e-08
5020    4.607572578569888e-08
5030    4.606907382545699e-08
5040    4.606241075993432e-08
5050    4.6055736600822526e-08
5060    4.6049051359826806e-08
5070    4.60423550486661e-08
5080    4.603564767907292e-08
5090    4.602892926279326e-08
5100    4.602219981158665e-08
5110    4.601545933722602e-08
5120    4.600870785149778e-08
5130    4.600194536620156e-08
5140    4.599517189315044e-08
5150    4.598838744417058e-08
5160    4.598159203110144e-08
5170    4.597478566579564e-08
5180    4.5967968360118845e-08
5190    4.596114012594986e-08
5200    4.595430097518032e-08
5210    4.594745091971506e-08
5220    4.5940589971471675e-08
5230    4.5933718142380596e-08
5240    4.592683544438517e-08
5250    4.591994188944144e-08
5260    4.5913037489518205e-08
5270    4.5906122256596905e-08
5280    4.5899196202671574e-08
5290    4.5892259339748824e-08
5300    4.588531167984793e-08
5310    4.5878353235000357e-08
5320    4.587138401725027e-08
5330    4.5864404038654053e-08
5340    4.5857413311280467e-08
5350    4.585041184721055e-08
5360    4.5843399658537604e-08
5370    4.5836376757366994e-08
5380    4.582934315581636e-08
5390    4.5822298866015406e-08
5400    4.581524390010573e-08
5410    4.580817827024107e-08
5420    4.580110198858708e-08
5430    4.579401506732126e-08
5440    4.578691751863294e-08
5450    4.577980935472333e-08
5460    4.577269058780524e-08
5470    4.576556123010334e-08
5480    4.575842129385385e-08
5490    4.57512707913046e-08
5500    4.5744109734714957e-08
5510    4.573693813635581e-08
5520    4.572975600850953e-08
5530    4.572256336346983e-08
5540    4.571536021354184e-08
5550    4.570814657104195e-08
5560    4.5700922448297794e-08
5570    4.5693687857648297e-08
5580    4.5686442811443394e-08
5590    4.567918732204432e-08
5600    4.567192140182325e-08
5610    4.566464506316341e-08
5620    4.565735831845896e-08
5630    4.5650061180115e-08
5640    4.564275366054749e-08
5650    4.563543577218329e-08
5660    4.562810752745986e-08
5670    4.562076893882554e-08
5680    4.561342001873923e-08
5690    4.560606077967055e-08
5700    4.559869123409966e-08
5710    4.559131139451718e-08
5720    4.5583921273424324e-08
5730    4.5576520883332634e-08
5740    4.556911023676413e-08
5750    4.556168934625106e-08
5760    4.555425822433601e-08
5770    4.554681688357184e-08
5780    4.553936533652149e-08
5790    4.5531903595758174e-08
5800    4.552443167386506e-08
5810    4.551694958343542e-08
5820    4.550945733707257e-08
5830    4.550195494738966e-08
5840    4.549444242700981e-08
5850    4.548691978856593e-08
5860    4.5479387044700795e-08
5870    4.5471844208066836e-08
5880    4.5464291291326354e-08
5890    4.545672830715109e-08
5900    4.5449155268222484e-08
5910    4.544157218723162e-08
5920    4.543397907687885e-08
5930    4.542637594987428e-08
5940    4.5418762818937184e-08
5950    4.541113969679629e-08
5960    4.5403506596189654e-08
5970    4.539586352986459e-08
5980    4.5388210510577574e-08
5990    4.538054755109429e-08
6000    4.537287466418954e-08
6010    4.536519186264716e-08
6020    4.5357499159260065e-08
6030    4.534979656683007e-08
6040    4.5342084098167986e-08
6050    4.5334361766093444e-08
6060    4.532662958343487e-08
6070    4.5318887563029627e-08
6080    4.531113571772358e-08
6090    4.530337406037146e-08
6100    4.529560260383657e-08
6110    4.5287821360990785e-08
6120    4.528003034471441e-08
6130    4.5272229567896495e-08
6140    4.5264419043434326e-08
6150    4.52565987842336e-08
6160    4.5248768803208405e-08
6170    4.524092911328114e-08
6180    4.523307972738242e-08
6190    4.522522065845098e-08
6200    4.521735191943385e-08
6210    4.520947352328609e-08
6220    4.5201585482970795e-08
6230    4.519368781145911e-08
6240    4.5185780521730024e-08
6250    4.5177863626770634e-08
6260    4.5169937139575733e-08
6270    4.516200107314797e-08
6280    4.515405544049776e-08
6290    4.5146100254643255e-08
6300    4.513813552861029e-08
6310    4.513016127543218e-08
6320    4.5122177508150066e-08
6330    4.5114184239812393e-08
6340    4.510618148347516e-08
6350    4.509816925220179e-08
6360    4.5090147559063125e-08
6370    4.508211641713722e-08
6380    4.5074075839509585e-08
6390    4.506602583927287e-08
6400    4.505796642952686e-08
6410    4.5049897623378596e-08
6420    4.504181943394215e-08
6430    4.503373187433862e-08
6440    4.502563495769615e-08
6450    4.5017528697149853e-08
6460    4.500941310584162e-08
6470    4.500128819692038e-08
6480    4.499315398354169e-08
6490    4.498501047886802e-08
6500    4.497685769606839e-08
6510    4.496869564831865e-08
6520    4.4960524348801155e-08
6530    4.495234381070492e-08
6540    4.494415404722531e-08
6550    4.493595507156441e-08
6560    4.49277468969305e-08
6570    4.491952953653841e-08
6580    4.491130300360921e-08
6590    4.490306731137027e-08
6600    4.489482247305521e-08
6610    4.488656850190384e-08
6620    4.4878305411162076e-08
6630    4.487003321408203e-08
6640    4.4861751923921726e-08
6650    4.485346155394531e-08
6660    4.4845162117422815e-08
6670    4.483685362763017e-08
6680    4.4828536097849215e-08
6690    4.482020954136761e-08
6700    4.481187397147864e-08
6710    4.480352940148152e-08
6720    4.479517584468096e-08
6730    4.478681331438742e-08
6740    4.477844182391687e-08
6750    4.4770061386590866e-08
6760    4.4761672015736346e-08
6770    4.4753273724685776e-08
6780    4.474486652677698e-08
6790    4.4736450435353146e-08
6800    4.472802546376275e-08
6810    4.471959162535946e-08
6820    4.4711148933502236e-08
6830    4.4702697401555185e-08
6840    4.469423704288752e-08
6850    4.4685767870873446e-08
6860    4.46772898988922e-08
6870    4.4668803140328115e-08
6880    4.4660307608570335e-08
6890    4.465180331701288e-08
6900    4.464329027905468e-08
6910    4.463476850809935e-08
6920    4.4626238017555375e-08
6930    4.461769882083577e-08
6940    4.460915093135834e-08
6950    4.46005943625454e-08
6960    4.459202912782387e-08
6970    4.4583455240625165e-08
6980    4.457487271438517e-08
6990    4.456628156254412e-08
7000    4.455768179854676e-08
7010    4.4549073435842e-08
7020    4.45404564878832e-08
7030    4.453183096812775e-08
7040    4.452319689003741e-08
7050    4.4514554267077974e-08
7060    4.450590311271935e-08
7070    4.449724344043556e-08
7080    4.4488575263704566e-08
7090    4.4479898596008234e-08
7100    4.4471213450832525e-08
7110    4.446251984166706e-08
7120    4.445381778200538e-08
7130    4.4445107285344856e-08
7140    4.443638836518652e-08
7150    4.4427661035035056e-08
7160    4.4418925308398894e-08
7170    4.4410181198789944e-08
7180    4.440142871972371e-08
7190    4.439266788471928e-08
7200    4.4383898707299116e-08
7210    4.437512120098904e-08
7220    4.436633537931838e-08
7230    4.4357541255819695e-08
7240    4.434873884402889e-08
7250    4.4339928157485007e-08
7260    4.4331109209730374e-08
7270    4.4322282014310385e-08
7280    4.431344658477361e-08
7290    4.430460293467157e-08
7300    4.429575107755897e-08
7310    4.4286891026993285e-08
7320    4.4278022796535015e-08
7330    4.426914639974755e-08
7340    4.426026185019701e-08
7350    4.425136916145243e-08
7360    4.424246834708554e-08
7370    4.42335594206707e-08
7380    4.4224642395785044e-08
7390    4.4215717286008215e-08
7400    4.420678410492244e-08
7410    4.419784286611252e-08
7420    4.418889358316572e-08
7430    4.417993626967168e-08
7440    4.417097093922243e-08
7450    4.416199760541243e-08
7460    4.4153016281838424e-08
7470    4.414402698209931e-08
7480    4.41350297197963e-08
7490    4.4126024508532716e-08
7500    4.4117011361914094e-08
7510    4.4107990293547894e-08
7520    4.409896131704378e-08
7530    4.408992444601335e-08
7540    4.4080879694070074e-08
7550    4.407182707482948e-08
7560    4.4062766601908806e-08
7570    4.4053698288927195e-08
7580    4.40446221495056e-08
7590    4.403553819726657e-08
7600    4.402644644583455e-08
7610    4.40173469088354e-08
7620    4.400823959989679e-08
7630    4.399912453264779e-08
7640    4.399000172071908e-08
7650    4.3980871177742847e-08
7660    4.3971732917352576e-08
7670    4.396258695318324e-08
7680    4.3953433298871174e-08
7690    4.394427196805395e-08
7700    4.3935102974370417e-08
7710    4.392592633146067e-08
7720    4.3916742052965936e-08
7730    4.3907550152528645e-08
7740    4.389835064379223e-08
7750    4.388914354040125e-08
7760    4.3879928856001236e-08
7770    4.38707066042386e-08
7780    4.386147679876082e-08
7790    4.3852239453216176e-08
7800    4.384299458125379e-08
7810    4.383374219652359e-08
7820    4.3824482312676155e-08
7830    4.3815214943363e-08
7840    4.380594010223603e-08
7850    4.3796657802948024e-08
7860    4.378736805915217e-08
7870    4.3778070884502296e-08
7880    4.37687662926527e-08
7890    4.37594542972581e-08
7900    4.375013491197368e-08
7910    4.3740808150454935e-08
7920    4.373147402635785e-08
7930    4.372213255333854e-08
7940    4.371278374505334e-08
7950    4.370342761515902e-08
7960    4.369406417731228e-08
7970    4.3684693445170065e-08
7980    4.367531543238942e-08
7990    4.366593015262732e-08
8000    4.365653761954088e-08
8010    4.364713784678713e-08
8020    4.363773084802291e-08
8030    4.362831663690513e-08
8040    4.361889522709041e-08
8050    4.3609466632235245e-08
8060    4.3600030865995794e-08
8070    4.359058794202802e-08
8080    4.358113787398748e-08
8090    4.357168067552948e-08
8100    4.3562216360308816e-08
8110    4.35527449419799e-08
8120    4.354326643419664e-08
8130    4.353378085061243e-08
8140    4.352428820488004e-08
8150    4.351478851065172e-08
8160    4.350528178157902e-08
8170    4.34957680313128e-08
8180    4.348624727350324e-08
8190    4.3476719521799724e-08
8200    4.346718478985082e-08
8210    4.345764309130426e-08
8220    4.344809443980687e-08
8230    4.3438538849004636e-08
8240    4.342897633254246e-08
8250    4.3419406904064295e-08
8260    4.340983057721308e-08
8270    4.340024736563059e-08
8280    4.339065728295757e-08
8290    4.338106034283353e-08
8300    4.337145655889686e-08
8310    4.3361845944784594e-08
8320    4.335222851413258e-08
8330    4.3342604280575295e-08
8340    4.333297325774595e-08
8350    4.3323335459276194e-08
8360    4.3313690898796375e-08
8370    4.330403958993534e-08
8380    4.329438154632038e-08
8390    4.328471678157728e-08
8400    4.3275045309330225e-08
8410    4.326536714320175e-08
8420    4.3255682296812724e-08
8430    4.324599078378237e-08
8440    4.3236292617728064e-08
8450    4.3226587812265485e-08
8460    4.321687638100841e-08
8470    4.320715833756888e-08
8480    4.319743369555692e-08
8490    4.318770246858068e-08
8500    4.317796467024625e-08
8510    4.316822031415794e-08
8520    4.3158469413917713e-08
8530    4.3148711983125574e-08
8540    4.313894803537955e-08
8550    4.3129177584275236e-08
8560    4.31194006434062e-08
8570    4.3109617226363746e-08
8580    4.309982734673687e-08
8590    4.309003101811228e-08
8600    4.308022825407435e-08
8610    4.3070419068205e-08
8620    4.3060603474083844e-08
8630    4.305078148528792e-08
8640    4.30409531153918e-08
8650    4.303111837796757e-08
8660    4.302127728658466e-08
8670    4.301142985480997e-08
8680    4.300157609620776e-08
8690    4.299171602433952e-08
8700    4.2981849652764064e-08
8710    4.297197699503752e-08
8720    4.296209806471309e-08
8730    4.295221287534124e-08
8740    4.294232144046958e-08
8750    4.293242377364278e-08
8760    4.292251988840259e-08
8770    4.291260979828772e-08
8780    4.290269351683403e-08
8790    4.2892771057574175e-08
8800    4.2882842434037784e-08
8810    4.287290765975138e-08
8820    4.2862966748238367e-08
8830    4.285301971301887e-08
8840    4.284306656760987e-08
8850    4.2833107325524994e-08
8860    4.282314200027472e-08
8870    4.2813170605366045e-08
8880    4.2803193154302663e-08
8890    4.279320966058496e-08
8900    4.278322013770966e-08
8910    4.277322459917025e-08
8920    4.276322305845657e-08
8930    4.275321552905493e-08
8940    4.2743202024448096e-08
8950    4.273318255811523e-08
8960    4.27231571435318e-08
8970    4.2713125794169664e-08
8980    4.270308852349688e-08
8990    4.269304534497778e-08
9000    4.268299627207298e-08
9010    4.2672941318239144e-08
9020    4.266288049692922e-08
9030    4.265281382159216e-08
9040    4.264274130567307e-08
9050    4.263266296261301e-08
9060    4.2622578805849115e-08
9070    4.261248884881455e-08
9080    4.260239310493829e-08
9090    4.259229158764526e-08
9100    4.25821843103563e-08
9110    4.257207128648804e-08
9120    4.256195252945294e-08
9130    4.2551828052659245e-08
9140    4.254169786951092e-08
9150    4.253156199340761e-08
9160    4.252142043774466e-08
9170    4.251127321591305e-08
9180    4.250112034129935e-08
9190    4.249096182728575e-08
9200    4.24807976872499e-08
9210    4.2470627934565e-08
9220    4.2460452582599686e-08
9230    4.245027164471811e-08
9240    4.244008513427978e-08
9250    4.242989306463952e-08
9260    4.2419695449147615e-08
9270    4.240949230114958e-08
9280    4.2399283633986203e-08
9290    4.23890694609935e-08
9300    4.237884979550281e-08
9310    4.236862465084049e-08
9320    4.2358394040328186e-08
9330    4.234815797728254e-08
9340    4.2337916475015373e-08
9350    4.2327669546833457e-08
9360    4.2317417206038685e-08
9370    4.230715946592787e-08
9380    4.2296896339792784e-08
9390    4.2286627840920106e-08
9400    4.227635398259149e-08
9410    4.226607477808333e-08
9420    4.225579024066698e-08
9430    4.224550038360839e-08
9440    4.2235205220168536e-08
9450    4.222490476360291e-08
9460    4.2214599027161805e-08
9470    4.220428802409017e-08
9480    4.2193971767627593e-08
9490    4.218365027100825e-08
9500    4.217332354746089e-08
9510    4.216299161020887e-08
9520    4.2152654472470004e-08
9530    4.214231214745661e-08
9540    4.213196464837545e-08
9550    4.212161198842778e-08
9560    4.21112541808091e-08
9570    4.210089123870939e-08
9580    4.209052317531294e-08
9590    4.2080150003798366e-08
9600    4.206977173733846e-08
9610    4.2059388389100384e-08
9620    4.204899997224542e-08
9630    4.2038606499929086e-08
9640    4.2028207985300985e-08
9650    4.20178044415049e-08
9660    4.2007395881678736e-08
9670    4.199698231895436e-08
9680    4.198656376645775e-08
9690    4.197614023730888e-08
9700    4.196571174462167e-08
9710    4.1955278301504e-08
9720    4.194483992105764e-08
9730    4.1934396616378316e-08
9740    4.192394840055555e-08
9750    4.1913495286672724e-08
9760    4.1903037287806936e-08
9770    4.189257441702919e-08
9780    4.188210668740415e-08
9790    4.187163411199019e-08
9800    4.1861156703839384e-08
9810    4.185067447599751e-08
9820    4.184018744150381e-08
9830    4.182969561339136e-08
9840    4.18191990046866e-08
9850    4.180869762840963e-08
9860    4.179819149757401e-08
9870    4.178768062518682e-08
9880    4.177716502424858e-08
9890    4.17666447077532e-08
9900    4.175611968868806e-08
9910    4.174558998003386e-08
9920    4.173505559476471e-08
9930    4.172451654584796e-08
9940    4.1713972846244283e-08
9950    4.170342450890763e-08
9960    4.1692871546785155e-08
9970    4.168231397281722e-08
9980    4.1671751799937427e-08
9990    4.166118504107246e-08
10000    4.165061370914216e-08
10010    4.164003781705947e-08
10020    4.1629457377730364e-08
10030    4.161887240405393e-08
10040    4.16082829089222e-08
10050    4.1597688905220265e-08
10060    4.158709040582609e-08
10070    4.157648742361071e-08
10080    4.1565879971437954e-08
10090    4.155526806216459e-08
10100    4.154465170864021e-08
10110    4.153403092370725e-08
10120    4.152340572020097e-08
10130    4.151277611094939e-08
10140    4.150214210877329e-08
10150    4.149150372648618e-08
10160    4.148086097689429e-08
10170    4.1470213872796445e-08
10180    4.145956242698417e-08
10190    4.144890665224168e-08
10200    4.143824656134566e-08
10210    4.142758216706549e-08
10220    4.1416913482162985e-08
10230    4.140624051939254e-08
10240    4.1395563291501074e-08
10250    4.138488181122789e-08
10260    4.137419609130484e-08
10270    4.136350614445608e-08
10280    4.1352811983398246e-08
10290    4.134211362084033e-08
10300    4.1331411069483645e-08
10310    4.132070434202185e-08
10320    4.1309993451140844e-08
10330    4.129927840951886e-08
10340    4.128855922982639e-08
10350    4.127783592472604e-08
10360    4.1267108506872744e-08
10370    4.125637698891351e-08
10380    4.124564138348754e-08
10390    4.123490170322618e-08
10400    4.122415796075279e-08
10410    4.12134101686829e-08
10420    4.1202658339624006e-08
10430    4.1191902486175734e-08
10440    4.118114262092963e-08
10450    4.1170378756469255e-08
10460    4.1159610905370066e-08
10470    4.1148839080199606e-08
10480    4.11380632935171e-08
10490    4.1127283557873894e-08
10500    4.111649988581302e-08
10510    4.1105712289869423e-08
10520    4.1094920782569835e-08
10530    4.1084125376432826e-08
10540    4.1073326083968703e-08
10550    4.1062522917679513e-08
10560    4.1051715890059e-08
10570    4.104090501359271e-08
10580    4.103009030075773e-08
10590    4.1019271764022926e-08
10600    4.10084494158487e-08
10610    4.099762326868709e-08
10620    4.0986793334981776e-08
10630    4.097595962716795e-08
10640    4.096512215767232e-08
10650    4.095428093891315e-08
10660    4.094343598330025e-08
10670    4.093258730323479e-08
10680    4.092173491110948e-08
10690    4.091087881930846e-08
10700    4.090001904020725e-08
10710    4.088915558617268e-08
10720    4.087828846956316e-08
10730    4.086741770272822e-08
10740    4.085654329800883e-08
10750    4.084566526773724e-08
10760    4.083478362423696e-08
10770    4.082389837982279e-08
10780    4.081300954680072e-08
10790    4.080211713746804e-08
10800    4.0791221164113096e-08
10810    4.0780321639015524e-08
10820    4.0769418574446105e-08
10830    4.0758511982666666e-08
10840    4.074760187593024e-08
10850    4.0736688266480915e-08
10860    4.0725771166553776e-08
10870    4.071485058837511e-08
10880    4.070392654416204e-08
10890    4.06929990461229e-08
10900    4.068206810645681e-08
10910    4.067113373735405e-08
10920    4.06601959509957e-08
10930    4.064925475955377e-08
10940    4.063831017519128e-08
10950    4.062736221006207e-08
10960    4.061641087631085e-08
10970    4.060545618607316e-08
10980    4.059449815147536e-08
10990    4.058353678463468e-08
11000    4.057257209765908e-08
11010    4.0561604102647286e-08
11020    4.055063281168876e-08
11030    4.053965823686379e-08
11040    4.052868039024324e-08
11050    4.0517699283888736e-08
11060    4.0506714929852535e-08
11070    4.049572734017763e-08
11080    4.048473652689751e-08
11090    4.0473742502036374e-08
11100    4.046274527760898e-08
11110    4.045174486562071e-08
11120    4.044074127806599e-08
11130    4.042973452691714e-08
11140    4.0418724624130454e-08
11150    4.04077115816526e-08
11160    4.0396695411420644e-08
11170    4.0385676125362105e-08
11180    4.037465373539486e-08
11190    4.036362825342717e-08
11200    4.035259969135771e-08
11210    4.0341568061075396e-08
11220    4.0330533374459534e-08
11230    4.0319495643379665e-08
11240    4.0308454879695714e-08
11250    4.029741109525783e-08
11260    4.0286364301906303e-08
11270    4.0275314511471835e-08
11280    4.0264261735775245e-08
11290    4.025320598662751e-08
11300    4.024214727582992e-08
11310    4.0231085615173754e-08
11320    4.022002101644059e-08
11330    4.020895349140207e-08
11340    4.019788305181989e-08
11350    4.018680970944594e-08
11360    4.017573347602213e-08
11370    4.0164654363280465e-08
11380    4.0153572382942926e-08
11390    4.0142487546721574e-08
11400    4.013139986631852e-08
11410    4.012030935342579e-08
11420    4.0109216019725394e-08
11430    4.009811987688936e-08
11440    4.008702093657959e-08
11450    4.0075919210447955e-08
11460    4.0064814710136265e-08
11470    4.005370744727614e-08
11480    4.004259743348915e-08
11490    4.003148468038674e-08
11500    4.002036919957011e-08
11510    4.000925100263041e-08
11520    3.999813010114854e-08
11530    3.998700650669518e-08
11540    3.997588023083081e-08
11550    3.9964751285105736e-08
11560    3.995361968105998e-08
11570    3.994248543022329e-08
11580    3.993134854411509e-08
11590    3.99202090342446e-08
11600    3.990906691211072e-08
11610    3.989792218920195e-08
11620    3.988677487699656e-08
11630    3.98756249869624e-08
11640    3.986447253055696e-08
11650    3.985331751922734e-08
11660    3.984215996441025e-08
11670    3.9830999877532014e-08
11680    3.981983727000851e-08
11690    3.980867215324518e-08
11700    3.979750453863697e-08
11710    3.9786334437568416e-08
11720    3.977516186141358e-08
11730    3.9763986821535886e-08
11740    3.975280932928842e-08
11750    3.9741629396013675e-08
11760    3.973044703304356e-08
11770    3.971926225169949e-08
11780    3.97080750632923e-08
11790    3.969688547912214e-08
11800    3.968569351047879e-08
11810    3.9674499168641175e-08
11820    3.966330246487773e-08
11830    3.965210341044623e-08
11840    3.964090201659377e-08
11850    3.9629698294556853e-08
11860    3.96184922555612e-08
11870    3.960728391082193e-08
11880    3.9596073271543397e-08
11890    3.958486034891926e-08
11900    3.957364515413248e-08
11910    3.9562427698355214e-08
11920    3.955120799274888e-08
11930    3.953998604846419e-08
11940    3.952876187664097e-08
11950    3.95175354884083e-08
11960    3.950630689488451e-08
11970    3.949507610717699e-08
11980    3.948384313638238e-08
11990    3.947260799358647e-08
12000    3.946137068986415e-08
12010    3.9450131236279475e-08
12020    3.94388896438856e-08
12030    3.9427645923724776e-08
12040    3.941640008682845e-08
12050    3.940515214421694e-08
12060    3.939390210689982e-08
12070    3.938264998587565e-08
12080    3.937139579213206e-08
12090    3.9360139536645616e-08
12100    3.9348881230382105e-08
12110    3.933762088429612e-08
12120    3.932635850933134e-08
12130    3.931509411642044e-08
12140    3.930382771648505e-08
12150    3.9292559320435775e-08
12160    3.928128893917216e-08
12170    3.9270016583582684e-08
12180    3.925874226454477e-08
12190    3.9247465992924784e-08
12200    3.9236187779577955e-08
12210    3.9224907635348424e-08
12220    3.9213625571069255e-08
12230    3.920234159756232e-08
12240    3.9191055725638373e-08
12250    3.9179767966097066e-08
12260    3.916847832972685e-08
12270    3.915718682730502e-08
12280    3.914589346959773e-08
12290    3.913459826735985e-08
12300    3.9123301231335146e-08
12310    3.911200237225612e-08
12320    3.910070170084411e-08
12330    3.9089399227809126e-08
12340    3.907809496385004e-08
12350    3.9066788919654396e-08
12360    3.905548110589852e-08
12370    3.9044171533247475e-08
12380    3.9032860212355055e-08
12390    3.902154715386366e-08
12400    3.9010232368404504e-08
12410    3.8998915866597456e-08
12420    3.8987597659051076e-08
12430    3.897627775636253e-08
12440    3.896495616911774e-08
12450    3.895363290789123e-08
12460    3.894230798324616e-08
12470    3.893098140573435e-08
12480    3.89196531858962e-08
12490    3.890832333426076e-08
12500    3.889699186134568e-08
12510    3.8885658777657275e-08
12520    3.8874324093690286e-08
12530    3.8862987819928165e-08
12540    3.885164996684289e-08
12550    3.8840310544895026e-08
12560    3.882896956453361e-08
12570    3.881762703619635e-08
12580    3.8806282970309375e-08
12590    3.8794937377287375e-08
12600    3.8783590267533616e-08
12610    3.877224165143981e-08
12620    3.876089153938614e-08
12630    3.874953994174136e-08
12640    3.873818686886269e-08
12650    3.872683233109578e-08
12660    3.8715476338774823e-08
12670    3.870411890222237e-08
12680    3.8692760031749525e-08
12690    3.868139973765577e-08
12700    3.867003803022907e-08
12710    3.865867491974576e-08
12720    3.864731041647067e-08
12730    3.8635944530656954e-08
12740    3.862457727254626e-08
12750    3.8613208652368586e-08
12760    3.860183868034232e-08
12770    3.8590467366674233e-08
12780    3.857909472155953e-08
12790    3.856772075518166e-08
12800    3.8556345477712545e-08
12810    3.854496889931241e-08
12820    3.8533591030129867e-08
12830    3.8522211880301784e-08
12840    3.851083145995344e-08
12850    3.849944977919843e-08
12860    3.848806684813863e-08
12870    3.8476682676864245e-08
12880    3.846529727545384e-08
12890    3.8453910653974166e-08
12900    3.844252282248032e-08
12910    3.8431133791015755e-08
12920    3.841974356961206e-08
12930    3.840835216828923e-08
12940    3.839695959705544e-08
12950    3.8385565865907145e-08
12960    3.8374170984829086e-08
12970    3.836277496379419e-08
12980    3.8351377812763657e-08
12990    3.8339979541686954e-08
13000    3.832858016050171e-08
13010    3.831717967913383e-08
13020    3.830577810749739e-08
13030    3.82943754554947e-08
13040    3.828297173301629e-08
13050    3.8271566949940873e-08
13060    3.8260161116135326e-08
13070    3.824875424145477e-08
13080    3.8237346335742464e-08
13090    3.822593740882983e-08
13100    3.82145274705365e-08
13110    3.8203116530670256e-08
13120    3.819170459902707e-08
13130    3.818029168539096e-08
13140    3.816887779953427e-08
13150    3.815746295121731e-08
13160    3.814604715018865e-08
13170    3.813463040618488e-08
13180    3.812321272893088e-08
13190    3.8111794128139486e-08
13200    3.810037461351176e-08
13210    3.808895419473684e-08
13220    3.807753288149197e-08
13230    3.806611068344251e-08
13240    3.805468761024191e-08
13250    3.8043263671531684e-08
13260    3.803183887694149e-08
13270    3.802041323608909e-08
13280    3.800898675858023e-08
13290    3.799755945400884e-08
13300    3.7986131331956803e-08
13310    3.797470240199417e-08
13320    3.7963272673679066e-08
13330    3.7951842156557587e-08
13340    3.7940410860163916e-08
13350    3.792897879402031e-08
13360    3.791754596763708e-08
13370    3.790611239051257e-08
13380    3.7894678072133094e-08
13390    3.788324302197313e-08
13400    3.787180724949511e-08
13410    3.7860370764149425e-08
13420    3.784893357537469e-08
13430    3.783749569259732e-08
13440    3.782605712523186e-08
13450    3.7814617882680896e-08
13460    3.780317797433494e-08
13470    3.779173740957254e-08
13480    3.7780296197760276e-08
13490    3.776885434825271e-08
13500    3.7757411870392416e-08
13510    3.774596877350986e-08
13520    3.773452506692366e-08
13530    3.7723080759940284e-08
13540    3.771163586185428e-08
13550    3.7700190381948075e-08
13560    3.7688744329492195e-08
13570    3.767729771374505e-08
13580    3.766585054395304e-08
13590    3.765440282935053e-08
13600    3.7642954579159876e-08
13610    3.763150580259142e-08
13620    3.762005650884336e-08
13630    3.760860670710197e-08
13640    3.759715640654139e-08
13650    3.758570561632378e-08
13660    3.757425434559922e-08
13670    3.756280260350573e-08
13680    3.755135039916925e-08
13690    3.753989774170376e-08
13700    3.752844464021111e-08
13710    3.751699110378104e-08
13720    3.750553714149132e-08
13730    3.74940827624076e-08
13740    3.748262797558353e-08
13750    3.747117279006059e-08
13760    3.7459717214868295e-08
13770    3.744826125902395e-08
13780    3.743680493153291e-08
13790    3.7425348241388426e-08
13800    3.7413891197571615e-08
13810    3.740243380905159e-08
13820    3.739097608478529e-08
13830    3.737951803371766e-08
13840    3.736805966478152e-08
13850    3.735660098689761e-08
13860    3.734514200897455e-08
13870    3.733368273990891e-08
13880    3.7322223188585185e-08
13890    3.731076336387569e-08
13900    3.729930327464074e-08
13910    3.728784292972856e-08
13920    3.727638233797514e-08
13930    3.726492150820457e-08
13940    3.725346044922865e-08
13950    3.724199916984723e-08
13960    3.723053767884803e-08
13970    3.721907598500662e-08
13980    3.7207614097086434e-08
13990    3.7196152023838955e-08
14000    3.7184689774003376e-08
14010    3.717322735630695e-08
14020    3.71617647794647e-08
14030    3.715030205217963e-08
14040    3.713883918314258e-08
14050    3.7127376181032295e-08
14060    3.7115913054515486e-08
14070    3.710444981224662e-08
14080    3.709298646286818e-08
14090    3.7081523015010434e-08
14100    3.7070059477291667e-08
14110    3.7058595858317915e-08
14120    3.7047132166683216e-08
14130    3.7035668410969475e-08
14140    3.702420459974642e-08
14150    3.701274074157175e-08
14160    3.700127684499101e-08
14170    3.698981291853768e-08
14180    3.6978348970733044e-08
14190    3.696688501008636e-08
14200    3.6955421045094745e-08
14210    3.694395708424321e-08
14220    3.693249313600467e-08
14230    3.69210292088399e-08
14240    3.6909565311197597e-08
14250    3.6898101451514314e-08
14260    3.688663763821455e-08
14270    3.687517387971063e-08
14280    3.686371018440284e-08
14290    3.685224656067931e-08
14300    3.68407830169161e-08
14310    3.682931956147712e-08
14320    3.681785620271425e-08
14330    3.6806392948967186e-08
14340    3.679492980856357e-08
14350    3.6783466789818905e-08
14360    3.6772003901036655e-08
14370    3.6760541150508083e-08
14380    3.674907854651249e-08
14390    3.6737616097316976e-08
14400    3.672615381117655e-08
14410    3.671469169633417e-08
14420    3.670322976102067e-08
14430    3.669176801345478e-08
14440    3.668030646184317e-08
14450    3.6668845114380427e-08
14460    3.6657383979248975e-08
14470    3.66459230646192e-08
14480    3.6634462378649453e-08
14490    3.662300192948588e-08
14500    3.661154172526264e-08
14510    3.6600081774101776e-08
14520    3.658862208411323e-08
14530    3.657716266339489e-08
14540    3.656570352003259e-08
14550    3.655424466210003e-08
14560    3.6542786097658845e-08
14570    3.6531327834758626e-08
14580    3.651986988143691e-08
14590    3.6508412245719114e-08
14600    3.6496954935618556e-08
14610    3.648549795913663e-08
14620    3.647404132426254e-08
14630    3.6462585038973445e-08
14640    3.645112911123448e-08
14650    3.643967354899869e-08
14660    3.642821836020713e-08
14670    3.641676355278869e-08
14680    3.640530913466035e-08
14690    3.639385511372688e-08
14700    3.6382401497881096e-08
14710    3.637094829500381e-08
14720    3.6359495512963686e-08
14730    3.634804315961748e-08
14740    3.6336591242809725e-08
14750    3.632513977037312e-08
14760    3.631368875012819e-08
14770    3.63022381898835e-08
14780    3.629078809743557e-08
14790    3.627933848056889e-08
14800    3.626788934705592e-08
14810    3.625644070465714e-08
14820    3.624499256112095e-08
14830    3.62335449241838e-08
14840    3.62220978015701e-08
14850    3.6210651200992233e-08
14860    3.6199205130150604e-08
14870    3.618775959673365e-08
14880    3.6176314608417704e-08
14890    3.61648701728672e-08
14900    3.615342629773456e-08
14910    3.6141982990660176e-08
14920    3.6130540259272484e-08
14930    3.6119098111187956e-08
14940    3.610765655401103e-08
14950    3.609621559533421e-08
14960    3.6084775242737997e-08
14970    3.607333550379093e-08
14980    3.606189638604961e-08
14990    3.605045789705865e-08
15000    3.603902004435068e-08
15010    3.602758283544639e-08
15020    3.6016146277854563e-08
15030    3.600471037907196e-08
15040    3.599327514658344e-08
15050    3.5981840587861875e-08
15060    3.597040671036822e-08
15070    3.5958973521551577e-08
15080    3.594754102884896e-08
15090    3.593610923968556e-08
15100    3.592467816147465e-08
15110    3.5913247801617484e-08
15120    3.590181816750351e-08
15130    3.5890389266510216e-08
15140    3.587896110600319e-08
15150    3.5867533693336054e-08
15160    3.585610703585067e-08
15170    3.584468114087681e-08
15180    3.583325601573253e-08
15190    3.5821831667723944e-08
15200    3.581040810414522e-08
15210    3.579898533227867e-08
15220    3.578756335939479e-08
15230    3.5776142192752135e-08
15240    3.5764721839597404e-08
15250    3.575330230716547e-08
15260    3.574188360267932e-08
15270    3.573046573335008e-08
15280    3.5719048706377004e-08
15290    3.570763252894761e-08
15300    3.5696217208237396e-08
15310    3.568480275141017e-08
15320    3.5673389165617844e-08
15330    3.566197645800049e-08
15340    3.565056463568643e-08
15350    3.56391537057921e-08
15360    3.56277436754221e-08
15370    3.561633455166929e-08
15380    3.560492634161466e-08
15390    3.559351905232749e-08
15400    3.558211269086513e-08
15410    3.55707072642733e-08
15420    3.555930277958577e-08
15430    3.554789924382468e-08
15440    3.553649666400026e-08
15450    3.552509504711103e-08
15460    3.5513694400143815e-08
15470    3.550229473007353e-08
15480    3.549089604386346e-08
15490    3.547949834846503e-08
15500    3.5468101650818076e-08
15510    3.545670595785053e-08
15520    3.544531127647865e-08
15530    3.543391761360699e-08
15540    3.5422524976128345e-08
15550    3.541113337092382e-08
15560    3.539974280486277e-08
15570    3.538835328480283e-08
15580    3.5376964817590004e-08
15590    3.536557741005852e-08
15600    3.535419106903095e-08
15610    3.534280580131817e-08
15620    3.5331421613719375e-08
15630    3.53200385130221e-08
15640    3.530865650600216e-08
15650    3.529727559942373e-08
15660    3.528589580003938e-08
15670    3.527451711458989e-08
15680    3.526313954980456e-08
15690    3.525176311240089e-08
15700    3.524038780908489e-08
15710    3.522901364655075e-08
15720    3.5217640631481216e-08
15730    3.5206268770547365e-08
15740    3.519489807040858e-08
15750    3.518352853771272e-08
15760    3.5172160179096015e-08
15770    3.516079300118306e-08
15780    3.514942701058691e-08
15790    3.513806221390902e-08
15800    3.512669861773926e-08
15810    3.5115336228655904e-08
15820    3.5103975053225734e-08
15830    3.5092615098003904e-08
15840    3.5081256369534016e-08
15850    3.506989887434812e-08
15860    3.505854261896676e-08
15870    3.504718760989893e-08
15880    3.503583385364207e-08
15890    3.502448135668209e-08
15900    3.501313012549344e-08
15910    3.5001780166539006e-08
15920    3.4990431486270166e-08
15930    3.4979084091126834e-08
15940    3.4967737987537414e-08
15950    3.4956393181918796e-08
15960    3.494504968067645e-08
15970    3.4933707490204333e-08
15980    3.4922366616884895e-08
15990    3.491102706708923e-08
16000    3.489968884717687e-08
16010    3.488835196349597e-08
16020    3.4877016422383223e-08
16030    3.486568223016388e-08
16040    3.4854349393151756e-08
16050    3.4843017917649255e-08
16060    3.483168780994739e-08
16070    3.482035907632575e-08
16080    3.48090317230525e-08
16090    3.479770575638441e-08
16100    3.478638118256693e-08
16110    3.477505800783402e-08
16120    3.476373623840836e-08
16130    3.475241588050126e-08
16140    3.474109694031255e-08
16150    3.4729779424030854e-08
16160    3.471846333783339e-08
16170    3.470714868788602e-08
16180    3.469583548034328e-08
16190    3.468452372134844e-08
16200    3.46732134170333e-08
16210    3.4661904573518516e-08
16220    3.465059719691337e-08
16230    3.4639291293315856e-08
16240    3.4627986868812645e-08
16250    3.461668392947915e-08
16260    3.460538248137952e-08
16270    3.4594082530566594e-08
16280    3.458278408308202e-08
16290    3.457148714495612e-08
16300    3.4560191722208e-08
16310    3.4548897820845505e-08
16320    3.453760544686529e-08
16330    3.4526314606252776e-08
16340    3.451502530498212e-08
16350    3.4503737549016265e-08
16360    3.4492451344307045e-08
16370    3.4481166696795014e-08
16380    3.4469883612409555e-08
16390    3.4458602097068834e-08
16400    3.444732215667994e-08
16410    3.4436043797138705e-08
16420    3.442476702432987e-08
16430    3.4413491844126975e-08
16440    3.4402218262392393e-08
16450    3.4390946284977475e-08
16460    3.4379675917722274e-08
16470    3.43684071664559e-08
16480    3.4357140036996235e-08
16490    3.434587453515007e-08
16500    3.433461066671311e-08
16510    3.432334843747002e-08
16520    3.4312087853194326e-08
16530    3.4300828919648415e-08
16540    3.4289571642583775e-08
16550    3.4278316027740705e-08
16560    3.42670620808485e-08
16570    3.4255809807625396e-08
16580    3.4244559213778584e-08
16590    3.423331030500424e-08
16600    3.422206308698754e-08
16610    3.4210817565402624e-08
16620    3.4199573745912647e-08
16630    3.4188331634169694e-08
16640    3.417709123581499e-08
16650    3.416585255647873e-08
16660    3.4154615601780014e-08
16670    3.414338037732716e-08
16680    3.4132146888717455e-08
16690    3.4120915141537195e-08
16700    3.410968514136182e-08
16710    3.409845689375573e-08
16720    3.408723040427254e-08
16730    3.407600567845482e-08
16740    3.406478272183431e-08
16750    3.405356153993183e-08
16760    3.4042342138257315e-08
16770    3.4031124522309766e-08
16780    3.401990869757739e-08
16790    3.40086946695375e-08
16800    3.399748244365649e-08
16810    3.3986272025389996e-08
16820    3.397506342018278e-08
16830    3.3963856633468736e-08
16840    3.3952651670670944e-08
16850    3.394144853720169e-08
16860    3.393024723846251e-08
16870    3.3919047779843984e-08
16880    3.390785016672605e-08
16890    3.389665440447776e-08
16900    3.388546049845747e-08
16910    3.3874268454012746e-08
16920    3.386307827648033e-08
16930    3.385188997118634e-08
16940    3.384070354344603e-08
16950    3.3829518998563996e-08
16960    3.3818336341834135e-08
16970    3.38071555785395e-08
16980    3.3795976713952576e-08
16990    3.378479975333511e-08
17000    3.377362470193811e-08
17010    3.3762451565001975e-08
17020    3.3751280347756363e-08
17030    3.374011105542036e-08
17040    3.372894369320229e-08
17050    3.3717778266299906e-08
17060    3.3706614779900274e-08
17070    3.36954532391799e-08
17080    3.3684293649304617e-08
17090    3.367313601542965e-08
17100    3.3661980342699645e-08
17110    3.365082663624862e-08
17120    3.363967490120004e-08
17130    3.362852514266681e-08
17140    3.3617377365751216e-08
17150    3.360623157554504e-08
17160    3.359508777712946e-08
17170    3.358394597557514e-08
17180    3.357280617594225e-08
17190    3.356166838328038e-08
17200    3.355053260262863e-08
17210    3.3539398839015616e-08
17220    3.3528267097459396e-08
17230    3.351713738296764e-08
17240    3.350600970053743e-08
17250    3.349488405515546e-08
17260    3.3483760451797964e-08
17270    3.3472638895430665e-08
17280    3.346151939100887e-08
17290    3.3450401943477506e-08
17300    3.343928655777102e-08
17310    3.342817323881346e-08
17320    3.341706199151844e-08
17330    3.340595282078924e-08
17340    3.339484573151871e-08
17350    3.338374072858934e-08
17360    3.3372637816873225e-08
17370    3.336153700123214e-08
17380    3.3350438286517515e-08
17390    3.3339341677570346e-08
17400    3.332824717922139e-08
17410    3.3317154796291124e-08
17420    3.330606453358957e-08
17430    3.329497639591655e-08
17440    3.3283890388061534e-08
17450    3.327280651480377e-08
17460    3.32617247809122e-08
17470    3.325064519114546e-08
17480    3.3239567750252e-08
17490    3.322849246296995e-08
17500    3.321741933402726e-08
17510    3.320634836814162e-08
17520    3.31952795700205e-08
17530    3.318421294436119e-08
17540    3.317314849585073e-08
17550    3.316208622916602e-08
17560    3.3151026148973725e-08
17570    3.3139968259930384e-08
17580    3.312891256668234e-08
17590    3.311785907386578e-08
17600    3.310680778610679e-08
17610    3.309575870802126e-08
17620    3.3084711844215006e-08
17630    3.3073667199283697e-08
17640    3.306262477781291e-08
17650    3.305158458437813e-08
17660    3.304054662354473e-08
17670    3.302951089986801e-08
17680    3.301847741789321e-08
17690    3.3007446182155556e-08
17700    3.299641719718014e-08
17710    3.298539046748208e-08
17720    3.297436599756641e-08
17730    3.296334379192816e-08
17740    3.2952323855052433e-08
17750    3.2941306191414195e-08
17760    3.2930290805478475e-08
17770    3.2919277701700415e-08
17780    3.290826688452499e-08
17790    3.289725835838738e-08
17800    3.2886252127712764e-08
17810    3.2875248196916335e-08
17820    3.28642465704034e-08
17830    3.285324725256932e-08
17840    3.284225024779956e-08
17850    3.283125556046967e-08
17860    3.282026319494527e-08
17870    3.2809273155582175e-08
17880    3.2798285446726277e-08
17890    3.2787300072713554e-08
17900    3.277631703787022e-08
17910    3.2765336346512626e-08
17920    3.2754358002947216e-08
17930    3.274338201147066e-08
17940    3.273240837636984e-08
17950    3.272143710192178e-08
17960    3.271046819239372e-08
17970    3.269950165204312e-08
17980    3.268853748511768e-08
17990    3.26775756958553e-08
18000    3.2666616288484156e-08
18010    3.2655659267222615e-08
18020    3.264470463627938e-08
18030    3.2633752399853404e-08
18040    3.262280256213392e-08
18050    3.2611855127300414e-08
18060    3.260091009952273e-08
18070    3.2589967482960996e-08
18080    3.257902728176571e-08
18090    3.256808950007759e-08
18100    3.25571541420278e-08
18110    3.254622121173782e-08
18120    3.253529071331952e-08
18130    3.252436265087508e-08
18140    3.251343702849711e-08
18150    3.2502513850268617e-08
18160    3.249159312026297e-08
18170    3.248067484254399e-08
18180    3.2469759021165896e-08
18190    3.245884566017333e-08
18200    3.244793476360143e-08
18210    3.243702633547572e-08
18220    3.242612037981221e-08
18230    3.2415216900617415e-08
18240    3.240431590188826e-08
18250    3.2393417387612244e-08
18260    3.238252136176733e-08
18270    3.2371627828322e-08
18280    3.236073679123522e-08
18290    3.234984825445653e-08
18300    3.2338962221926024e-08
18310    3.2328078697574277e-08
18320    3.231719768532257e-08
18330    3.2306319189082586e-08
18340    3.229544321275674e-08
18350    3.228456976023789e-08
18360    3.227369883540963e-08
18370    3.226283044214613e-08
18380    3.225196458431216e-08
18390    3.224110126576311e-08
18400    3.223024049034506e-08
18410    3.221938226189473e-08
18420    3.2208526584239495e-08
18430    3.219767346119741e-08
18440    3.2186822896577206e-08
18450    3.217597489417829e-08
18460    3.216512945779087e-08
18470    3.215428659119577e-08
18480    3.2143446298164546e-08
18490    3.213260858245952e-08
18500    3.212177344783382e-08
18510    3.2110940898031176e-08
18520    3.210011093678624e-08
18530    3.208928356782433e-08
18540    3.207845879486162e-08
18550    3.20676366216051e-08
18560    3.205681705175245e-08
18570    3.204600008899227e-08
18580    3.2035185737004e-08
18590    3.202437399945785e-08
18600    3.2013564880014926e-08
18610    3.200275838232717e-08
18620    3.199195451003738e-08
18630    3.198115326677932e-08
18640    3.197035465617751e-08
18650    3.195955868184747e-08
18660    3.1948765347395626e-08
18670    3.1937974656419256e-08
18680    3.192718661250662e-08
18690    3.1916401219236954e-08
18700    3.190561848018038e-08
18710    3.1894838398898e-08
18720    3.1884060978941906e-08
18730    3.1873286223855166e-08
18740    3.1862514137171834e-08
18750    3.185174472241698e-08
18760    3.18409779831067e-08
18770    3.183021392274806e-08
18780    3.181945254483921e-08
18790    3.180869385286934e-08
18800    3.1797937850318695e-08
18810    3.178718454065853e-08
18820    3.1776433927351326e-08
18830    3.1765686013850445e-08
18840    3.175494080360051e-08
18850    3.174419830003717e-08
18860    3.173345850658726e-08
18870    3.172272142666862e-08
18880    3.171198706369035e-08
18890    3.170125542105271e-08
18900    3.1690526502146976e-08
18910    3.167980031035573e-08
18920    3.1669076849052686e-08
18930    3.165835612160273e-08
18940    3.164763813136201e-08
18950    3.163692288167782e-08
18960    3.162621037588871e-08
18970    3.161550061732444e-08
18980    3.1604793609306064e-08
18990    3.159408935514581e-08
19000    3.1583387858147264e-08
19010    3.1572689121605176e-08
19020    3.156199314880567e-08
19030    3.155129994302616e-08
19040    3.154060950753531e-08
19050    3.1529921845593146e-08
19060    3.151923696045101e-08
19070    3.150855485535156e-08
19080    3.149787553352882e-08
19090    3.1487198998208165e-08
19100    3.147652525260639e-08
19110    3.146585429993158e-08
19120    3.1455186143383235e-08
19130    3.14445207861523e-08
19140    3.143385823142114e-08
19150    3.142319848236342e-08
19160    3.141254154214439e-08
19170    3.140188741392064e-08
19180    3.1391236100840234e-08
19190    3.138058760604274e-08
19200    3.1369941932659124e-08
19210    3.135929908381192e-08
19220    3.134865906261508e-08
19230    3.1338021872174125e-08
19240    3.132738751558604e-08
19250    3.131675599593936e-08
19260    3.130612731631414e-08
19270    3.129550147978206e-08
19280    3.128487848940619e-08
19290    3.127425834824135e-08
19300    3.1263641059333814e-08
19310    3.1253026625721486e-08
19320    3.124241505043392e-08
19330    3.123180633649217e-08
19340    3.1221200486909005e-08
19350    3.1210597504688774e-08
19360    3.119999739282748e-08
19370    3.118940015431282e-08
19380    3.117880579212405e-08
19390    3.116821430923221e-08
19400    3.115762570859993e-08
19410    3.1147039993181623e-08
19420    3.113645716592336e-08
19430    3.112587722976289e-08
19440    3.111530018762974e-08
19450    3.110472604244519e-08
19460    3.109415479712217e-08
19470    3.10835864545655e-08
19480    3.1073021017671655e-08
19490    3.106245848932896e-08
19500    3.105189887241746e-08
19510    3.1041342169809026e-08
19520    3.1030788384367405e-08
19530    3.102023751894809e-08
19540    3.10096895763984e-08
19550    3.099914455955753e-08
19560    3.0988602471256494e-08
19570    3.097806331431822e-08
19580    3.0967527091557467e-08
19590    3.095699380578085e-08
19600    3.094646345978695e-08
19610    3.0935936056366204e-08
19620    3.0925411598300944e-08
19630    3.0914890088365515e-08
19640    3.090437152932605e-08
19650    3.08938559239408e-08
19660    3.088334327495987e-08
19670    3.087283358512529e-08
19680    3.0862326857171184e-08
19690    3.085182309382359e-08
19700    3.0841322297800586e-08
19710    3.0830824471812185e-08
19720    3.0820329618560503e-08
19730    3.080983774073962e-08
19740    3.0799348841035724e-08
19750    3.0788862922127e-08
19760    3.07783799866837e-08
19770    3.076790003736818e-08
19780    3.075742307683485e-08
19790    3.074694910773018e-08
19800    3.0736478132692864e-08
19810    3.072601015435356e-08
19820    3.071554517533513e-08
19830    3.070508319825263e-08
19840    3.069462422571308e-08
19850    3.0684168260315836e-08
19860    3.067371530465233e-08
19870    3.066326536130624e-08
19880    3.0652818432853296e-08
19890    3.0642374521861595e-08
19900    3.0631933630891316e-08
19910    3.0621495762494906e-08
19920    3.0611060919217037e-08
19930    3.060062910359464e-08
19940    3.059020031815684e-08
19950    3.057977456542512e-08
19960    3.05693518479131e-08
19970    3.055893216812677e-08
19980    3.054851552856441e-08
19990    3.054834124740829e-08
