100    5.0355711350600034e-08
200    5.0353473972986624e-08
300    5.034974549994702e-08
400    5.034452666570156e-08
500    5.0337818497651536e-08
600    5.032962231587251e-08
700    5.031993973246376e-08
800    5.0308772650754314e-08
900    5.029612326436615e-08
1000    5.02819940561362e-08
1100    5.026638779689678e-08
1200    5.0249307544116996e-08
1300    5.023075664040537e-08
1400    5.0210738711875415e-08
1500    5.018925766637582e-08
1600    5.016631769158633e-08
1700    5.014192325298151e-08
1800    5.011607909166429e-08
1900    5.0088790222070524e-08
2000    5.006006192954753e-08
2100    5.0029899767808364e-08
2200    4.9998309556263495e-08
2300    4.996529737723383e-08
2400    4.9930869573045556e-08
2500    4.989503274301114e-08
2600    4.985779374029785e-08
2700    4.981915966868717e-08
2800    4.977913787922792e-08
2900    4.973773596678569e-08
3000    4.969496176649173e-08
3100    4.9650823350094254e-08
3200    4.960532902221547e-08
3300    4.955848731651712e-08
3400    4.951030699177812e-08
3500    4.946079702788746e-08
3600    4.940996662175538e-08
3700    4.935782518314707e-08
3800    4.930438233044089e-08
3900    4.9249647886316156e-08
4000    4.919363187337283e-08
4100    4.9136344509686784e-08
4200    4.907779620430495e-08
4300    4.901799755268288e-08
4400    4.895695933206884e-08
4500    4.889469249683806e-08
4600    4.883120817378043e-08
4700    4.876651765734554e-08
4800    4.8700632404848194e-08
4900    4.863356403163873e-08
5000    4.856532430624093e-08
5100    4.8495925145461344e-08
5200    4.842537860947395e-08
5300    4.835369689688316e-08
5400    4.82808923397688e-08
5500    4.820697739871675e-08
5600    4.8131964657838284e-08
5700    4.805586681978202e-08
5800    4.797869670074121e-08
5900    4.7900467225460304e-08
6000    4.782119142224367e-08
6100    4.774088241796974e-08
6200    4.765955343311391e-08
6300    4.7577217776783253e-08
6400    4.7493888841765725e-08
6500    4.740958009959794e-08
6600    4.7324305095729515e-08
6700    4.723807744586893e-08
6800    4.7150910831010116e-08
6900    4.706281899161252e-08
7000    4.6973815722771e-08
7100    4.688391486945161e-08
7200    4.679313032176388e-08
7300    4.670147601027267e-08
7400    4.660896590135186e-08
7500    4.6515613992581765e-08
7600    4.64214343081929e-08
7700    4.6326440894558426e-08
7800    4.6230647815736736e-08
7900    4.6134069149066874e-08
8000    4.603671898081801e-08
8100    4.593861140189567e-08
8200    4.583976050360552e-08
8300    4.5740180373477144e-08
8400    4.5639885091149126e-08
8500    4.553888872431688e-08
8600    4.543720532474469e-08
8700    4.533484892434357e-08
8800    4.523183353131594e-08
8900    4.512817312636826e-08
9000    4.502388165899326e-08
9100    4.491897304382199e-08
9200    4.48134611570475e-08
9300    4.470735983292035e-08
9400    4.460068286031722e-08
9500    4.4493443979383234e-08
9600    4.438565687824826e-08
9700    4.427733518981867e-08
9800    4.416849248864398e-08
9900    4.4059142287859816e-08
10000    4.394929803620689e-08
10100    4.383897311512647e-08
10200    4.372818083593295e-08
10300    4.361693443706306e-08
10400    4.3505247081402454e-08
10500    4.339313185368904e-08
10600    4.328060175799395e-08
10700    4.316766971527912e-08
10800    4.305434856103189e-08
10900    4.29406510429766e-08
11000    4.2826589818862274e-08
11100    4.271217745432667e-08
11200    4.259742642083633e-08
11300    4.248234909370191e-08
11400    4.236695775016839e-08
11500    4.225126456758017e-08
11600    4.213528162161984e-08
11700    4.2019020884620405e-08
11800    4.1902494223950534e-08
11900    4.178571340047155e-08
12000    4.166869006706622e-08
12100    4.155143576723805e-08
12200    4.143396193378057e-08
12300    4.131627988751575e-08
12400    4.119840083610075e-08
12500    4.1080335872902186e-08
12600    4.096209597577928e-08
12700    4.084369199276676e-08
12800    4.0725134630725044e-08
12900    4.060643447538072e-08
13000    4.0487601992909405e-08
13100    4.036864752922213e-08
13200    4.024958130931228e-08
13300    4.0130413436662596e-08
13400    4.001115389271071e-08
13500    3.9891812536372375e-08
13600    3.977239910362125e-08
13700    3.965292320712413e-08
13800    3.953339433593011e-08
13900    3.941382185521358e-08
14000    3.9294215006068554e-08
14100    3.917458290535424e-08
14200    3.9054934545590485e-08
14300    3.893527879490134e-08
14400    3.881562439700655e-08
14500    3.8695979971258946e-08
14600    3.8576354012727273e-08
14700    3.845675489232275e-08
14800    3.8337190856968765e-08
14900    3.821767002981172e-08
15000    3.809820041047319e-08
15100    3.7978789875340796e-08
15200    3.7859446177897736e-08
15300    3.774017694908935e-08
15400    3.762098969772579e-08
15500    3.750189181091947e-08
15600    3.7382890554556636e-08
15700    3.726399307380127e-08
15800    3.7145206393630933e-08
15900    3.702653741940329e-08
16000    3.6907992937451616e-08
16100    3.678957961570969e-08
16200    3.667130400436294e-08
16300    3.6553172536527264e-08
16400    3.64351915289522e-08
16500    3.631736718274918e-08
16600    3.6199705584142907e-08
16700    3.6082212705245257e-08
16800    3.596489440485067e-08
16900    3.584775642925209e-08
17000    3.5730804413076595e-08
17100    3.561404388013976e-08
17200    3.5497480243824156e-08
17300    3.5381118805214476e-08
17400    3.5264964755940305e-08
17500    3.5149023180408446e-08
17600    3.503329905674371e-08
17700    3.4917797257739473e-08
17800    3.4802522551821084e-08
17900    3.468747960402103e-08
18000    3.457267297696572e-08
18100    3.4458107131872225e-08
18200    3.434378642955502e-08
18300    3.4229715131441767e-08
18400    3.4115897400597174e-08
18500    3.400233730275478e-08
18600    3.38890388073554e-08
18700    3.3776005788592044e-08
18800    3.3663242026460534e-08
18900    3.355075120781499e-08
19000    3.343853692742808e-08
19100    3.332660268905477e-08
19200    3.3214951906499733e-08
19300    3.310358790468716e-08
19400    3.2992513920733076e-08
19500    3.288173310501924e-08
19600    3.27712485222681e-08
19700    3.2661063152618615e-08
19800    3.255117989270222e-08
19900    3.2441601556718495e-08
20000    3.233233087751025e-08
20100    3.222337050763735e-08
20200    3.211472302044903e-08
20300    3.200639091115438e-08
20400    3.189837659789027e-08
20500    3.179068242278676e-08
20600    3.168331065302927e-08
20700    3.157626348191741e-08
20800    3.146954302991995e-08
20900    3.136315134572588e-08
21000    3.125709040729073e-08
21100    3.115136212287857e-08
21200    3.1045968332098645e-08
21300    3.094091080495497e-08
21400    3.083619121913408e-08
21500    3.073181116902717e-08
21600    3.062777218451589e-08
21700    3.0524075732360776e-08
21800    3.042072321721084e-08
21900    3.0317715982606366e-08
22000    3.021505531197426e-08
22100    3.011274242961579e-08
22200    3.001077850168688e-08
22300    2.990916463717063e-08
22400    2.9807901888841524e-08
22500    2.970699125422205e-08
22600    2.9606433676530532e-08
22700    2.950623004562101e-08
22800    2.9406381198914337e-08
22900    2.9306887922320967e-08
23000    2.9207750951154597e-08
23100    2.9108970971037515e-08
23200    2.9010548618796603e-08
23300    2.8912484483350712e-08
23400    2.8814779106588733e-08
23500    2.8717432984238733e-08
23600    2.8620446566727716e-08
23700    2.852382026003252e-08
23800    2.8427554426520878e-08
23900    2.8331649385783726e-08
24000    2.8236105415457785e-08
24100    2.8140922752038932e-08
24200    2.8046101591686035e-08
24300    2.7951642091015556e-08
24400    2.7857544367886417e-08
24500    2.7763808502175726e-08
24600    2.7670434536544803e-08
24700    2.7577422477195944e-08
24800    2.7484772294619504e-08
24900    2.7392483924331738e-08
25000    2.7300557267603207e-08
25100    2.7208992192177545e-08
25200    2.711778853298111e-08
25300    2.702694609189328e-08
25400    2.6936464632628877e-08
25500    2.6846343885284404e-08
25600    2.675658355001602e-08
25700    2.666718329771592e-08
25800    2.6578142770666128e-08
25900    2.6489461583183178e-08
26000    2.640113932225355e-08
26100    2.631317554815987e-08
26200    2.6225569795098413e-08
26300    2.6138321571787135e-08
26400    2.6051430362065128e-08
26500    2.5964895625482895e-08
26600    2.5878716797884087e-08
26700    2.5792893291978196e-08
26800    2.5707424497904716e-08
26900    2.562230978378859e-08
27000    2.5537548496287124e-08
27100    2.545313996112837e-08
27200    2.5369083483641043e-08
27300    2.5285378349276295e-08
27400    2.5202023824120812e-08
27500    2.5119019155402042e-08
27600    2.503636357198517e-08
27700    2.4954056284861975e-08
27800    2.4872096487631756e-08
27900    2.479048335697443e-08
28000    2.4709216053115606e-08
28100    2.462829372028408e-08
28200    2.4547715487161614e-08
28300    2.446748046732509e-08
28400    2.4387587759681262e-08
28500    2.430803644889385e-08
28600    2.422882560580355e-08
28700    2.4149954287840688e-08
28800    2.407142153943068e-08
28900    2.399322639239226e-08
29000    2.3915367866328984e-08
29100    2.383784496901363e-08
29200    2.3760656696765547e-08
29300    2.3683802029219207e-08
29400    2.3607279912147663e-08
29500    2.353108927540447e-08
29600    2.345522903938967e-08
29700    2.337969811539069e-08
29800    2.330449540591676e-08
29900    2.3229619805026943e-08
30000    2.3155070198651954e-08
30100    2.308084546490974e-08
30200    2.3006944474415124e-08
30300    2.2933366090583194e-08
30400    2.2860109169926998e-08
30500    2.27871725623493e-08
30600    2.271455511142855e-08
30700    2.264225565469929e-08
30800    2.257027302392679e-08
30900    2.24986060453764e-08
31000    2.2427253540077267e-08
31100    2.2356214324080825e-08
31200    2.228548720871395e-08
31300    2.2215071000826986e-08
31400    2.2144964503036588e-08
31500    2.2075166513963642e-08
31600    2.200567582846595e-08
31700    2.193649123786649e-08
31800    2.1867611530176423e-08
31900    2.179903549031363e-08
32000    2.1730761900316482e-08
32100    2.1662789539553048e-08
32200    2.159511718492589e-08
32300    2.1527743611072167e-08
32400    2.1460667590559685e-08
32500    2.139388789407848e-08
32600    2.132740329062803e-08
32700    2.1261212547700678e-08
32800    2.11953144314606e-08
32900    2.1129707706918988e-08
33000    2.1064391138105153e-08
33100    2.099936348823376e-08
33200    2.0934623519868312e-08
33300    2.0870169995048962e-08
33400    2.0806001673933282e-08
33500    2.0742117314316006e-08
33600    2.0678515673852952e-08
33700    2.0615195510378e-08
33800    2.0552155582044213e-08
33900    2.048939464746155e-08
34000    2.0426911465831248e-08
34100    2.036470479707695e-08
34200    2.0302773401972624e-08
34300    2.0241116042267294e-08
34400    2.0179731480806698e-08
34500    2.0118618481651852e-08
34600    2.0057775810194784e-08
34700    1.9997202233270986e-08
34800    1.9936896519269467e-08
34900    1.987685743823949e-08
35000    1.9817083761994867e-08
35100    1.975757426421542e-08
35200    1.9698327720545703e-08
35300    1.9639342908691134e-08
35400    1.958061860851164e-08
35500    1.952215360211258e-08
35600    1.9463946673933407e-08
35700    1.940599661083372e-08
35800    1.9348302202176993e-08
35900    1.929086223991193e-08
36000    1.9233675518651586e-08
36100    1.917674083575015e-08
36200    1.912005699137757e-08
36300    1.9063622788591988e-08
36400    1.9007437033410053e-08
36500    1.8951498534875044e-08
36600    1.8895806105123188e-08
36700    1.884035855944774e-08
36800    1.8785154716361186e-08
36900    1.8730193397655524e-08
37000    1.8675473428460624e-08
37100    1.8620993637300823e-08
37200    1.85667528561495e-08
37300    1.8512749920482153e-08
37400    1.8458983669327507e-08
37500    1.840545294520209e-08
37600    1.8352156588135876e-08
37700    1.829909343288625e-08
37800    1.824626231748759e-08
37900    1.8193662084037608e-08
38000    1.814129157873541e-08
38100    1.80891496519182e-08
38200    1.8037235158096526e-08
38300    1.7985546955988e-08
38400    1.793408390854975e-08
38500    1.7882844883009357e-08
38600    1.7831828750894643e-08
38700    1.778103438806208e-08
38800    1.7730460674723753e-08
38900    1.7680106495473442e-08
39000    1.7629970739311092e-08
39100    1.7580052299666366e-08
39200    1.7530350074420928e-08
39300    1.7480862965929498e-08
39400    1.743158988104e-08
39500    1.7382529731112498e-08
39600    1.7333681432036916e-08
39700    1.7285043904250095e-08
39800    1.7236616072751432e-08
39900    1.7188396867117834e-08
40000    1.7140385221517476e-08
40100    1.7092580074722687e-08
40200    1.704498037012204e-08
40300    1.699758505573133e-08
40400    1.6950393084203812e-08
40500    1.6903403412839427e-08
40600    1.685661500359344e-08
40700    1.6810026823083903e-08
40800    1.6763637842598707e-08
40900    1.6717447038101504e-08
41000    1.6671453390237078e-08
41100    1.6625655884335903e-08
41200    1.6580053510417955e-08
41300    1.6534645263195806e-08
41400    1.6489430142077152e-08
41500    1.6444407151166462e-08
41600    1.639957529926613e-08
41700    1.6354933599876888e-08
41800    1.6310481071197652e-08
41900    1.6266216736032242e-08
42000    1.6222139619512806e-08
42100    1.6178248749002513e-08
42200    1.613454315652207e-08
42300    1.609102187886821e-08
42400    1.6047683957609185e-08
42500    1.6004528439079405e-08
42600    1.596155437437384e-08
42700    1.591876081934168e-08
42800    1.5876146834579792e-08
42900    1.5833711485425614e-08
43000    1.5791453841949424e-08
43100    1.574937297894654e-08
43200    1.570746797592879e-08
43300    1.5665737917115773e-08
43400    1.5624181891425477e-08
43500    1.5582798992464884e-08
43600    1.554158831851984e-08
43700    1.5500548972544826e-08
43800    1.5459680062152205e-08
43900    1.5418980699601183e-08
44000    1.5378450001786503e-08
44100    1.5338087090226746e-08
44200    1.5297891091052307e-08
44300    1.5257861134993175e-08
44400    1.5217996357366297e-08
44500    1.517829589806274e-08
44600    1.5138758901534587e-08
44700    1.5099384516781424e-08
44800    1.5060171897336863e-08
44900    1.5021120201254474e-08
45000    1.4982228591093797e-08
45100    1.4943496233905878e-08
45200    1.4904922301218656e-08
45300    1.4866505969022286e-08
45400    1.4828246417754009e-08
45500    1.4790142832283028e-08
45600    1.475219440189501e-08
45700    1.4714400320276649e-08
45800    1.4676759785499708e-08
45900    1.4639272000005286e-08
46000    1.4601936170587574e-08
46100    1.4564751508377689e-08
46200    1.4527717228827213e-08
46300    1.4490832551691676e-08
46400    1.4454096701013851e-08
46500    1.4417508905096526e-08
46600    1.4381068395888502e-08
46700    1.4344774408655416e-08
46800    1.4308626182829733e-08
46900    1.4272622962073276e-08
47000    1.4236763994259374e-08
47100    1.420104853145515e-08
47200    1.4165475829903492e-08
47300    1.413004515000501e-08
47400    1.4094755756300013e-08
47500    1.4059606917450257e-08
47600    1.4024597906220728e-08
47700    1.3989727999461261e-08
47800    1.3954996478088228e-08
47900    1.392040262706608e-08
48000    1.3885945735388759e-08
48100    1.3851625096061229e-08
48200    1.3817440006080898e-08
48300    1.3783389766418901e-08
48400    1.3749473682001432e-08
48500    1.3715691061691083e-08
48600    1.3682041218268034e-08
48700    1.364852346841134e-08
48800    1.3615137132680029e-08
48900    1.3581881535494384e-08
49000    1.3548756005117016e-08
49100    1.3515759873634051e-08
49200    1.3482892476936285e-08
49300    1.3450153154700205e-08
49400    1.3417541250369172e-08
49500    1.3385056111134536e-08
49600    1.3352697087916734e-08
49700    1.3320463535346379e-08
49800    1.3288354811745351e-08
49900    1.3256370279108014e-08
50000    1.322450930308221e-08
50100    1.3192771252950547e-08
50200    1.3161155501611438e-08
50300    1.3129661425560325e-08
50400    1.3098288404870835e-08
50500    1.3067035823176038e-08
50600    1.3035903067649667e-08
50700    1.3004889528987369e-08
50800    1.297399460138796e-08
50900    1.29432176825348e-08
51000    1.291255817357708e-08
51100    1.2882015479111252e-08
51200    1.2851589007162406e-08
51300    1.2821278169165726e-08
51400    1.2791082379866707e-08
51500    1.2761001055885541e-08
51600    1.2731033615906115e-08
51700    1.2701179481951121e-08
51800    1.2671438079408995e-08
51900    1.2641808837014844e-08
52000    1.2612291186831676e-08
52100    1.2582884564231616e-08
52200    1.2553588407877137e-08
52300    1.252440215970237e-08
52400    1.24953252648945e-08
52500    1.2466357171875201e-08
52600    1.2437497332282112e-08
52700    1.2408745200950396e-08
52800    1.2380100235894376e-08
52900    1.2351561898289197e-08
53000    1.2323129652452582e-08
53100    1.2294802965826626e-08
53200    1.226658130895972e-08
53300    1.2238464155488406e-08
53400    1.2210450982119505e-08
53500    1.2182541268612084e-08
53600    1.2154734497759689e-08
53700    1.2127030155372507e-08
53800    1.2099427730259677e-08
53900    1.2071926714211666e-08
54000    1.2044526601982665e-08
54100    1.2017226891273126e-08
54200    1.1990027082712313e-08
54300    1.1962926679840972e-08
54400    1.1935925189094047e-08
54500    1.1909022119783472e-08
54600    1.1882216984081033e-08
54700    1.1855509297001356e-08
54800    1.182889857638492e-08
54900    1.1802384342881103e-08
55000    1.1775966119931431e-08
55100    1.1749643433752775e-08
55200    1.1723415813320745e-08
55300    1.1697282790353022e-08
55400    1.1671243899292897e-08
55500    1.1645298677292829e-08
55600    1.161944666419805e-08
55700    1.15936874025303e-08
55800    1.1568020437471708e-08
55900    1.1542445316848517e-08
56000    1.151696159111516e-08
56100    1.1491568813338245e-08
56200    1.1466266539180704e-08
56300    1.1441054326885921e-08
56400    1.1415931737262099e-08
56500    1.139089833366655e-08
56600    1.136595368202801e-08
56700    1.1341097351129316e-08
56800    1.1316328912426027e-08
56900    1.1291647939854055e-08
57000    1.1267054009812797e-08
57100    1.1242546701150141e-08
57200    1.1218125595147484e-08
57300    1.1193790275504798e-08
57400    1.1169540328325826e-08
57500    1.1145375342103351e-08
57600    1.1121294907704463e-08
57700    1.109729861835606e-08
57800    1.1073386069630244e-08
57900    1.1049556859429968e-08
58000    1.1025810587974652e-08
58100    1.1002146857785852e-08
58200    1.0978565273673153e-08
58300    1.0955065442720024e-08
58400    1.0931646974269706e-08
58500    1.0908309479911418e-08
58600    1.088505257346619e-08
58700    1.0861875870973397e-08
58800    1.0838778990676762e-08
58900    1.0815761553010827e-08
59000    1.0792823180587323e-08
59100    1.0769963498181787e-08
59200    1.0747182132719965e-08
59300    1.0724478713264593e-08
59400    1.0701852871002108e-08
59500    1.067930423922942e-08
59600    1.0656832453340876e-08
59700    1.0634437150815101e-08
59800    1.0612117971202159e-08
59900    1.0589874556110581e-08
60000    1.0567706549194586e-08
60100    1.0545613596141371e-08
60200    1.0523595344658373e-08
60300    1.0501651444460761e-08
60400    1.047978154725889e-08
60500    1.0457985306745888e-08
60600    1.0436262378585238e-08
60700    1.0414612420398519e-08
60800    1.0393035091753212e-08
60900    1.0371530054150524e-08
61000    1.0350096971013331e-08
61100    1.0328735507674206e-08
61200    1.0307445331363384e-08
61300    1.0286226111197084e-08
61400    1.02650775181656e-08
61500    1.0243999225121586e-08
61600    1.0222990906768536e-08
61700    1.0202052239649054e-08
61800    1.0181182902133498e-08
61900    1.0160382574408469e-08
62000    1.0139650938465498e-08
62100    1.0118987678094565e-08
62200    1.0098392478956141e-08
62300    1.0077865028557414e-08
62400    1.0057405016165801e-08
62500    1.003701213279538e-08
62600    1.0016686071195876e-08
62700    9.99642652584195e-09
62800    9.976233192922303e-09
62900    9.956105770329087e-09
63000    9.936043957647136e-09
63100    9.916047456143466e-09
63200    9.896115968756757e-09
63300    9.876249200086912e-09
63400    9.856446856384638e-09
63500    9.836708645541169e-09
63600    9.817034277078008e-09
63700    9.797423462136745e-09
63800    9.777875913468952e-09
63900    9.758391345426069e-09
64000    9.738969473949476e-09
64100    9.719610016560541e-09
64200    9.70031269235073e-09
64300    9.68107722197185e-09
64400    9.661903327626256e-09
64500    9.642790733057226e-09
64600    9.623739163539287e-09
64700    9.604748345868727e-09
64800    9.585818008353982e-09
64900    9.566947880806351e-09
65000    9.548137694530503e-09
65100    9.529387182315237e-09
65200    9.51069607842418e-09
65300    9.492064118586615e-09
65400    9.473491039988332e-09
65500    9.45497658126255e-09
65600    9.436520482480922e-09
65700    9.418122485144557e-09
65800    9.399782332175077e-09
65900    9.381499767905879e-09
66000    9.363274538073209e-09
66100    9.345106389807531e-09
66200    9.326995071624823e-09
66300    9.308940333417943e-09
66400    9.290941926448063e-09
66500    9.272999603336204e-09
66600    9.25511311805472e-09
66700    9.237282225918956e-09
66800    9.219506683578866e-09
66900    9.20178624901075e-09
67000    9.184120681509001e-09
67100    9.16650974167792e-09
67200    9.148953191423614e-09
67300    9.131450793945905e-09
67400    9.114002313730289e-09
67500    9.096607516539982e-09
67600    9.079266169408022e-09
67700    9.061978040629366e-09
67800    9.04474289975309e-09
67900    9.027560517574615e-09
68000    9.010430666154253e-09
68100    8.993353119181875e-09
68200    8.976327651874775e-09
68300    8.95935404066392e-09
68400    8.942432063178105e-09
68500    8.925561498236687e-09
68600    8.908742125842235e-09
68700    8.89197372717334e-09
68800    8.87525608457731e-09
68900    8.858588981563113e-09
69000    8.84197220279422e-09
69100    8.82540553408151e-09
69200    8.808888762376311e-09
69300    8.792421675763384e-09
69400    8.776004063454e-09
69500    8.75963571577905e-09
69600    8.743316424182236e-09
69700    8.727045981213253e-09
69800    8.710824180521026e-09
69900    8.694650816847046e-09
70000    8.67852568601868e-09
70100    8.662448584942528e-09
70200    8.646419311597883e-09
70300    8.630437665030198e-09
70400    8.61450344534459e-09
70500    8.598616453699389e-09
70600    8.582776492299711e-09
70700    8.566983364391132e-09
70800    8.551236874253356e-09
70900    8.535536827193919e-09
71000    8.519883029541953e-09
71100    8.504275288642004e-09
71200    8.488713412847856e-09
71300    8.473197211516408e-09
71400    8.45772649500163e-09
71500    8.442301074648475e-09
71600    8.426920762786939e-09
71700    8.411585372726019e-09
71800    8.396294718747907e-09
71900    8.381048616101993e-09
72000    8.365846880999095e-09
72100    8.350689330605618e-09
72200    8.335575783037818e-09
72300    8.320506057356036e-09
72400    8.305479973559042e-09
72500    8.290497352578362e-09
72600    8.275558016272637e-09
72700    8.260661787422112e-09
72800    8.245808489723012e-09
72900    8.230997947782082e-09
73000    8.216229987111098e-09
73100    8.201504434121455e-09
73200    8.186821116118716e-09
73300    8.172179861297304e-09
73400    8.157580498735145e-09
73500    8.143022858388346e-09
73600    8.128506771086014e-09
73700    8.114032068524935e-09
73800    8.099598583264436e-09
73900    8.085206148721243e-09
74000    8.070854599164296e-09
74100    8.056543769709712e-09
74200    8.04227349631572e-09
74300    8.028043615785696e-09
74400    8.013853965957297e-09
74500    7.999704385703932e-09
74600    7.985594714725573e-09
74700    7.971524793533766e-09
74800    7.957494463446851e-09
74900    7.943503566585188e-09
75000    7.929551945866407e-09
75100    7.915639445000702e-09
75200    7.901765908486196e-09
75300    7.887931181604213e-09
75400    7.874135110414723e-09
75500    7.860377541751731e-09
75600    7.846658323218724e-09
75700    7.83297730318415e-09
75800    7.8193343307769e-09
75900    7.80572925588184e-09
76000    7.792161929135402e-09
76100    7.778632201921129e-09
76200    7.765139926365327e-09
76300    7.751684955332696e-09
76400    7.738267142421981e-09
76500    7.724886341961691e-09
76600    7.71154240900588e-09
76700    7.69823519932979e-09
76800    7.68496456942574e-09
76900    7.67173037649888e-09
77000    7.658532478463043e-09
77100    7.645370733936622e-09
77200    7.632245002238459e-09
77300    7.619155143383726e-09
77400    7.606101018079921e-09
77500    7.593082487722847e-09
77600    7.580099414392517e-09
77700    7.567151660849296e-09
77800    7.554239090529877e-09
77900    7.541361567543347e-09
78000    7.528518956667356e-09
78100    7.51571112334417e-09
78200    7.502937933676838e-09
78300    7.490199254425397e-09
78400    7.477494953003049e-09
78500    7.46482489747236e-09
78600    7.452188956541555e-09
78700    7.439586999560757e-09
78800    7.427018896518309e-09
78900    7.4144845180370505e-09
79000    7.401983735370715e-09
79100    7.389516420400244e-09
79200    7.37708244563021e-09
79300    7.364681684185237e-09
79400    7.352314009806409e-09
79500    7.339979296847736e-09
79600    7.327677420272658e-09
79700    7.3154082556505145e-09
79800    7.303171679153111e-09
79900    7.290967567551222e-09
80000    7.2787957982112075e-09
80100    7.266656249091575e-09
80200    7.254548798739614e-09
80300    7.242473326288018e-09
80400    7.2304297114515435e-09
80500    7.218417834523696e-09
80600    7.206437576373444e-09
80700    7.194488818441894e-09
80800    7.182571442739089e-09
80900    7.17068533184075e-09
81000    7.1588303688850416e-09
81100    7.1470064376329854e-09
81200    7.135213422870499e-09
81300    7.1234512101399325e-09
81400    7.111719685525102e-09
81500    7.100018735647241e-09
81600    7.088348247661973e-09
81700    7.076708109256389e-09
81800    7.065098208646027e-09
81900    7.053518434571927e-09
82000    7.0419686762977536e-09
82100    7.030448823606846e-09
82200    7.018958766799308e-09
82300    7.007498396689199e-09
82400    6.996067604601616e-09
82500    6.984666282369869e-09
82600    6.973294322332701e-09
82700    6.961951617331425e-09
82800    6.950638060707205e-09
82900    6.939353546298216e-09
83000    6.928097968436955e-09
83100    6.916871221947475e-09
83200    6.9056732021426765e-09
83300    6.894503804821605e-09
83400    6.8833629262667855e-09
83500    6.872250463241531e-09
83600    6.861166312987302e-09
83700    6.850110373221087e-09
83800    6.839082542132763e-09
83900    6.828082718382526e-09
84000    6.817110801098257e-09
84100    6.806166689873029e-09
84200    6.795250284762462e-09
84300    6.784361486282272e-09
84400    6.773500195405682e-09
84500    6.762666313560983e-09
84600    6.751859742628963e-09
84700    6.741080384940532e-09
84800    6.730328143274164e-09
84900    6.719602920853513e-09
85000    6.70890462134497e-09
85100    6.698233148855252e-09
85200    6.687588407929003e-09
85300    6.676970303546389e-09
85400    6.666378741120754e-09
85500    6.65581362649626e-09
85600    6.645274865945541e-09
85700    6.634762366167368e-09
85800    6.624276034284362e-09
85900    6.6138157778406765e-09
86000    6.603381504799716e-09
86100    6.5929731235418725e-09
86200    6.582590542862279e-09
86300    6.572233671968531e-09
86400    6.5619024204785e-09
86500    6.551596698418114e-09
86600    6.541316416219125e-09
86700    6.531061484716942e-09
86800    6.520831815148471e-09
86900    6.5106273191499275e-09
87000    6.5004479087547175e-09
87100    6.49029349639127e-09
87200    6.480163994880948e-09
87300    6.4700593174359136e-09
87400    6.459979377657037e-09
87500    6.4499240895318495e-09
87600    6.439893367432424e-09
87700    6.429887126113338e-09
87800    6.4199052807096305e-09
87900    6.409947746734763e-09
88000    6.4000144400786145e-09
88100    6.390105277005463e-09
88200    6.38022017415196e-09
88300    6.370359048525288e-09
88400    6.360521817563708e-09
88500    6.350708399250848e-09
88600    6.340918711963958e-09
88700    6.331152674439672e-09
88800    6.321410205772084e-09
88900    6.3116912254108955e-09
89000    6.301995653159499e-09
89100    6.292323409173187e-09
89200    6.2826744139572264e-09
89300    6.2730485883650636e-09
89400    6.26344585359652e-09
89500    6.253866131195897e-09
89600    6.244309343050256e-09
89700    6.2347754113875875e-09
89800    6.225264258775012e-09
89900    6.215775808117016e-09
90000    6.206309982653741e-09
90100    6.196866705959133e-09
90200    6.187445901939297e-09
90300    6.178047494830698e-09
90400    6.168671409198473e-09
90500    6.159317569934712e-09
90600    6.1499859022567705e-09
90700    6.140676331705558e-09
90800    6.131388784143862e-09
90900    6.122123185754694e-09
91000    6.112879463039615e-09
91100    6.103657542817074e-09
91200    6.094457352220802e-09
91300    6.085278818698142e-09
91400    6.07612187000846e-09
91500    6.06698643422151e-09
91600    6.05787243971582e-09
91700    6.048779815177167e-09
91800    6.039708489596896e-09
91900    6.030658392270426e-09
92000    6.021629452795626e-09
92100    6.012621601071322e-09
92200    6.003634767295685e-09
92300    5.994668881964751e-09
92400    5.985723875870825e-09
92500    5.9767996801010315e-09
92600    5.967896226035785e-09
92700    5.959013445347257e-09
92800    5.950151269997902e-09
92900    5.941309632238983e-09
93000    5.932488464609094e-09
93100    5.923687699932678e-09
93200    5.914907271318574e-09
93300    5.906147112158586e-09
93400    5.897407156126018e-09
93500    5.888687337174245e-09
93600    5.879987589535302e-09
93700    5.8713078477184686e-09
93800    5.862648046508831e-09
93900    5.854008120965923e-09
94000    5.845388006422303e-09
94100    5.836787638482183e-09
94200    5.82820695302006e-09
94300    5.819645886179334e-09
94400    5.811104374370978e-09
94500    5.802582354272125e-09
94600    5.794079762824793e-09
94700    5.78559653723452e-09
94800    5.777132614969013e-09
94900    5.768687933756885e-09
95000    5.760262431586268e-09
95100    5.751856046703579e-09
95200    5.7434687176121785e-09
95300    5.735100383071082e-09
95400    5.726750982093712e-09
95500    5.718420453946577e-09
95600    5.710108738148024e-09
95700    5.701815774467e-09
95800    5.693541502921746e-09
95900    5.685285863778613e-09
96000    5.6770487975507595e-09
96100    5.668830244996992e-09
96200    5.6606301471908894e-09
96300    5.652448445770866e-09
96400    5.644285082705097e-09
96500    5.636140000197121e-09
96600    5.628013140684686e-09
96700    5.619904446838628e-09
96800    5.611813861561711e-09
96900    5.603741327987486e-09
97000    5.5956867894791936e-09
97100    5.587650189628656e-09
97200    5.579631472255108e-09
97300    5.57163058140414e-09
97400    5.563647461346619e-09
97500    5.555682056577513e-09
97600    5.547734311814904e-09
97700    5.539804171998834e-09
97800    5.53189158229025e-09
97900    5.523996488069963e-09
98000    5.516118834937542e-09
98100    5.508258568710294e-09
98200    5.500415635422181e-09
98300    5.492589981322801e-09
98400    5.484781552876344e-09
98500    5.476990296760544e-09
98600    5.469216159865656e-09
98700    5.4614590892934514e-09
98800    5.453719032356183e-09
98900    5.445995936575556e-09
99000    5.4382897496817995e-09
99100    5.430600419612555e-09
99200    5.422927894511965e-09
99300    5.415272122729685e-09
99400    5.4076330528198265e-09
99500    5.4000106335400625e-09
99600    5.392404813850603e-09
99700    5.384815542913259e-09
99800    5.37724277009045e-09
99900    5.369686444944284e-09
