100    5.009553128233588e-08
1100    5.000654075817144e-08
2100    4.977093610631508e-08
3100    4.939328085823576e-08
4100    4.888074138072401e-08
5100    4.82427539780717e-08
6100    4.749060550052464e-08
7100    4.6636960768858625e-08
8100    4.569537081210902e-08
9100    4.46797916286815e-08
10100    4.3604146484859266e-08
11100    4.2481948190151776e-08
12100    4.132599176787637e-08
13100    4.0148122717821654e-08
14100    3.895907504875899e-08
15100    3.776837097619043e-08
16100    3.658429856841408e-08
17100    3.541393045627309e-08
18100    3.426317530987383e-08
19100    3.3136841263218995e-08
20100    3.2038733988746685e-08
21100    3.097177398439027e-08
22100    2.9938103449552244e-08
23100    2.8939180526028358e-08
24100    2.7975878692023568e-08
25100    2.704859144983435e-08
26100    2.6157315866878385e-08
27100    2.5301714770100007e-08
28100    2.448118235188575e-08
29100    2.3694914735938174e-08
30100    2.2941958088365238e-08
31100    2.222124104389352e-08
32100    2.153160869660083e-08
33100    2.0871859720547e-08
34100    2.0240768983182702e-08
35100    1.9637099822501957e-08
36100    1.9059616913469662e-08
37100    1.8507105838433017e-08
38100    1.7978381953225342e-08
39100    1.747229451417247e-08
40100    1.698772805477703e-08
41100    1.6523610387708127e-08
42100    1.6078915212976043e-08
43100    1.5652662413419473e-08
44100    1.5243914409836044e-08
45100    1.4851777984013739e-08
46100    1.4475406005150423e-08
47100    1.4113996070460782e-08
48100    1.3766788712152546e-08
49100    1.3433065192061498e-08
50100    1.3112146312377228e-08
51100    1.2803390711165828e-08
52100    1.2506192968233186e-08
53100    1.2219981262812807e-08
54100    1.1944214666217811e-08
55100    1.1678382718357403e-08
56100    1.1422003978447744e-08
57100    1.117462433567664e-08
58100    1.0935815412668443e-08
59100    1.0705173113897658e-08
60100    1.0482316097926441e-08
61100    1.0266884360734854e-08
62100    1.0058537941350545e-08
63100    9.856955703920124e-09
64100    9.661834379384882e-09
65100    9.47288763774399e-09
66100    9.289844700579137e-09
67100    9.112449352209283e-09
68100    8.940459058542846e-09
69100    8.77364414210272e-09
70100    8.611787098082021e-09
71100    8.454681932923593e-09
72100    8.30213331658266e-09
73100    8.153955930826855e-09
74100    8.009973878398516e-09
75100    7.870020129873965e-09
76100    7.73393610482985e-09
77100    7.601571673767504e-09
78100    7.47278425288487e-09
79100    7.347438136372205e-09
