100    3.466965664134983e-08
200    3.4667983408695575e-08
300    3.466519506017852e-08
400    3.466129215446543e-08
500    3.4656275473302874e-08
600    3.4650146021130894e-08
700    3.464290502458701e-08
800    3.463455393190069e-08
900    3.462509441217892e-08
1000    3.461452835458415e-08
1100    3.460285786740426e-08
1200    3.4590085277016426e-08
1300    3.457621312674526e-08
1400    3.456124417561625e-08
1500    3.4545181397006e-08
1600    3.452802797719016e-08
1700    3.450978731379033e-08
1800    3.449046301412176e-08
1900    3.447005889344256e-08
2000    3.444857897310691e-08
2100    3.4426027478623245e-08
2200    3.440240883761904e-08
2300    3.4377727677714893e-08
2400    3.4351988824308613e-08
2500    3.432519729827219e-08
2600    3.429735831356299e-08
2700    3.4268477274751775e-08
2800    3.4238559774469343e-08
2900    3.420761159077403e-08
3000    3.4175638684442596e-08
3100    3.4142647196186396e-08
3200    3.4108643443795534e-08
3300    3.407363391921326e-08
3400    3.403762528554294e-08
3500    3.4000624373990524e-08
3600    3.3962638180744504e-08
3700    3.3923673863796224e-08
3800    3.3883738739703096e-08
3900    3.38428402802975e-08
4000    3.380098610934369e-08
4100    3.3758183999145485e-08
4200    3.371444186710766e-08
4300    3.366976777225368e-08
4400    3.362416991170204e-08
4500    3.357765661710466e-08
4600    3.353023635104939e-08
4700    3.3481917703430077e-08
4800    3.343270938778601e-08
4900    3.33826202376144e-08
5000    3.333165920265799e-08
5100    3.3279835345170765e-08
5200    3.3227157836164433e-08
5300    3.3173635951638356e-08
5400    3.311927906879539e-08
5500    3.306409666224681e-08
5600    3.3008098300208294e-08
5700    3.295129364068996e-08
5800    3.2893692427683007e-08
5900    3.283530448734523e-08
6000    3.277613972418825e-08
6100    3.271620811726863e-08
6200    3.265551971638558e-08
6300    3.2594084638287336e-08
6400    3.2531913062888674e-08
6500    3.246901522950213e-08
6600    3.2405401433084654e-08
6700    3.234108202050233e-08
6800    3.2276067386815173e-08
6900    3.2210367971584116e-08
7000    3.2143994255202025e-08
7100    3.2076956755251305e-08
7200    3.2009266022889475e-08
7300    3.1940932639264665e-08
7400    3.187196721196337e-08
7500    3.1802380371491714e-08
7600    3.1732182767791805e-08
7700    3.166138506679581e-08
7800    3.1589997947017996e-08
7900    3.1518032096187435e-08
8000    3.144549820792207e-08
8100    3.1372406978446114e-08
8200    3.129876910335159e-08
8300    3.1224595274405935e-08
8400    3.1149896176406315e-08
8500    3.1074682484082066e-08
8600    3.099896485904663e-08
8700    3.0922753946799395e-08
8800    3.084606037377923e-08
8900    3.076889474446973e-08
9000    3.069126763855798e-08
9100    3.061318960814695e-08
9200    3.053467117502237e-08
9300    3.045572282797525e-08
9400    3.0376355020180035e-08
9500    3.029657816662935e-08
9600    3.021640264162566e-08
9700    3.013583877633055e-08
9800    3.0054896856371763e-08
9900    2.997358711950845e-08
10000    2.9891919753354847e-08
10100    2.9809904893471253e-08
10200    2.9727552622615323e-08
10300    2.9644872967576146e-08
10400    2.9561875896563063e-08
10500    2.9478571317222145e-08
10600    2.9394969074712703e-08
10700    2.9311078949842602e-08
10800    2.922691065726256e-08
10900    2.9142473843719582e-08
11000    2.9057778086368773e-08
11100    2.8972832891143704e-08
11200    2.8887647691185155e-08
11300    2.8802231845327443e-08
11400    2.8716594636642604e-08
11500    2.863074527104165e-08
11600    2.8544692875932712e-08
11700    2.8458446498935294e-08
11800    2.8372015106650807e-08
11900    2.8285407583488253e-08
12000    2.819863273054474e-08
12100    2.8111699264540477e-08
12200    2.8024615816807454e-08
12300    2.7937390932331007e-08
12400    2.7850033068844295e-08
12500    2.7762550595974278e-08
12600    2.7674951794438976e-08
12700    2.7587244855295098e-08
12800    2.7499437879235645e-08
12900    2.741153887593625e-08
13000    2.7323555763449934e-08
13100    2.723549636764941e-08
13200    2.7147368421715873e-08
13300    2.7059179565674048e-08
13400    2.697093734597203e-08
13500    2.6882649215105698e-08
13600    2.6794322531286406e-08
13700    2.6705964558151487e-08
13800    2.6617582464516415e-08
13900    2.6529183324167967e-08
14000    2.6440774115697583e-08
14100    2.6352361722373847e-08
14200    2.626395293205335e-08
14300    2.617555443712905e-08
14400    2.608717283451541e-08
14500    2.5998814625669083e-08
14600    2.5910486216644672e-08
14700    2.5822193918184383e-08
14800    2.573394394584097e-08
14900    2.5645742420132746e-08
15000    2.5557595366730203e-08
15100    2.546950871349242e-08
15200    2.53814882774168e-08
15300    2.529353977599428e-08
15400    2.5205668832809094e-08
15500    2.511788097788663e-08
15600    2.5030181648065058e-08
15700    2.4942576187392048e-08
15800    2.4855069847545864e-08
15900    2.4767667788280287e-08
16000    2.4680375077892042e-08
16100    2.459319669371033e-08
16200    2.4506137522607442e-08
16300    2.4419202361529918e-08
16400    2.4332395918049115e-08
16500    2.4245722810930634e-08
16600    2.4159187570721997e-08
16700    2.4072794640357312e-08
16800    2.3986548375778878e-08
16900    2.3900453046574303e-08
17000    2.3814512836629148e-08
17100    2.372873184479359e-08
17200    2.3643114085563105e-08
17300    2.355766348977214e-08
17400    2.347238390530016e-08
17500    2.3387279097789526e-08
17600    2.3302352751374293e-08
17700    2.321760846941964e-08
17800    2.3133049775271163e-08
17900    2.30486801130132e-08
18000    2.296450284823612e-08
18100    2.2880521268811343e-08
18200    2.2796738585674256e-08
18300    2.2713157933613628e-08
18400    2.262978237206789e-08
18500    2.2546614885926913e-08
18600    2.2463658386339415e-08
18700    2.2380915711525102e-08
18800    2.2298389627591103e-08
18900    2.2216082829352562e-08
19000    2.2133997941156347e-08
19100    2.2052137517707843e-08
19200    2.1970504044900445e-08
19300    2.1889099940667404e-08
19400    2.1807927559755624e-08
19500    2.1726989199202442e-08
19600    2.1646287091612952e-08
19700    2.156582340484681e-08
19800    2.148560024285016e-08
19900    2.1405619646487363e-08
20000    2.132588359437244e-08
20100    2.124639400369958e-08
20200    2.116715273107274e-08
20300    2.108816157333357e-08
20400    2.100942226838796e-08
20500    2.093093649603019e-08
20600    2.085270587876503e-08
20700    2.077473198262734e-08
20800    2.0697016317998388e-08
20900    2.0619560340419647e-08
21000    2.0542365451402747e-08
21100    2.0465432999236258e-08
21200    2.038876427978829e-08
21300    2.03123605373054e-08
21400    2.023622296520702e-08
21500    2.0160352706875583e-08
21600    2.0084750856442048e-08
21700    2.0009418459566436e-08
21800    1.9934356514213707e-08
21900    1.9859565971424048e-08
22000    1.978504773607835e-08
22100    1.9710802667657842e-08
22200    1.963683158099826e-08
22300    1.9563135247038447e-08
22400    1.948971439356272e-08
22500    1.9416569705937636e-08
22600    1.9343701827842415e-08
22700    1.9271111361993248e-08
22800    1.919879887086134e-08
22900    1.9126764877384355e-08
23000    1.905500986567169e-08
23100    1.8983534281702846e-08
23200    1.8912338534019455e-08
23300    1.8841422994410247e-08
23400    1.8770787993524094e-08
23500    1.870043380252324e-08
23600    1.8630360651030398e-08
23700    1.85605687350716e-08
23800    1.84910582177307e-08
23900    1.842182922979486e-08
24000    1.8352881870392945e-08
24100    1.8284216207626496e-08
24200    1.8215832279193278e-08
24300    1.8147730093003564e-08
24400    1.807990962778884e-08
24500    1.8012370833703198e-08
24600    1.7945113632917324e-08
24700    1.7878137920205096e-08
24800    1.7811443563522598e-08
24900    1.774503040457996e-08
25000    1.7678898259405646e-08
25100    1.761304691890342e-08
25200    1.7547476149401932e-08
25300    1.7482185693196954e-08
25400    1.741717526908626e-08
25500    1.7352444572897376e-08
25600    1.7287993278007734e-08
25700    1.7223821035857874e-08
25800    1.7159927476457296e-08
25900    1.709631220888321e-08
26000    1.7032974821771996e-08
26100    1.696991488380376e-08
26200    1.6907131944179665e-08
26300    1.6844625533092268e-08
26400    1.6782395162189003e-08
26500    1.6720440325028487e-08
26600    1.665876049753022e-08
26700    1.6597355138417218e-08
26800    1.6536223689651924e-08
26900    1.6475365576865473e-08
27000    1.641478020978013e-08
27100    1.6354466982625192e-08
27200    1.6294425274546218e-08
27300    1.6234654450024365e-08
27400    1.6175153861436537e-08
27500    1.611592285155595e-08
27600    1.6056960750047374e-08
27700    1.5998266873325853e-08
27800    1.5939840524928275e-08
27900    1.5881680995879006e-08
28000    1.582378756504912e-08
28100    1.576615949950989e-08
28200    1.570879605488016e-08
28300    1.5651696475667835e-08
28400    1.5594859995605596e-08
28500    1.5538285837980688e-08
28600    1.548197321595916e-08
28700    1.5425921332904346e-08
28800    1.5370129382689753e-08
28900    1.5314596550006487e-08
29000    1.525932201066516e-08
29100    1.5204304931892363e-08
29200    1.5149544472621856e-08
29300    1.509503978378057e-08
29400    1.5040790008569152e-08
29500    1.4986794282737623e-08
29600    1.493305173485581e-08
29700    1.4879561486578736e-08
29800    1.4826322652907228e-08
29900    1.4773334342443393e-08
30000    1.4720595657641479e-08
30100    1.4668105695053869e-08
30200    1.4615863545572265e-08
30300    1.456386829466454e-08
30400    1.451211902260672e-08
30500    1.4460614804710493e-08
30600    1.4409354711546507e-08
30700    1.4358337809162895e-08
30800    1.430756315929983e-08
30900    1.425702981959954e-08
31000    1.4206736843812332e-08
31100    1.4156683281998228e-08
31200    1.4106868180724779e-08
31300    1.4057290583257763e-08
31400    1.4007949524514928e-08
31500    1.395884402058637e-08
31600    1.3909973082162459e-08
31700    1.3861335717807652e-08
31800    1.3812930934130449e-08
31900    1.3764757735949612e-08
32000    1.3716815126456952e-08
32100    1.3669102107376277e-08
32200    1.3621617679118995e-08
32300    1.3574360840936143e-08
32400    1.3527330591067128e-08
32500    1.3480525926884976e-08
32600    1.3433945845038418e-08
32700    1.3387589341590564e-08
32800    1.3341455412154557e-08
32900    1.3295543052026028e-08
33000    1.3249851256312426e-08
33100    1.3204379020059324e-08
33200    1.3159125338373795e-08
33300    1.3114089206544825e-08
33400    1.3069269620160791e-08
33500    1.3024665575224276e-08
33600    1.2980276068263854e-08
33700    1.293610009644334e-08
33800    1.2892136657668297e-08
33900    1.2848384750689858e-08
34000    1.280484337520597e-08
34100    1.2761511531960223e-08
34200    1.2718388222837944e-08
34300    1.267547245095995e-08
34400    1.263276322077398e-08
34500    1.2590259538143651e-08
34600    1.2547960410435064e-08
34700    1.2505864846601135e-08
34800    1.2463971857263854e-08
34900    1.2422280454794059e-08
35000    1.238078965338929e-08
35100    1.2339498469149388e-08
35200    1.2298405920150064e-08
35300    1.2257511026514437e-08
35400    1.2216812810482527e-08
35500    1.2176310296319537e-08
35600    1.213600250940708e-08
35700    1.2095888476970938e-08
35800    1.2055967228643966e-08
35900    1.2016237796527709e-08
36000    1.1976699215250349e-08
36100    1.1937350522022736e-08
36200    1.1898190756692919e-08
36300    1.1859218961798654e-08
36400    1.1820434182618716e-08
36500    1.178183546722214e-08
36600    1.1743421866516268e-08
36700    1.1705192434292952e-08
36800    1.1667146227273412e-08
36900    1.162928230515152e-08
37000    1.1591599730635703e-08
37100    1.1554097569489322e-08
37200    1.1516774890569689e-08
37300    1.1479630765865809e-08
37400    1.1442664270534517e-08
37500    1.1405874482935655e-08
37600    1.1369260484665684e-08
37700    1.1332821360590104e-08
37800    1.1296556198874718e-08
37900    1.1260464091015581e-08
38000    1.1224544131867844e-08
38100    1.1188795419673342e-08
38200    1.1153217056087258e-08
38300    1.1117808146203325e-08
38400    1.1082567798578333e-08
38500    1.1047495125255254e-08
38600    1.1012589241785507e-08
38700    1.0977849267250191e-08
38800    1.094327432428022e-08
38900    1.0908863539075597e-08
39000    1.0874616041423666e-08
39100    1.084053096471646e-08
39200    1.0806607445967175e-08
39300    1.077284462582564e-08
39400    1.0739241648593031e-08
39500    1.0705797662235708e-08
39600    1.0672511818398188e-08
39700    1.0639383272415288e-08
39800    1.0606411181910759e-08
39900    1.0573594700327232e-08
40000    1.0540932982247477e-08
40100    1.0508425186207473e-08
40200    1.0476070474704886e-08
40300    1.0443868014203647e-08
40400    1.0411816975138047e-08
40500    1.037991653191613e-08
40600    1.0348165862922467e-08
40700    1.0316564150520257e-08
40800    1.0285110581052946e-08
40900    1.0253804344845173e-08
41000    1.0222644636203188e-08
41100    1.0191630653414666e-08
41200    1.0160761598748075e-08
41300    1.0130036678451451e-08
41400    1.009945510275061e-08
41500    1.006901608584705e-08
41600    1.003871884591514e-08
41700    1.0008562605098975e-08
41800    9.978546589508763e-09
41900    9.94867002921671e-09
42000    9.918932158252506e-09
42100    9.88933221459839e-09
42200    9.859869440183796e-09
42300    9.83054308087961e-09
42400    9.801352386491984e-09
42500    9.772296610755861e-09
42600    9.743375011328064e-09
42700    9.714586849780057e-09
42800    9.685931391590347e-09
42900    9.657407906136574e-09
43000    9.629015666687208e-09
43100    9.600753950393015e-09
43200    9.572622038278219e-09
43300    9.544619215231214e-09
43400    9.51674476999517e-09
43500    9.488997995158303e-09
43600    9.461378187143778e-09
43700    9.433884646199518e-09
43800    9.406516676387576e-09
43900    9.379273585573426e-09
44000    9.352154685414895e-09
44100    9.325159291350894e-09
44200    9.29828672259003e-09
44300    9.2715363018268e-09
44400    9.244907353990187e-09
44500    9.218399207250622e-09
44600    9.192011193541712e-09
44700    9.16574264854762e-09
44800    9.139592911690015e-09
44900    9.113561326114486e-09
45000    9.08764723867707e-09
45100    9.06184999993053e-09
45200    9.036168964110433e-09
45300    9.010603489121228e-09
45400    8.985152936521998e-09
45500    8.959816671512209e-09
45600    8.934594062917366e-09
45700    8.909484483174386e-09
45800    8.884487308316998e-09
45900    8.859601917961021e-09
46000    8.834827695289454e-09
46100    8.81016402703751e-09
46200    8.78561030347761e-09
46300    8.761165918404201e-09
46400    8.736830269118545e-09
46500    8.712602756413358e-09
46600    8.68848278455749e-09
46700    8.664469761280375e-09
46800    8.640563097756584e-09
46900    8.616762208590175e-09
47000    8.593066511799036e-09
47100    8.569475428799163e-09
47200    8.545988384388942e-09
47300    8.522604806733251e-09
47400    8.499324127347661e-09
47500    8.476145781082528e-09
47600    8.453069206106977e-09
47700    8.43009384389301e-09
47800    8.407219139199408e-09
47900    8.384444540055786e-09
48000    8.36176949774642e-09
48100    8.339193466794257e-09
48200    8.3167159049447e-09
48300    8.294336273149594e-09
48400    8.272054035550964e-09
48500    8.249868659464968e-09
48600    8.227779615365674e-09
48700    8.205786376868886e-09
48800    8.183888420715994e-09
48900    8.16208522675782e-09
49000    8.140376277854154e-09
49100    8.118761057088584e-09
49200    8.097239047184251e-09
49300    8.075809733811417e-09
49400    8.05447260578405e-09
49500    8.033227155042032e-09
49600    8.012072876633598e-09
49700    7.991009268697634e-09
49800    7.970035832446083e-09
49900    7.949152072146424e-09
50000    7.92835749510414e-09
50100    7.907651611645214e-09
50200    7.887033935098748e-09
50300    7.866503981779523e-09
50400    7.846061270970698e-09
50500    7.825705324906472e-09
50600    7.80543566875487e-09
50700    7.785251830600548e-09
50800    7.76515334142762e-09
50900    7.745139735102568e-09
51000    7.725210548357242e-09
51100    7.705365320771813e-09
51200    7.685603594757873e-09
51300    7.665924915541574e-09
51400    7.646328831146791e-09
51500    7.626814892378364e-09
51600    7.607382652805416e-09
51700    7.58803166874471e-09
51800    7.568761499244028e-09
51900    7.549571706065752e-09
52000    7.530461853670339e-09
52100    7.511431509199918e-09
52200    7.492480242462044e-09
52300    7.473607625913375e-09
52400    7.454813234643505e-09
52500    7.436096646358839e-09
52600    7.417457441366518e-09
52700    7.398895202558446e-09
52800    7.380409515395384e-09
52900    7.361999967891036e-09
53000    7.343666150596309e-09
53100    7.325407656583636e-09
53200    7.307224081431216e-09
53300    7.289115023207587e-09
53400    7.271080082455971e-09
53500    7.253118862178984e-09
53600    7.235230967823168e-09
53700    7.2174160072637795e-09
53800    7.199673590789529e-09
53900    7.182003331087459e-09
54000    7.164404843227666e-09
54100    7.146877744489608e-09
54200    7.129421654062904e-09
54300    7.1120361934082715e-09
54400    7.094720986321485e-09
54500    7.0774756589185585e-09
54600    7.060299839620924e-09
54700    7.043193159140831e-09
54800    7.026155250466642e-09
54900    7.009185748848302e-09
55000    6.992284291782911e-09
55100    6.9754505190003115e-09
55200    6.9586840724487395e-09
55300    6.941984596280674e-09
55400    6.925351736838591e-09
55500    6.908785142640957e-09
55600    6.8922844643681515e-09
55700    6.8758493548485975e-09
55800    6.8594794690448974e-09
55900    6.843174464040055e-09
56000    6.8269339990237384e-09
56100    6.810757735278762e-09
56200    6.794645336167442e-09
56300    6.778596467118189e-09
56400    6.762610795612083e-09
56500    6.746687991169617e-09
56600    6.730827725337385e-09
56700    6.715029671674996e-09
56800    6.6992935057419414e-09
56900    6.683618905084608e-09
57000    6.668005549223361e-09
57100    6.652453119639644e-09
57200    6.636961299763263e-09
57300    6.6215297749596236e-09
57400    6.606158232517146e-09
57500    6.590846361634694e-09
57600    6.575593853409098e-09
57700    6.560400400822763e-09
57800    6.545265698731301e-09
57900    6.530189443851364e-09
58000    6.515171334748367e-09
58100    6.5002110718244455e-09
58200    6.485308357306383e-09
58300    6.470462895233708e-09
58400    6.455674391446765e-09
58500    6.440942553574907e-09
58600    6.426267091024778e-09
58700    6.411647714968642e-09
58800    6.39708413833276e-09
58900    6.382576075785924e-09
59000    6.368123243727961e-09
59100    6.353725360278388e-09
59200    6.339382145265071e-09
59300    6.325093320213031e-09
59400    6.3108586082372265e-09
59500    6.296677732729789e-09
59600    6.282550417713742e-09
59700    6.268476388879282e-09
59800    6.254455373598982e-09
59900    6.24048710091649e-09
60000    6.226571301535232e-09
60100    6.212707707807275e-09
60200    6.198896053722216e-09
60300    6.1851360748961595e-09
60400    6.171427508560747e-09
60500    6.1577700935522975e-09
60600    6.144163570300978e-09
60700    6.130607680820127e-09
60800    6.117102168695514e-09
60900    6.1036467790747925e-09
61000    6.090241258656982e-09
61100    6.076885355682028e-09
61200    6.063578819920397e-09
61300    6.050321402662797e-09
61400    6.037112856709926e-09
61500    6.023952936362329e-09
61600    6.010841397410263e-09
61700    5.997777997123696e-09
61800    5.984762494242364e-09
61900    5.971794648965818e-09
62000    5.958874222943665e-09
62100    5.94600097926578e-09
62200    5.93317468245262e-09
62300    5.920395098445594e-09
62400    5.907661994597534e-09
62500    5.89497513966315e-09
62600    5.882334303789667e-09
62700    5.8697392585074056e-09
62800    5.857189776720548e-09
62900    5.844685632697826e-09
63000    5.832226602063429e-09
63100    5.8198124617878655e-09
63200    5.807442990178893e-09
63300    5.795117966872598e-09
63400    5.782837172824429e-09
63500    5.770600390300369e-09
63600    5.75840740286812e-09
63700    5.7462579953883954e-09
63800    5.734151954006222e-09
63900    5.722089066142353e-09
64000    5.710069120484689e-09
64100    5.69809190697982e-09
64200    5.686157216824553e-09
64300    5.6742648424575654e-09
64400    5.66241457755109e-09
64500    5.650606217002645e-09
64600    5.638839556926835e-09
64700    5.627114394647218e-09
64800    5.615430528688217e-09
64900    5.6037877587670824e-09
65000    5.592185885785932e-09
65100    5.580624711806422e-09
65200    5.569104039683043e-09
65300    5.557623673074274e-09
65400    5.546183416788603e-09
65500    5.5347830767917554e-09
65600    5.52342246019891e-09
65700    5.512101375266955e-09
65800    5.500819631386859e-09
65900    5.489577039076038e-09
66000    5.478373409970774e-09
66100    5.46720855681874e-09
66200    5.456082293471527e-09
66300    5.444994434877259e-09
66400    5.433944797073234e-09
66500    5.422933197178639e-09
66600    5.411959453387293e-09
66700    5.401023384960469e-09
66800    5.390124812219751e-09
66900    5.379263556539936e-09
67000    5.368439440342016e-09
67100    5.3576522870861794e-09
67200    5.346901921264865e-09
67300    5.336188168395867e-09
67400    5.325510855015531e-09
67500    5.314869808671949e-09
67600    5.304264857918172e-09
67700    5.2936958323056e-09
67800    5.283162562377264e-09
67900    5.272664879661238e-09
68000    5.262202616664161e-09
68100    5.251775606864629e-09
68200    5.241383684706798e-09
68300    5.231026685593954e-09
68400    5.220704445882169e-09
68500    5.21041680287394e-09
68600    5.200163594811961e-09
68700    5.189944660872855e-09
68800    5.179759841161013e-09
68900    5.1696089767024394e-09
69000    5.159491909438652e-09
69100    5.149408482220643e-09
69200    5.139358538802867e-09
69300    5.1293419238372415e-09
69400    5.119358482867289e-09
69500    5.109408062322152e-09
69600    5.0994905095108796e-09
69700    5.089605672616525e-09
69800    5.0797534006904235e-09
69900    5.069933543646501e-09
70000    5.06014595225557e-09
70100    5.050390478139689e-09
70200    5.040666973766594e-09
70300    5.030975292444138e-09
70400    5.0213152883147466e-09
70500    5.011686816350002e-09
70600    5.002089732345141e-09
70700    4.992523892913697e-09
70800    4.982989155482136e-09
70900    4.973485378284544e-09
71000    4.964012420357311e-09
71100    4.95457014153393e-09
71200    4.9451584024360715e-09
71300    4.935777064365814e-09
71400    4.9264259892886834e-09
71500    4.917105039943496e-09
71600    4.9078140798437925e-09
71700    4.898552973272699e-09
71800    4.889321585277986e-09
71900    4.880119781667015e-09
72000    4.870947429001831e-09
72100    4.861804394594198e-09
72200    4.852690546500778e-09
72300    4.843605753518215e-09
72400    4.83454988517837e-09
72500    4.825522811743526e-09
72600    4.81652440420165e-09
72700    4.807554534261659e-09
72800    4.798613074348781e-09
72900    4.789699897599885e-09
73000    4.780814877858874e-09
73100    4.7719578896721036e-09
73200    4.7631288082838655e-09
73300    4.754327509631817e-09
73400    4.745553870342584e-09
73500    4.736807767727226e-09
73600    4.728089079776884e-09
73700    4.719397685158349e-09
73800    4.710733463209744e-09
73900    4.702096293936183e-09
74000    4.693486058005472e-09
74100    4.684902636743875e-09
74200    4.676345912131856e-09
74300    4.6678157667998794e-09
74400    4.659312084024258e-09
74500    4.650834747722981e-09
74600    4.642383642451639e-09
74700    4.633958653399306e-09
74800    4.625559666384509e-09
74900    4.617186567851189e-09
75000    4.608839244864697e-09
75100    4.600517585107856e-09
75200    4.592221476877004e-09
75300    4.583950809078039e-09
75400    4.57570547122263e-09
75500    4.56748535342425e-09
75600    4.5592903463944376e-09
75700    4.5511203414389305e-09
75800    4.542975230453926e-09
75900    4.53485490592231e-09
76000    4.526759260909955e-09
76100    4.518688189062e-09
76200    4.510641584599191e-09
76300    4.502619342314248e-09
76400    4.494621357568223e-09
76500    4.486647526286918e-09
76600    4.478697744957318e-09
76700    4.4707719106240506e-09
76800    4.4628699208858546e-09
76900    4.454991673892101e-09
77000    4.447137068339314e-09
77100    4.439306003467719e-09
77200    4.431498379057866e-09
77300    4.423714095427171e-09
77400    4.415953053426574e-09
77500    4.408215154437208e-09
77600    4.400500300367031e-09
77700    4.3928083936475715e-09
77800    4.385139337156009e-09
77900    4.377493034013039e-09
78000    4.3698693877945805e-09
78100    4.36226830259252e-09
78200    4.354689683011428e-09
78300    4.3471334341653886e-09
78400    4.33959946167474e-09
78500    4.3320876716629406e-09
78600    4.324597970753393e-09
78700    4.317130266066304e-09
78800    4.309684465215615e-09
78900    4.302260476305861e-09
79000    4.294858207929131e-09
79100    4.2874775691620225e-09
79200    4.2801184695626145e-09
79300    4.272780819167455e-09
79400    4.265464528488588e-09
79500    4.258169508510593e-09
79600    4.250895670687647e-09
79700    4.24364292694059e-09
79800    4.236411189654026e-09
79900    4.229200371673491e-09
80000    4.222010386302511e-09
80100    4.214841147299816e-09
80200    4.207692568876546e-09
80300    4.200564565693375e-09
80400    4.1934570528578e-09
80500    4.186369945921326e-09
80600    4.179303160876784e-09
80700    4.172256614155549e-09
80800    4.1652302226248706e-09
80900    4.158223903585192e-09
81000    4.1512375747674575e-09
81100    4.144271154330472e-09
81200    4.137324560858296e-09
81300    4.130397713357615e-09
81400    4.123490531255134e-09
81500    4.1166029343950365e-09
81600    4.109734843036387e-09
81700    4.102886177850627e-09
81800    4.0960568599190344e-09
81900    4.089246810730213e-09
82000    4.082455952177627e-09
82100    4.075684206557107e-09
82200    4.068931496564411e-09
82300    4.062197745292783e-09
82400    4.05548287623054e-09
82500    4.0487868132586665e-09
82600    4.042109480648416e-09
82700    4.0354508030589445e-09
82800    4.028810705534986e-09
82900    4.022189113504478e-09
83000    4.015585952776256e-09
83100    4.009001149537738e-09
83200    4.002434630352657e-09
83300    3.9958863221587616e-09
83400    3.989356152265571e-09
83500    3.9828440483521296e-09
83600    3.976349938464782e-09
83700    3.969873751014945e-09
83800    3.963415414776942e-09
83900    3.95697485888578e-09
84000    3.950552012835011e-09
84100    3.94414680647459e-09
84200    3.937759170008678e-09
84300    3.931389033993595e-09
84400    3.925036329335646e-09
84500    3.918700987289071e-09
84600    3.912382939453953e-09
84700    3.906082117774121e-09
84800    3.899798454541773e-09
84900    3.893531882436317e-09
85000    3.8872823344949496e-09
85100    3.881049744089669e-09
85200    3.8748340449252254e-09
85300    3.868635171037129e-09
85400    3.8624530567896835e-09
85500    3.856287636874032e-09
85600    3.8501388463062566e-09
85700    3.8440066204254294e-09
85800    3.837890894891685e-09
85900    3.831791605684373e-09
86000    3.825708689100128e-09
86100    3.8196420817510305e-09
86200    3.81359172056273e-09
86300    3.8075575427726e-09
86400    3.801539485927914e-09
86500    3.795537487884019e-09
86600    3.789551486802519e-09
86700    3.783581421149498e-09
86800    3.777627229693703e-09
86900    3.771688851504796e-09
87000    3.765766225951603e-09
87100    3.7598592927003115e-09
87200    3.753967991712804e-09
87300    3.748092263244875e-09
87400    3.742232047844534e-09
87500    3.736387286350315e-09
87600    3.730557919889568e-09
87700    3.724743889876786e-09
87800    3.7189451380119183e-09
87900    3.713161606278751e-09
88000    3.707393236943215e-09
88100    3.7016399725517704e-09
88200    3.695901755929786e-09
88300    3.690178530179907e-09
88400    3.68447023868046e-09
88500    3.678776825083861e-09
88600    3.6730982333150308e-09
88700    3.6674344075698187e-09
88800    3.6617852923134396e-09
88900    3.6561508322789233e-09
89000    3.6505309724655688e-09
89100    3.64492565813742e-09
89200    3.63933483482175e-09
89300    3.6337584483075016e-09
89400    3.628196444643863e-09
89500    3.6226487701387147e-09
89600    3.6171153713571683e-09
89700    3.6115961951200912e-09
89800    3.6060911885026455e-09
89900    3.60060029883283e-09
90000    3.595123473690045e-09
90100    3.5896606609036545e-09
90200    3.5842118085515434e-09
90300    3.5787768649587377e-09
90400    3.573355778695948e-09
90500    3.567948498578238e-09
90600    3.5625549736635547e-09
90700    3.5571751532514344e-09
90800    3.551808986881565e-09
90900    3.54645642433245e-09
91000    3.5411174156200703e-09
91100    3.535791910996514e-09
91200    3.5304798609486527e-09
91300    3.5251812161968213e-09
91400    3.5198959276934864e-09
91500    3.5146239466219445e-09
91600    3.509365224395023e-09
91700    3.5041197126537934e-09
91800    3.4988873632662557e-09
91900    3.493668128326101e-09
92000    3.488461960151431e-09
92100    3.483268811283479e-09
92200    3.4780886344853904e-09
92300    3.4729213827411123e-09
92400    3.467767009262737e-09
92500    3.4626254674934243e-09
92600    3.4574967110940983e-09
92700    3.4523806939411996e-09
92800    3.4472773701254487e-09
92900    3.442186693950677e-09
93000    3.4371086199326224e-09
93100    3.4320431027977604e-09
93200    3.4269900974821466e-09
93300    3.421949559130212e-09
93400    3.416921443093655e-09
93500    3.4119057049302578e-09
93600    3.4069023004027544e-09
93700    3.4019111854777176e-09
93800    3.3969323163243876e-09
93900    3.3919656493135928e-09
94000    3.387011141016612e-09
94100    3.3820687482040847e-09
94200    3.3771384278448934e-09
94300    3.3722201371051056e-09
94400    3.3673138333468434e-09
94500    3.3624194741272404e-09
94600    3.3575370171973503e-09
94700    3.3526664205011064e-09
94800    3.347807642174216e-09
94900    3.342960640543181e-09
95000    3.338125374124177e-09
95100    3.3333018016220824e-09
95200    3.3284898819293858e-09
95300    3.3236895741252184e-09
95400    3.318900837474287e-09
95500    3.3141236314258964e-09
95600    3.3093579156129232e-09
95700    3.3046036498508294e-09
95800    3.2998607941366544e-09
95900    3.295129308648047e-09
96000    3.290409153742263e-09
96100    3.2857002899552096e-09
96200    3.281002678000474e-09
96300    3.2763162787683435e-09
96400    3.2716410533248678e-09
96500    3.266976962910903e-09
96600    3.2623239689411526e-09
96700    3.2576820330032666e-09
96800    3.2530511168568664e-09
96900    3.24843118243263e-09
97000    3.243822191831399e-09
97100    3.2392241073232086e-09
97200    3.2346368913464307e-09
97300    3.2300605065068468e-09
97400    3.225494915576743e-09
97500    3.2209400814940125e-09
97600    3.216395967361303e-09
97700    3.2118625364450956e-09
97800    3.2073397521748445e-09
97900    3.2028275781421087e-09
98000    3.198325978099672e-09
98100    3.1938349159607045e-09
98200    3.189354355797883e-09
98300    3.184884261842565e-09
98400    3.1804245984839126e-09
98500    3.17597533026809e-09
98600    3.1715364218973937e-09
98700    3.167107838229464e-09
98800    3.1626895442764162e-09
98900    3.1582815052040398e-09
99000    3.153883686331006e-09
99100    3.1494960531280152e-09
99200    3.145118571217034e-09
99300    3.140751206370468e-09
99400    3.1363939245103887e-09
99500    3.1320466917077165e-09
99600    3.127709474181462e-09
99700    3.1233822382979287e-09
99800    3.1190649505699586e-09
99900    3.114757577656134e-09
