100    1.8164935257667492e-05
1100    1.1857452687222889e-05
2100    6.078770237286919e-06
3100    3.3187980088971988e-06
4100    2.0021772445864315e-06
5100    1.3108150053886891e-06
6100    9.135016951003102e-07
7100    6.677508884167446e-07
8100    5.06752058117343e-07
9100    3.963399466267132e-07
10100    3.177854146907941e-07
11100    2.6018556765374147e-07
12100    2.1683757544807333e-07
13100    1.8348967326044825e-07
14100    1.573478807618396e-07
15100    1.3650405884427105e-07
16100    1.1963751197265363e-07
17100    1.0581010657985969e-07
18100    9.434020153826363e-08
19100    8.472531389391955e-08
20100    7.658898335723231e-08
21100    6.964437612836072e-08
22100    6.367008583741577e-08
23100    5.849328737953046e-08
24100    5.397781439909752e-08
25100    5.001518596432282e-08
26100    4.651795195291169e-08
27100    4.341519786729277e-08
28100    4.064893004812124e-08
29100    3.817141976956176e-08
30100    3.594303838539677e-08
31100    3.393072625553442e-08
32100    3.210670108684706e-08
33100    3.0447483941311916e-08
34100    2.8933166944016742e-08
35100    2.7546743537814837e-08
36100    2.6273650814093125e-08
37100    2.5101348897018293e-08
38100    2.401897204902986e-08
39100    2.3017101355435445e-08
40100    2.2087529864390768e-08
41100    2.122306959723115e-08
42100    2.0417421394128403e-08
43100    1.9665041571088087e-08
44100    1.8961022853269893e-08
45100    1.8301021541703602e-08
46100    1.76811835608155e-08
47100    1.709807225836911e-08
48100    1.6548616341369003e-08
49100    1.6030068759893633e-08
50100    1.5539964989218595e-08
51100    1.5076082628793848e-08
52100    1.4636417051012788e-08
53100    1.4219158517867825e-08
54100    1.382266940651793e-08
55100    1.3445463811233398e-08
56100    1.3086191155800097e-08
57100    1.2743621832316746e-08
58100    1.241663417146483e-08
59100    1.2104201941093347e-08
60100    1.1805384106489148e-08
61100    1.1519317777200263e-08
62100    1.1245210510244877e-08
63100    1.0982333382052605e-08
64100    1.0730014943310095e-08
65100    1.0487635722605305e-08
66100    1.0254623284666383e-08
67100    1.0030447908238059e-08
68100    9.814618737804228e-09
69100    9.606680645414898e-09
70100    9.406211139342245e-09
71100    9.212817166163893e-09
72100    9.026132598027992e-09
73100    8.845815991841903e-09
74100    8.67154859918315e-09
75100    8.503032710492122e-09
76100    8.339989836970353e-09
77100    8.182159116233525e-09
78100    8.029295952231501e-09
79100    7.881170778125878e-09
