100    1.8166579333905456e-05
200    1.7939338727553143e-05
300    1.7590078722757174e-05
400    1.7149903721186326e-05
500    1.6638800520790026e-05
600    1.6052708411008147e-05
700    1.536106058051308e-05
800    1.4536813233091178e-05
900    1.3616694969791748e-05
1000    1.2694916404699364e-05
1100    1.1859200064921575e-05
1200    1.1145799520794697e-05
1300    1.0495762170225878e-05
1400    9.83610975932243e-06
1500    9.154331076722374e-06
1600    8.505079899531399e-06
1700    7.936701629614038e-06
1800    7.438030416095082e-06
1900    6.96868704584949e-06
2000    6.510573287122362e-06
2100    6.080588166000847e-06
2200    5.695872552258778e-06
2300    5.349044284746784e-06
2400    5.024939655019717e-06
2500    4.718457822005648e-06
2600    4.435405052798918e-06
2700    4.1778644604577464e-06
2800    3.940397578737727e-06
2900    3.7185978497713827e-06
3000    3.5116989900210307e-06
3100    3.3205864006089174e-06
3200    3.1440985491291702e-06
3300    2.9795752220821786e-06
3400    2.8259953623888877e-06
3500    2.6830004161557615e-06
3600    2.549875306838737e-06
3700    2.4257491403002705e-06
3800    2.3095719823191575e-06
3900    2.2008192678458165e-06
4000    2.099149142757041e-06
4100    2.003846326063507e-06
4200    1.914409035024543e-06
4300    1.830440696747252e-06
4400    1.7514717911288442e-06
4500    1.6772031934702647e-06
4600    1.6072760307369633e-06
4700    1.541308486329686e-06
4800    1.4790973214433735e-06
4900    1.420368306262973e-06
5000    1.3648294859881605e-06
5100    1.3123208284325324e-06
5200    1.2626160480780153e-06
5300    1.2155352864605845e-06
5400    1.1708860743467272e-06
5500    1.128516946976297e-06
5600    1.0882871070073067e-06
5700    1.0500649834150479e-06
5800    1.013723716051702e-06
5900    9.791440477094834e-07
6000    9.462158902677614e-07
6100    9.148375139379419e-07
6200    8.849152192372846e-07
6300    8.563642699499035e-07
6400    8.291064354013566e-07
6500    8.030687282736272e-07
6600    7.781830069214077e-07
6700    7.543855580835808e-07
6800    7.316161570083878e-07
6900    7.098181091766439e-07
7000    6.889384773979851e-07
7100    6.689278024854767e-07
7200    6.497398380410739e-07
7300    6.313313708952979e-07
7400    6.136622053363487e-07
7500    5.966947082302078e-07
7600    5.803935392667961e-07
7700    5.647254897897915e-07
7800    5.496593343657196e-07
7900    5.351656974541444e-07
8000    5.212169465491652e-07
8100    5.077870579767628e-07
8200    4.948514986903133e-07
8300    4.823871275085791e-07
8400    4.703721037619633e-07
8500    4.587858027946534e-07
8600    4.4760875809523426e-07
8700    4.368226093202944e-07
8800    4.2640998940263195e-07
8900    4.1635445637357913e-07
9000    4.0664043638962e-07
9100    3.972531707130898e-07
9200    3.881786663434744e-07
9300    3.794036476930938e-07
9400    3.7091550863267135e-07
9500    3.6270227974396227e-07
9600    3.547525926773601e-07
9700    3.4705564512369044e-07
9800    3.396011680954261e-07
9900    3.323793953483392e-07
10000    3.2538103552829245e-07
10100    3.185972891627663e-07
10200    3.1201984058506033e-07
10300    3.056407639248677e-07
10400    2.9945249620778893e-07
10500    2.9344781826284157e-07
10600    2.876198367546455e-07
10700    2.8196196726761345e-07
10800    2.764679183745283e-07
10900    2.7113164814064057e-07
11000    2.659472670473239e-07
11100    2.60909124934596e-07
11200    2.5601182935670526e-07
11300    2.512502317310168e-07
11400    2.466194143404265e-07
11500    2.421146781302613e-07
11600    2.3773153124506664e-07
11700    2.3346567825484162e-07
11800    2.2931303162728533e-07
11900    2.252697696595835e-07
12000    2.2133224961545516e-07
12100    2.1749697335754781e-07
12200    2.137605807530184e-07
12300    2.101198434162368e-07
12400    2.0657165876915966e-07
12500    2.0311304440168666e-07
12600    1.997411327153729e-07
12700    1.9645316571894273e-07
12800    1.9324647265309732e-07
12900    1.9011844927156675e-07
13000    1.8706658857635126e-07
13100    1.8408848097311782e-07
13200    1.8118180983071685e-07
13300    1.783443472721275e-07
13400    1.7557395018329932e-07
13500    1.728685564272385e-07
13600    1.7022618125149308e-07
13700    1.676449138779521e-07
13800    1.6512291467946711e-07
13900    1.6265841597279688e-07
14000    1.6024971689425688e-07
14100    1.578951778817715e-07
14200    1.5559321804966263e-07
14300    1.5334231272685514e-07
14400    1.511409911130792e-07
14500    1.4898783404672812e-07
14600    1.468814718784084e-07
14700    1.4482058244456828e-07
14800    1.4280388913592452e-07
14900    1.4083015907103898e-07
15000    1.3889820249815624e-07
15100    1.3700687179010875e-07
15200    1.3515505790347175e-07
15300    1.3334168866946404e-07
15400    1.3156572735682453e-07
15500    1.2982617129866599e-07
15600    1.2812205058011334e-07
15700    1.2645242678371116e-07
15800    1.248163917897469e-07
15900    1.2321306662879637e-07
16000    1.2164160038394003e-07
16100    1.2010116914024002e-07
16200    1.1859097448494799e-07
16300    1.171102410230576e-07
16400    1.1565821715043084e-07
16500    1.1423417473721376e-07
16600    1.1283740826494078e-07
16700    1.1146723399999407e-07
16800    1.1012298920169956e-07
16900    1.0880403136342713e-07
17000    1.0750973748514843e-07
17100    1.0623950337598457e-07
17200    1.0499274298535341e-07
17300    1.0376888776139717e-07
17400    1.0256738603543777e-07
17500    1.0138770242835335e-07
17600    1.0022931725220442e-07
17700    9.909172598066266e-08
17800    9.797443874990054e-08
17900    9.687697985666045e-08
18000    9.579888727565063e-08
18100    9.473971219582182e-08
18200    9.36990185746915e-08
18300    9.267638270992625e-08
18400    9.16713928274285e-08
18500    9.068364868521188e-08
18600    8.971276119238412e-08
18700    8.875835204258765e-08
18800    8.782005336128048e-08
18900    8.689750736732508e-08
19000    8.599036617528166e-08
19100    8.509829159199311e-08
19200    8.422095457396783e-08
19300    8.335803490643827e-08
19400    8.250922092384084e-08
19500    8.167420924046098e-08
19600    8.085270449082676e-08
19700    8.004441907945453e-08
19800    7.924907293956573e-08
19900    7.846639330041336e-08
20000    7.769611446287142e-08
20100    7.693797758295687e-08
20200    7.619173046296796e-08
20300    7.545712734993646e-08
20400    7.473392874110619e-08
20500    7.402190112262794e-08
20600    7.332081600307597e-08
20700    7.263045009995837e-08
20800    7.195058575335686e-08
20900    7.1281010767811e-08
21000    7.062151824968385e-08
21100    6.997190645010806e-08
21200    6.933197861329605e-08
21300    6.870154283000704e-08
21400    6.808041189597317e-08
21500    6.746840317509433e-08
21600    6.686533846722112e-08
21700    6.627104388035101e-08
21800    6.568534970707186e-08
21900    6.510809030509295e-08
22000    6.453910398171052e-08
22100    6.397823288206168e-08
22200    6.342532292422703e-08
22300    6.288022396531424e-08
22400    6.234278950523369e-08
22500    6.18128764415175e-08
22600    6.129034497524374e-08
22700    6.077505852063086e-08
22800    6.026688361748439e-08
22900    5.97656898463946e-08
23000    5.9271349746586695e-08
23100    5.8783738736330686e-08
23200    5.830273503581966e-08
23300    5.782821959243123e-08
23400    5.736007600828776e-08
23500    5.689819047003605e-08
23600    5.644245168076936e-08
23700    5.599275079401825e-08
23800    5.554898134973849e-08
23900    5.511103921222839e-08
24000    5.4678822481724616e-08
24100    5.425223097044576e-08
24200    5.3831166248045976e-08
24300    5.341553201555434e-08
24400    5.3005234063985735e-08
24500    5.2600180220294574e-08
24600    5.220028029494525e-08
24700    5.1805446031045805e-08
24800    5.1415591054990677e-08
24900    5.1030630828563205e-08
25000    5.065048260244766e-08
25100    5.0275065371104466e-08
25200    4.9904299828963214e-08
25300    4.953810832788969e-08
25400    4.917641483588498e-08
25500    4.881914489697629e-08
25600    4.84662255922603e-08
25700    4.811758550206144e-08
25800    4.77731546691694e-08
25900    4.743286456312032e-08
26000    4.709664805937695e-08
26100    4.67644394850338e-08
26200    4.6436174526210664e-08
26300    4.611179015563166e-08
26400    4.579122460180673e-08
26500    4.547441731919935e-08
26600    4.5161308959214145e-08
26700    4.485184134198029e-08
26800    4.454595742890478e-08
26900    4.424360129597216e-08
27000    4.394471810776798e-08
27100    4.364925409220324e-08
27200    4.335715651591846e-08
27300    4.306837366034729e-08
27400    4.278285479841825e-08
27500    4.250055017187699e-08
27600    4.222141096920882e-08
27700    4.194538930414429e-08
27800    4.167243819473053e-08
27900    4.1402511542950346e-08
28000    4.113556411487442e-08
28100    4.087155151362855e-08
28200    4.0610429969718224e-08
28300    4.035215632014689e-08
28400    4.0096688200355166e-08
28500    3.9843984036772285e-08
28600    3.959400302913149e-08
28700    3.934670513324457e-08
28800    3.910205104422185e-08
28900    3.8860002180125096e-08
29000    3.862052066603974e-08
29100    3.838356931855535e-08
29200    3.8149111630641214e-08
29300    3.7917111756906716e-08
29400    3.7687534499234446e-08
29500    3.7460345292776204e-08
29600    3.723551019230053e-08
29700    3.7012995858882776e-08
29800    3.679276954692679e-08
29900    3.657479909151012e-08
30000    3.635905289604215e-08
30100    3.6145499920227804e-08
30200    3.593410966832686e-08
30300    3.572485217770174e-08
30400    3.5517698007399366e-08
30500    3.531261821644347e-08
30600    3.5109584349510915e-08
30700    3.4908568441287754e-08
30800    3.4709543007461647e-08
30900    3.451248103479818e-08
31000    3.431735597145491e-08
31100    3.4124141717527437e-08
31200    3.393281261582032e-08
31300    3.3743343442837606e-08
31400    3.3555709399986066e-08
31500    3.3369886104986654e-08
31600    3.318584958348715e-08
31700    3.300357626087198e-08
31800    3.2823042954262913e-08
31900    3.264422686470622e-08
32000    3.246710556954089e-08
32100    3.229165701494364e-08
32200    3.2117859508645483e-08
32300    3.1945691712815784e-08
32400    3.1775132637109226e-08
32500    3.160616163187156e-08
32600    3.143875838149992e-08
32700    3.1272902897953623e-08
32800    3.110857551441183e-08
32900    3.094575687749303e-08
33000    3.078442787476961e-08
33100    3.0624569607614144e-08
33200    3.0466163474262415e-08
33300    3.030919117074331e-08
33400    3.015363468514106e-08
33500    2.9999476291986295e-08
33600    2.984669854677246e-08
33700    2.969528428059491e-08
33800    2.954521659490886e-08
33900    2.9396478856403822e-08
34000    2.9249054691991137e-08
34100    2.910292798390202e-08
34200    2.8958082864893302e-08
34300    2.8814503713557936e-08
34400    2.8672175149737995e-08
34500    2.8531082030037458e-08
34600    2.8391209443432246e-08
34700    2.8252542706975164e-08
34800    2.8115067361593454e-08
34900    2.7978769167976693e-08
35000    2.784363410255262e-08
35100    2.7709648353549013e-08
35200    2.7576798317139447e-08
35300    2.744507059367075e-08
35400    2.73144519839703e-08
35500    2.7184929485731353e-08
35600    2.7056490289777957e-08
35700    2.692912176564898e-08
35800    2.6802811452906162e-08
35900    2.6677547073840746e-08
36000    2.6553316531645316e-08
36100    2.6430107907199183e-08
36200    2.6307909455920487e-08
36300    2.6186709604683283e-08
36400    2.6066496948798254e-08
36500    2.5947260249055524e-08
36600    2.582898842882796e-08
36700    2.5711670571233735e-08
36800    2.5595295916356718e-08
36900    2.5479853858523234e-08
37000    2.53653339436341e-08
37100    2.5251725866550434e-08
37200    2.5139019468532182e-08
37300    2.5027204734727994e-08
37400    2.4916271791715462e-08
37500    2.4806210905090377e-08
37600    2.469701247710393e-08
37700    2.4588667044346988e-08
37800    2.4481165275479922e-08
37900    2.4374497969007647e-08
38000    2.426865605109785e-08
38100    2.4163630573442736e-08
38200    2.4059412711161967e-08
38300    2.3955993760747e-08
38400    2.3853365138045094e-08
38500    2.3751518376275873e-08
38600    2.3650445107382535e-08
38700    2.3550137025122613e-08
38800    2.3450585926952593e-08
38900    2.3351783722656965e-08
39000    2.3253722432487414e-08
39100    2.315639418533819e-08
39200    2.3059791216956748e-08
39300    2.296390586818862e-08
39400    2.2868730583256258e-08
39500    2.277425790807072e-08
39600    2.2680480488575542e-08
39700    2.2587391069122347e-08
39800    2.2494982490876956e-08
39900    2.240324769025604e-08
40000    2.231217969739323e-08
40100    2.2221771634633886e-08
40200    2.213201671505842e-08
40300    2.204290824103308e-08
40400    2.1954439602788006e-08
40500    2.1866604277021556e-08
40600    2.1779395825530734e-08
40700    2.1692807893867e-08
40800    2.1606834210016704e-08
40900    2.152146858310618e-08
41000    2.1436704902130373e-08
41100    2.135253713470486e-08
41200    2.126895932584076e-08
41300    2.1185965596741842e-08
41400    2.1103550143623625e-08
41500    2.102170723655389e-08
41600    2.094043121831412e-08
41700    2.0859716503185188e-08
41800    2.0779557572631776e-08
41900    2.0699948973579607e-08
42000    2.062088532128456e-08
42100    2.0542361298543263e-08
42200    2.0464371654666328e-08
42300    2.0386911204469727e-08
42400    2.03099748272841e-08
42500    2.023355746598159e-08
42600    2.0157654126019977e-08
42700    2.0082259874503464e-08
42800    2.000736983926013e-08
42900    1.9932979207935508e-08
43000    1.9859083227101917e-08
43100    1.9785677201383482e-08
43200    1.9712756492596167e-08
43300    1.964031651890301e-08
43400    1.9568352753983698e-08
43500    1.9496860726218637e-08
43600    1.9425836017887005e-08
43700    1.93552742643786e-08
43800    1.928517115341919e-08
43900    1.9215522424309106e-08
44000    1.914632386717481e-08
44100    1.907757132223309e-08
44200    1.9009260679068013e-08
44300    1.8941387875919724e-08
44400    1.887394889898559e-08
44500    1.8806939781732876e-08
44600    1.874035660422312e-08
44700    1.8674195492447656e-08
44800    1.860845261767452e-08
44900    1.8543124195805892e-08
45000    1.8478206486746462e-08
45100    1.841369579376225e-08
45200    1.834958845564035e-08
45300    1.828588083564971e-08
45400    1.822256933660198e-08
45500    1.8159650403039068e-08
45600    1.8097120520644807e-08
45700    1.8034976215666375e-08
45800    1.7973214054345396e-08
45900    1.7911830642358203e-08
46000    1.7850822624265398e-08
46100    1.7790186682970384e-08
46200    1.772991953918677e-08
46300    1.7670017950914415e-08
46400    1.7610478712923948e-08
46500    1.755129865624984e-08
46600    1.7492474647691384e-08
46700    1.7434003589322012e-08
46800    1.7375882418006228e-08
46900    1.731810810492461e-08
47000    1.7260677655106142e-08
47100    1.72035881069682e-08
47200    1.714683653186374e-08
47300    1.7090420033635875e-08
47400    1.7034335748179295e-08
47500    1.697858084300884e-08
47600    1.6923152516834716e-08
47700    1.6868047999144534e-08
47800    1.6813264549791832e-08
47900    1.6758799458591106e-08
48000    1.6704650044919223e-08
48100    1.6650813657322877e-08
48200    1.659728767313234e-08
48300    1.654406949808123e-08
48400    1.6491156565931996e-08
48500    1.6438546338107303e-08
48600    1.638623630332728e-08
48700    1.633422397725195e-08
48800    1.6282506902128462e-08
48900    1.6231082644692537e-08
49000    1.6179948792337737e-08
49100    1.6129102957202947e-08
49200    1.6078542776855107e-08
49300    1.602826591395944e-08
49400    1.5978270055954635e-08
49500    1.5928552914733e-08
49600    1.5879112226325442e-08
49700    1.5829945750591284e-08
49800    1.5781051270912596e-08
49900    1.5732426593893397e-08
50000    1.568406954906311e-08
50100    1.563597798858454e-08
50200    1.558814978696642e-08
50300    1.5540582840779904e-08
50400    1.5493275068379537e-08
50500    1.544622440962831e-08
50600    1.539942882562674e-08
50700    1.5352886298445993e-08
50800    1.5306594830865013e-08
50900    1.526055244611132e-08
51000    1.5214757187605932e-08
51100    1.5169207118711682e-08
51200    1.5123900322485535e-08
51300    1.507883490143423e-08
51400    1.5034008977273766e-08
51500    1.498942069069212e-08
51600    1.494506820111565e-08
51700    1.490094968647866e-08
51800    1.4857063342996453e-08
51900    1.4813407384941573e-08
52000    1.4769980044423332e-08
52100    1.4726779571170409e-08
52200    1.4683804232316661e-08
52300    1.4641052312189872e-08
52400    1.4598522112103663e-08
52500    1.4556211950152327e-08
52600    1.4514120161008415e-08
52700    1.4472245095723406e-08
52800    1.4430585121531106e-08
52900    1.4389138621276899e-08
53000    1.434790399202567e-08
53100    1.4306879646078414e-08
53200    1.4266064011212361e-08
53300    1.4225455530496751e-08
53400    1.418505266211133e-08
53500    1.4144853879167221e-08
53600    1.4104857669530445e-08
53700    1.4065062535647716e-08
53800    1.402546699437479e-08
53900    1.3986069576807178e-08
54000    1.3946868828113181e-08
54100    1.3907863307369118e-08
54200    1.3869051587397058e-08
54300    1.3830432254604534e-08
54400    1.379200390882663e-08
54500    1.375376516317016e-08
54600    1.3715714643859937e-08
54700    1.3677850990087204e-08
54800    1.364017285386012e-08
54900    1.3602678899856173e-08
55000    1.3565367805276796e-08
55100    1.3528238259703703e-08
55200    1.3491288964957328e-08
55300    1.3454518634957161e-08
55400    1.3417925995583874e-08
55500    1.3381509784543321e-08
55600    1.3345268751232476e-08
55700    1.3309201656606952e-08
55800    1.3273307273050447e-08
55900    1.3237584384245939e-08
56000    1.3202031785048384e-08
56100    1.3166648281359387e-08
56200    1.3131432690003316e-08
56300    1.3096383838605077e-08
56400    1.3061500565469715e-08
56500    1.302678171946319e-08
56600    1.2992226159895133e-08
56700    1.2957832756402854e-08
56800    1.2923600388837053e-08
56900    1.2889527947148848e-08
57000    1.2855614331278393e-08
57100    1.2821858451044927e-08
57200    1.2788259225907796e-08
57300    1.2754815582860684e-08
57400    1.272152645676699e-08
57500    1.2688390791975014e-08
57600    1.2655407542265378e-08
57700    1.2622575670747752e-08
57800    1.25898941497591e-08
57900    1.2557361960763203e-08
58000    1.2524978094251375e-08
58100    1.249274154964454e-08
58200    1.2460651335196508e-08
58300    1.2428706467898557e-08
58400    1.2396905973385128e-08
58500    1.2365248885840822e-08
58600    1.2333734247908472e-08
58700    1.2302361110598471e-08
58800    1.2271128533199204e-08
58900    1.2240035583188597e-08
59000    1.2209081336146773e-08
59100    1.2178264875669913e-08
59200    1.2147585293284995e-08
59300    1.2117041688365798e-08
59400    1.2086633168049841e-08
59500    1.2056358847156388e-08
59600    1.2026217848105467e-08
59700    1.199620930083791e-08
59800    1.1966332342736436e-08
59900    1.1936586118547525e-08
60000    1.1906969780304466e-08
60100    1.1877482487251267e-08
60200    1.184812340576748e-08
60300    1.1818891709294003e-08
60400    1.178978657825971e-08
60500    1.1760807200009097e-08
60600    1.1731952768730705e-08
60700    1.1703222485386454e-08
60800    1.1674615557641855e-08
60900    1.1646131199797052e-08
61000    1.161776863271871e-08
61100    1.1589527083772668e-08
61200    1.1561405786757582e-08
61300    1.1533403981839072e-08
61400    1.1505520915484952e-08
61500    1.1477755840401118e-08
61600    1.1450108015468122e-08
61700    1.1422576705678716e-08
61800    1.1395161182075869e-08
61900    1.1367860721719142e-08
62000    1.134067460798949e-08
62100    1.1313602130423005e-08
62200    1.1286642584359633e-08
62300    1.1259795270877767e-08
62400    1.1233059496737009e-08
62500    1.120643457432141e-08
62600    1.1179919821583535e-08
62700    1.1153514561989053e-08
62800    1.1127218124462145e-08
62900    1.1101029843331313e-08
63000    1.1074949058276089e-08
63100    1.1048975114274124e-08
63200    1.1023107361549078e-08
63300    1.0997345155519006e-08
63400    1.0971687856745383e-08
63500    1.0946134830882716e-08
63600    1.0920685448628738e-08
63700    1.089533908567516e-08
63800    1.0870095122658981e-08
63900    1.0844952945114512e-08
64000    1.0819911943425613e-08
64100    1.0794971512778826e-08
64200    1.0770131053116919e-08
64300    1.074538996909282e-08
64400    1.0720747670024303e-08
64500    1.0696203569849095e-08
64600    1.0671757087080372e-08
64700    1.0647407644763016e-08
64800    1.0623154670430093e-08
64900    1.0598997596060063e-08
65000    1.057493585803429e-08
65100    1.0550968897095135e-08
65200    1.0527096158304484e-08
65300    1.0503317091002735e-08
65400    1.0479631148768256e-08
65500    1.0456037789377347e-08
65600    1.0432536474764509e-08
65700    1.0409126670983324e-08
65800    1.0385807848167622e-08
65900    1.0362579480493258e-08
66000    1.0339441046140053e-08
66100    1.0316392027254449e-08
66200    1.0293431909912364e-08
66300    1.0270560184082517e-08
66400    1.0247776343590218e-08
66500    1.0225079886081473e-08
66600    1.0202470312987517e-08
66700    1.0179947129489757e-08
66800    1.0157509844485077e-08
66900    1.0135157970551452e-08
67000    1.0112891023931674e-08
67100    1.0090708524617076e-08
67200    1.0068609996239669e-08
67300    1.0046594965975637e-08
67400    1.002466296451255e-08
67500    1.0002813526017236e-08
67600    9.98104618810414e-09
67700    9.959360491803834e-09
67800    9.937755981531978e-09
67900    9.91623220505865e-09
68000    9.894788713477883e-09
68100    9.87342506117764e-09
68200    9.852140805810014e-09
68300    9.830935508261866e-09
68400    9.80980873262568e-09
68500    9.788760046170721e-09
68600    9.767789019314579e-09
68700    9.746895225594964e-09
68800    9.726078241641762e-09
68900    9.70533764714948e-09
69000    9.68467302484991e-09
69100    9.664083960485097e-09
69200    9.643570042780629e-09
69300    9.623130863419102e-09
69400    9.60276601701403e-09
69500    9.582475101083853e-09
69600    9.562257716026328e-09
69700    9.542113465093197e-09
69800    9.522041954365017e-09
69900    9.502042792726305e-09
70000    9.482115591841062e-09
70100    9.462259966128286e-09
70200    9.442475532738001e-09
70300    9.422761911527365e-09
70400    9.403118725037119e-09
70500    9.383545598468221e-09
70600    9.364042159658743e-09
70700    9.344608039061028e-09
70800    9.325242869719018e-09
70900    9.305946287245891e-09
71000    9.286717929801834e-09
71100    9.267557438072209e-09
71200    9.248464455245696e-09
71300    9.229438626992877e-09
71400    9.210479601444929e-09
71500    9.19158702917255e-09
71600    9.17276056316515e-09
71700    9.15399985881014e-09
71800    9.135304573872524e-09
71900    9.116674368474718e-09
72000    9.098108905076449e-09
72100    9.079607848454998e-09
72200    9.061170865685536e-09
72300    9.04279762612169e-09
72400    9.024487801376343e-09
72500    9.006241065376323e-09
72600    8.988057094832698e-09
72700    8.969935568909187e-09
72800    8.951876168940718e-09
72900    8.933878578413766e-09
73000    8.915942482948515e-09
73100    8.898067570281071e-09
73200    8.880253530245916e-09
73300    8.86250005475845e-09
73400    8.844806837797875e-09
73500    8.827173575390034e-09
73600    8.809599965590545e-09
73700    8.792085708468115e-09
73800    8.774630506087906e-09
73900    8.757234062495211e-09
74000    8.73989608369915e-09
74100    8.72261627765662e-09
74200    8.705394354256342e-09
74300    8.68823002530312e-09
74400    8.671123004502157e-09
74500    8.65407300744366e-09
74600    8.637079751587452e-09
74700    8.620142956247845e-09
74800    8.603262342578601e-09
74900    8.586437633557993e-09
75000    8.569668553974157e-09
75100    8.552954830410405e-09
75200    8.536296191230815e-09
75300    8.519692366565906e-09
75400    8.503143088298401e-09
75500    8.48664809004924e-09
75600    8.470207107163603e-09
75700    8.453819876697182e-09
75800    8.437486137402471e-09
75900    8.42120562971528e-09
76000    8.404978095741303e-09
76100    8.388803279242859e-09
76200    8.37268092562575e-09
76300    8.356610781926233e-09
76400    8.34059259679812e-09
76500    8.324626120499964e-09
76600    8.308711104882436e-09
76700    8.292847303375831e-09
76800    8.27703447097748e-09
76900    8.261272364239617e-09
77000    8.245560741257088e-09
77100    8.229899361655271e-09
77200    8.214287986578158e-09
77300    8.19872637867642e-09
77400    8.183214302095723e-09
77500    8.167751522465063e-09
77600    8.152337806885229e-09
77700    8.136972923917362e-09
77800    8.121656643571682e-09
77900    8.106388737296204e-09
78000    8.091168977965676e-09
78100    8.075997139870527e-09
78200    8.060872998706e-09
78300    8.04579633156127e-09
78400    8.03076691691061e-09
78500    8.015784534769441e-09
78600    8.000848966817712e-09
78700    7.985959996111995e-09
78800    7.971117407042712e-09
78900    7.956320985324013e-09
79000    7.94157051798367e-09
79100    7.926865793353181e-09
79200    7.912206601057811e-09
79300    7.897592732006918e-09
79400    7.883023978384142e-09
79500    7.868500133637909e-09
79600    7.854020992471792e-09
79700    7.839586350835175e-09
79800    7.825196005913835e-09
79900    7.810849756120685e-09
80000    7.796547401086626e-09
80100    7.78228874165135e-09
80200    7.768073579854434e-09
80300    7.753901718926279e-09
80400    7.739772963279317e-09
80500    7.725687118499208e-09
80600    7.711643991336086e-09
80700    7.697643389695992e-09
80800    7.683685122632272e-09
80900    7.6697690003371e-09
81000    7.65589483413308e-09
81100    7.642062436464902e-09
81200    7.628271620891076e-09
81300    7.614522202075769e-09
81400    7.600813995780623e-09
81500    7.587146818856784e-09
81600    7.573520489236878e-09
81700    7.55993482592712e-09
81800    7.546389648999462e-09
81900    7.53288477958382e-09
82000    7.519420039860384e-09
82100    7.505995253051966e-09
82200    7.492610243416447e-09
82300    7.479264836239243e-09
82400    7.46595885782586e-09
82500    7.452692135494582e-09
82600    7.439464497569042e-09
82700    7.426275773371073e-09
82800    7.4131257932134665e-09
82900    7.400014388392872e-09
83000    7.386941391182667e-09
83100    7.373906634826047e-09
83200    7.360909953528994e-09
83300    7.347951182453416e-09
83400    7.3350301577103206e-09
83500    7.322146716353056e-09
83600    7.309300696370568e-09
83700    7.296491936680752e-09
83800    7.283720277123876e-09
83900    7.2709855584559685e-09
84000    7.2582876223423934e-09
84100    7.245626311351412e-09
84200    7.233001468947743e-09
84300    7.220412939486287e-09
84400    7.207860568205825e-09
84500    7.195344201222809e-09
84600    7.18286368552519e-09
84700    7.17041886896628e-09
84800    7.158009600258695e-09
84900    7.145635729063849e-09
85000    7.133297106445689e-09
85100    7.120993584501583e-09
85200    7.1087250161529615e-09
85300    7.096491255139298e-09
85400    7.084292156012517e-09
85500    7.072127574131349e-09
85600    7.059997365655845e-09
85700    7.04790138754182e-09
85800    7.035839497535397e-09
85900    7.0238115541676395e-09
86000    7.011817416749118e-09
86100    6.999856945364633e-09
86200    6.98793000086792e-09
86300    6.976036444876387e-09
86400    6.964176139765938e-09
86500    6.95234894866581e-09
86600    6.940554735453468e-09
86700    6.92879336474952e-09
86800    6.917064701912679e-09
86900    6.905368613034795e-09
87000    6.893704964935885e-09
87100    6.882073625159221e-09
87200    6.87047446196647e-09
87300    6.858907344332857e-09
87400    6.847372141942346e-09
87500    6.835868725182931e-09
87600    6.8243969651418674e-09
87700    6.812956733601044e-09
87800    6.801547903032269e-09
87900    6.790170346592719e-09
88000    6.7788239381203885e-09
88100    6.76750855212947e-09
88200    6.756224063805939e-09
88300    6.744970349003033e-09
88400    6.733747284236897e-09
88500    6.7225547466820904e-09
88600    6.711392614167322e-09
88700    6.700260765171073e-09
88800    6.689159078817324e-09
88900    6.678087434871306e-09
89000    6.667045713735254e-09
89100    6.656033796444255e-09
89200    6.6450515646620485e-09
89300    6.634098900676951e-09
89400    6.623175687397711e-09
89500    6.612281808349481e-09
89600    6.601417147669786e-09
89700    6.590581590104547e-09
89800    6.5797750210040475e-09
89900    6.5689973263190705e-09
90000    6.5582483925969615e-09
90100    6.547528106977746e-09
90200    6.53683635719031e-09
90300    6.526173031548562e-09
90400    6.5155380189476665e-09
90500    6.504931208860261e-09
90600    6.49435249133275e-09
90700    6.483801756981626e-09
90800    6.473278896989724e-09
90900    6.462783803102672e-09
91000    6.452316367625213e-09
91100    6.441876483417627e-09
91200    6.431464043892207e-09
91300    6.421078943009684e-09
91400    6.410721075275741e-09
91500    6.400390335737538e-09
91600    6.390086619980238e-09
91700    6.379809824123604e-09
91800    6.369559844818936e-09
91900    6.359336579329692e-09
92000    6.34913992563838e-09
92100    6.338969782272681e-09
92200    6.3288260482742414e-09
92300    6.318708623195344e-09
92400    6.308617407095769e-09
92500    6.298552300539573e-09
92600    6.288513204591957e-09
92700    6.278500020816102e-09
92800    6.26851265127006e-09
92900    6.258550998503692e-09
93000    6.248614965555547e-09
93100    6.2387044559498735e-09
93200    6.228819373693546e-09
93300    6.218959623273114e-09
93400    6.209125109651777e-09
93500    6.19931573826648e-09
93600    6.189531415024895e-09
93700    6.179772046302649e-09
93800    6.170037538940259e-09
93900    6.160327800240401e-09
94000    6.150642737965015e-09
94100    6.140982260332447e-09
94200    6.131346276014691e-09
94300    6.121734694134553e-09
94400    6.112147424262952e-09
94500    6.102584376416103e-09
94600    6.093045461052829e-09
94700    6.08353058907185e-09
94800    6.074039671809093e-09
94900    6.064572621035043e-09
95000    6.055129348952048e-09
95100    6.045709768191757e-09
95200    6.036313791812451e-09
95300    6.026941333296485e-09
95400    6.01759230654773e-09
95500    6.008266625888964e-09
95600    5.99896420605939e-09
95700    5.989684962212117e-09
95800    5.980428809911624e-09
95900    5.971195665131326e-09
96000    5.961985444251068e-09
96100    5.9527980640547215e-09
96200    5.9436334417277165e-09
96300    5.93449149485467e-09
96400    5.925372141416969e-09
96500    5.916275299790402e-09
96600    5.907200888742783e-09
96700    5.8981488274316645e-09
96800    5.889119035401938e-09
96900    5.8801114325836e-09
97000    5.8711259392893765e-09
97100    5.862162476212525e-09
97200    5.853220964424533e-09
97300    5.844301325372864e-09
97400    5.835403480878797e-09
97500    5.826527353135121e-09
97600    5.817672864703991e-09
97700    5.808839938514753e-09
97800    5.800028497861761e-09
97900    5.7912384664022226e-09
98000    5.782469768154072e-09
98100    5.773722327493843e-09
98200    5.764996069154598e-09
98300    5.756290918223754e-09
98400    5.747606800141108e-09
98500    5.738943640696705e-09
98600    5.730301366028816e-09
98700    5.721679902621894e-09
98800    5.713079177304573e-09
98900    5.704499117247635e-09
99000    5.6959396499620704e-09
99100    5.6874007032970206e-09
99200    5.6788822054378965e-09
99300    5.67038408490437e-09
99400    5.661906270589758e-09
99500    5.653448692049787e-09
99600    5.645011279324669e-09
99700    5.6365939627759095e-09
99800    5.628196673083436e-09
99900    5.619819341243801e-09
