100    1.5761481250210338e-07
110    1.5761299912887026e-07
120    1.5761101310108993e-07
130    1.5760885443175987e-07
140    1.5760652313500716e-07
150    1.576040192260876e-07
160    1.576013427213862e-07
170    1.575984936384163e-07
180    1.575954719958196e-07
190    1.5759227781336593e-07
200    1.575889111119527e-07
210    1.5758537191360462e-07
220    1.5758166024147366e-07
230    1.5757777611983803e-07
240    1.5757371957410257e-07
250    1.5756949063079764e-07
260    1.575650893175793e-07
270    1.5756051566322836e-07
280    1.575557696976503e-07
290    1.575508514518744e-07
300    1.5754576095805377e-07
310    1.575404982494643e-07
320    1.5753506336050456e-07
330    1.5752945632669494e-07
340    1.5752367718467716e-07
350    1.5751772597221386e-07
360    1.5751160272818774e-07
370    1.5750530749260123e-07
380    1.5749884030657534e-07
390    1.5749220121234984e-07
400    1.5748539025328167e-07
410    1.5747840747384479e-07
420    1.574712529196295e-07
430    1.5746392663734127e-07
440    1.5745642867480054e-07
450    1.5744875908094164e-07
460    1.5744091790581198e-07
470    1.5743290520057142e-07
480    1.5742472101749138e-07
490    1.5741636540995393e-07
500    1.5740783843245108e-07
510    1.5739914014058378e-07
520    1.573902705910612e-07
530    1.5738122984169964e-07
540    1.5737201795142165e-07
550    1.5736263498025537e-07
560    1.5735308098933294e-07
570    1.5734335604089036e-07
580    1.5733346019826566e-07
590    1.5732339352589868e-07
600    1.573131560893294e-07
610    1.573027479551972e-07
620    1.5729216919123985e-07
630    1.5728141986629225e-07
640    1.572705000502855e-07
650    1.5725940981424575e-07
660    1.572481492302929e-07
670    1.5723671837163968e-07
680    1.5722511731259053e-07
690    1.572133461285401e-07
700    1.5720140489597233e-07
710    1.5718929369245915e-07
720    1.5717701259665937e-07
730    1.5716456168831712e-07
740    1.571519410482609e-07
750    1.571391507584022e-07
760    1.5712619090173426e-07
770    1.571130615623305e-07
780    1.5709976282534356e-07
790    1.570862947770037e-07
800    1.5707265750461754e-07
810    1.5705885109656657e-07
820    1.5704487564230594e-07
830    1.5703073123236282e-07
840    1.570164179583353e-07
850    1.570019359128905e-07
860    1.5698728518976355e-07
870    1.5697246588375575e-07
880    1.5695747809073333e-07
890    1.5694232190762585e-07
900    1.5692699743242454e-07
910    1.569115047641811e-07
920    1.5689584400300572e-07
930    1.5688001525006592e-07
940    1.5686401860758447e-07
950    1.5684785417883836e-07
960    1.568315220681567e-07
970    1.568150223809193e-07
980    1.5679835522355504e-07
990    1.5678152070354007e-07
1000    1.5676451892939622e-07
1010    1.5674735001068936e-07
1020    1.567300140580274e-07
1030    1.5671251118305892e-07
1040    1.5669484149847126e-07
1050    1.566770051179886e-07
1060    1.5665900215637055e-07
1070    1.566408327294099e-07
1080    1.566224969539313e-07
1090    1.5660399494778902e-07
1100    1.565853268298653e-07
1110    1.565664927200686e-07
1120    1.5654749273933137e-07
1130    1.5652832700960867e-07
1140    1.565089956538758e-07
1150    1.564894987961266e-07
1160    1.5646983656137165e-07
1170    1.5645000907563608e-07
1180    1.5643001646595763e-07
1190    1.5640985886038486e-07
1200    1.563895363879751e-07
1210    1.5636904917879225e-07
1220    1.5634839736390518e-07
1230    1.563275810753851e-07
1240    1.5630660044630405e-07
1250    1.5628545561073265e-07
1260    1.5626414670373798e-07
1270    1.5624267386138146e-07
1280    1.5622103722071684e-07
1290    1.5619923691978814e-07
1300    1.5617727309762732e-07
1310    1.561551458942523e-07
1320    1.5613285545066474e-07
1330    1.561104019088478e-07
1340    1.5608778541176416e-07
1350    1.5606500610335362e-07
1360    1.5604206412853077e-07
1370    1.5601895963318333e-07
1380    1.5599569276416907e-07
1390    1.5597226366931441e-07
1400    1.5594867249741138e-07
1410    1.5592491939821596e-07
1420    1.559010045224454e-07
1430    1.5587692802177602e-07
1440    1.5585269004884108e-07
1450    1.5582829075722798e-07
1460    1.5580373030147645e-07
1470    1.5577900883707574e-07
1480    1.5575412652046264e-07
1490    1.5572908350901872e-07
1500    1.5570387996106819e-07
1510    1.5567851603587538e-07
1520    1.5565299189364236e-07
1530    1.556273076955064e-07
1540    1.556014636035377e-07
1550    1.555754597807368e-07
1560    1.5554929639103213e-07
1570    1.555229735992774e-07
1580    1.5549649157124938e-07
1590    1.5546985047364517e-07
1600    1.5544305047407973e-07
1610    1.5541609174108327e-07
1620    1.5538897444409903e-07
1630    1.553616987534802e-07
1640    1.5533426484048767e-07
1650    1.5530667287728746e-07
1660    1.5527892303694812e-07
1670    1.5525101549343785e-07
1680    1.5522295042162223e-07
1690    1.5519472799726154e-07
1700    1.551663483970078e-07
1710    1.551378117984026e-07
1720    1.5510911837987392e-07
1730    1.550802683207338e-07
1740    1.5505126180117577e-07
1750    1.5502209900227175e-07
1760    1.5499278010596953e-07
1770    1.549633052950901e-07
1780    1.5493367475332494e-07
1790    1.5490388866523322e-07
1800    1.5487394721623892e-07
1810    1.5484385059262831e-07
1820    1.5481359898154707e-07
1830    1.5478319257099735e-07
1840    1.547526315498354e-07
1850    1.5472191610776817e-07
1860    1.5469104643535103e-07
1870    1.5466002272398472e-07
1880    1.546288451659124e-07
1890    1.5459751395421705e-07
1900    1.5456602928281843e-07
1910    1.5453439134647037e-07
1920    1.545026003407576e-07
1930    1.544706564620933e-07
1940    1.5443855990771594e-07
1950    1.5440631087568624e-07
1960    1.5437390956488465e-07
1970    1.5434135617500814e-07
1980    1.5430865090656717e-07
1990    1.5427579396088324e-07
2000    1.5424278554008528e-07
2010    1.542096258471073e-07
2020    1.5417631508568495e-07
2030    1.5414285346035285e-07
2040    1.5410924117644148e-07
2050    1.5407547844007416e-07
2060    1.540415654581642e-07
2070    1.5400750243841163e-07
2080    1.5397328958930042e-07
2090    1.5393892712009518e-07
2100    1.539044152408386e-07
2110    1.538697541623479e-07
2120    1.5383494409621194e-07
2130    1.5379998525478837e-07
2140    1.5376487785120022e-07
2150    1.5372962209933303e-07
2160    1.5369421821383182e-07
2170    1.536586664100977e-07
2180    1.5362296690428513e-07
2190    1.5358711991329855e-07
2200    1.5355112565478945e-07
2210    1.5351498434715302e-07
2220    1.5347869620952522e-07
2230    1.5344226146177954e-07
2240    1.5340568032452405e-07
2250    1.533689530190977e-07
2260    1.5333207976756792e-07
2270    1.5329506079272692e-07
2280    1.5325789631808848e-07
2290    1.5322058656788532e-07
2300    1.5318313176706526e-07
2310    1.5314553214128828e-07
2320    1.5310778791692356e-07
2330    1.5306989932104593e-07
2340    1.530318665814327e-07
2350    1.5299368992656067e-07
2360    1.5295536958560268e-07
2370    1.5291690578842435e-07
2380    1.5287829876558099e-07
2390    1.5283954874831442e-07
2400    1.5280065596854942e-07
2410    1.5276162065889073e-07
2420    1.5272244305261962e-07
2430    1.526831233836908e-07
2440    1.5264366188672898e-07
2450    1.526040587970256e-07
2460    1.5256431435053573e-07
2470    1.5252442878387453e-07
2480    1.5248440233431406e-07
2490    1.5244423523977996e-07
2500    1.5240392773884828e-07
2510    1.5236348007074194e-07
2520    1.5232289247532756e-07
2530    1.5228216519311205e-07
2540    1.522412984652393e-07
2550    1.5220029253348703e-07
2560    1.5215914764026306e-07
2570    1.5211786402860237e-07
2580    1.5207644194216354e-07
2590    1.5203488162522542e-07
2600    1.519931833226838e-07
2610    1.5195134728004801e-07
2620    1.5190937374343766e-07
2630    1.5186726295957918e-07
2640    1.518250151758024e-07
2650    1.517826306400373e-07
2660    1.5174010960081064e-07
2670    1.5169745230724226e-07
2680    1.516546590090422e-07
2690    1.516117299565069e-07
2700    1.51568665400516e-07
2710    1.5152546559252892e-07
2720    1.514821307845813e-07
2730    1.5143866122928176e-07
2740    1.5139505717980853e-07
2750    1.5135131888990595e-07
2760    1.5130744661388096e-07
2770    1.5126344060659984e-07
2780    1.5121930112348468e-07
2790    1.511750284205102e-07
2800    1.511306227541998e-07
2810    1.5108608438162277e-07
2820    1.5104141356039033e-07
2830    1.5099661054865246e-07
2840    1.5095167560509458e-07
2850    1.5090660898893367e-07
2860    1.5086141095991525e-07
2870    1.5081608177830977e-07
2880    1.5077062170490915e-07
2890    1.5072503100102338e-07
2900    1.5067930992847708e-07
2910    1.506334587496058e-07
2920    1.5058747772725313e-07
2930    1.505413671247666e-07
2940    1.504951272059947e-07
2950    1.5044875823528296e-07
2960    1.504022604774711e-07
2970    1.5035563419788897e-07
2980    1.5030887966235352e-07
2990    1.5026199713716496e-07
3000    1.5021498688910362e-07
3010    1.5016784918542648e-07
3020    1.501205842938632e-07
3030    1.500731924826133e-07
3040    1.5002567402034243e-07
3050    1.499780291761786e-07
3060    1.4993025821970936e-07
3070    1.498823614209776e-07
3080    1.498343390504787e-07
3090    1.4978619137915648e-07
3100    1.4973791867840034e-07
3110    1.496895212200412e-07
3120    1.496409992763485e-07
3130    1.4959235312002644e-07
3140    1.4954358302421043e-07
3150    1.4949468926246402e-07
3160    1.494456721087749e-07
3170    1.493965318375519e-07
3180    1.493472687236211e-07
3190    1.4929788304222276e-07
3200    1.492483750690075e-07
3210    1.49198745080033e-07
3220    1.4914899335176043e-07
3230    1.4909912016105113e-07
3240    1.4904912578516283e-07
3250    1.4899901050174675e-07
3260    1.4894877458884324e-07
3270    1.4889841832487935e-07
3280    1.4884794198866443e-07
3290    1.4879734585938728e-07
3300    1.4874663021661235e-07
3310    1.4869579534027642e-07
3320    1.4864484151068513e-07
3330    1.4859376900850937e-07
3340    1.4854257811478206e-07
3350    1.4849126911089435e-07
3360    1.484398422785926e-07
3370    1.4838829789997445e-07
3380    1.483366362574857e-07
3390    1.482848576339167e-07
3400    1.482329623123989e-07
3410    1.481809505764015e-07
3420    1.481288227097278e-07
3430    1.48076578996512e-07
3440    1.480242197212155e-07
3450    1.479717451686237e-07
3460    1.479191556238422e-07
3470    1.4786645137229388e-07
3480    1.4781363269971493e-07
3490    1.4776069989215176e-07
3500    1.4770765323595736e-07
3510    1.4765449301778808e-07
3520    1.4760121952459993e-07
3530    1.4754783304364538e-07
3540    1.4749433386246983e-07
3550    1.474407222689082e-07
3560    1.4738699855108156e-07
3570    1.4733316299739354e-07
3580    1.472792158965272e-07
3590    1.4722515753744125e-07
3600    1.4717098820936711e-07
3610    1.4711670820180505e-07
3620    1.4706231780452103e-07
3630    1.470078173075433e-07
3640    1.469532070011589e-07
3650    1.4689848717591036e-07
3660    1.4684365812259216e-07
3670    1.4678872013224762e-07
3680    1.4673367349616527e-07
3690    1.466785185058755e-07
3700    1.466232554531474e-07
3710    1.46567884629985e-07
3720    1.465124063286244e-07
3730    1.4645682084152984e-07
3740    1.464011284613908e-07
3750    1.4634532948111848e-07
3760    1.4628942419384243e-07
3770    1.4623341289290716e-07
3780    1.4617729587186892e-07
3790    1.4612107342449224e-07
3800    1.4606474584474663e-07
3810    1.460083134268034e-07
3820    1.4595177646503196e-07
3830    1.4589513525399697e-07
3840    1.4583839008845456e-07
3850    1.4578154126334948e-07
3860    1.4572458907381136e-07
3870    1.4566753381515166e-07
3880    1.4561037578286038e-07
3890    1.455531152726025e-07
3900    1.454957525802151e-07
3910    1.4543828800170367e-07
3920    1.453807218332392e-07
3930    1.4532305437115443e-07
3940    1.4526528591194127e-07
3950    1.4520741675224677e-07
3960    1.4514944718887035e-07
3970    1.450913775187605e-07
3980    1.450332080390113e-07
3990    1.4497493904685937e-07
4000    1.449165708396807e-07
4010    1.4485810371498706e-07
4020    1.4479953797042327e-07
4030    1.4474087390376338e-07
4040    1.4468211181290822e-07
4050    1.4462325199588138e-07
4060    1.4456429475082658e-07
4070    1.445052403760041e-07
4080    1.4444608916978797e-07
4090    1.4438684143066243e-07
4100    1.4432749745721888e-07
4110    1.4426805754815263e-07
4120    1.4420852200226002e-07
4130    1.441488911184348e-07
4140    1.440891651956654e-07
4150    1.4402934453303143e-07
4160    1.4396942942970075e-07
4170    1.4390942018492625e-07
4180    1.4384931709804276e-07
4190    1.4378912046846383e-07
4200    1.437288305956787e-07
4210    1.4366844777924923e-07
4220    1.4360797231880653e-07
4230    1.4354740451404825e-07
4240    1.4348674466473504e-07
4250    1.4342599307068797e-07
4260    1.4336515003178494e-07
4270    1.4330421584795792e-07
4280    1.4324319081918982e-07
4290    1.4318207524551133e-07
4300    1.4312086942699805e-07
4310    1.4305957366376718e-07
4320    1.4299818825597472e-07
4330    1.429367135038123e-07
4340    1.4287514970750425e-07
4350    1.4281349716730433e-07
4360    1.427517561834932e-07
4370    1.4268992705637485e-07
4380    1.4262801008627397e-07
4390    1.4256600557353284e-07
4400    1.4250391381850834e-07
4410    1.4244173512156902e-07
4420    1.4237946978309203e-07
4430    1.4231711810346025e-07
4440    1.4225468038305938e-07
4450    1.4219215692227472e-07
4460    1.421295480214886e-07
4470    1.4206685398107725e-07
4480    1.4200407510140767e-07
4490    1.4194121168283517e-07
4500    1.418782640257002e-07
4510    1.4181523243032532e-07
4520    1.4175211719701244e-07
4530    1.416889186260401e-07
4540    1.4162563701766035e-07
4550    1.4156227267209583e-07
4560    1.4149882588953716e-07
4570    1.414352969701399e-07
4580    1.4137168621402175e-07
4590    1.4130799392125973e-07
4600    1.412442203918872e-07
4610    1.4118036592589124e-07
4620    1.411164308232097e-07
4630    1.4105241538372854e-07
4640    1.4098831990727886e-07
4650    1.4092414469363408e-07
4660    1.4085989004250724e-07
4670    1.407955562535484e-07
4680    1.4073114362634148e-07
4690    1.4066665246040188e-07
4700    1.406020830551734e-07
4710    1.4053743571002576e-07
4720    1.4047271072425176e-07
4730    1.404079083970711e-07
4740    1.4034302902763657e-07
4750    1.4027807291501777e-07
4760    1.4021304035819694e-07
4770    1.401479316560659e-07
4780    1.400827471074236e-07
4790    1.4001748701097315e-07
4800    1.3995215166531958e-07
4810    1.398867413689667e-07
4820    1.3982125642031484e-07
4830    1.3975569711765802e-07
4840    1.3969006375918128e-07
4850    1.3962435664295815e-07
4860    1.3955857606694804e-07
4870    1.3949272232899354e-07
4880    1.394267957268178e-07
4890    1.393607965580222e-07
4900    1.3929472512008337e-07
4910    1.392285817103509e-07
4920    1.3916236662604474e-07
4930    1.3909608016425254e-07
4940    1.390297226219271e-07
4950    1.3896329429588407e-07
4960    1.3889679548279907e-07
4970    1.388302264792054e-07
4980    1.3876358758149148e-07
4990    1.386968790858983e-07
5000    1.3863010128851693e-07
5010    1.3856325448528626e-07
5020    1.3849633897199006e-07
5030    1.3842935504425492e-07
5040    1.3836230299754773e-07
5050    1.3829518312717295e-07
5060    1.3822799572827053e-07
5070    1.381607410958133e-07
5080    1.380934195246046e-07
5090    1.3802603130927566e-07
5100    1.3795857674428366e-07
5110    1.3789105612390892e-07
5120    1.3782346974225257e-07
5130    1.3775581789323442e-07
5140    1.3768810087059026e-07
5150    1.376203189678698e-07
5160    1.3755247247843412e-07
5170    1.3748456169545353e-07
5180    1.3741658691190495e-07
5190    1.3734854842056985e-07
5200    1.372804465140318e-07
5210    1.3721228148467436e-07
5220    1.3714405362467844e-07
5230    1.370757632260204e-07
5240    1.3700741058046944e-07
5250    1.369389959795857e-07
5260    1.3687051971471765e-07
5270    1.3680198207699987e-07
5280    1.3673338335735142e-07
5290    1.3666472384647262e-07
5300    1.365960038348437e-07
5310    1.3652722361272204e-07
5320    1.3645838347014035e-07
5330    1.363894836969041e-07
5340    1.3632052458258975e-07
5350    1.3625150641654235e-07
5360    1.3618242948787336e-07
5370    1.3611329408545864e-07
5380    1.3604410049793612e-07
5390    1.359748490137038e-07
5400    1.3590553992091775e-07
5410    1.358361735074897e-07
5420    1.3576675006108515e-07
5430    1.356972698691213e-07
5440    1.3562773321876477e-07
5450    1.355581403969297e-07
5460    1.3548849169027564e-07
5470    1.3541878738520552e-07
5480    1.3534902776786353e-07
5490    1.352792131241332e-07
5500    1.3520934373963531e-07
5510    1.3513941989972572e-07
5520    1.3506944188949374e-07
5530    1.349994099937599e-07
5540    1.3492932449707373e-07
5550    1.3485918568371236e-07
5560    1.3478899383767803e-07
5570    1.3471874924269645e-07
5580    1.3464845218221458e-07
5590    1.3457810293939909e-07
5600    1.3450770179713392e-07
5610    1.344372490380188e-07
5620    1.343667449443672e-07
5630    1.3429618979820425e-07
5640    1.3422558388126517e-07
5650    1.341549274749932e-07
5660    1.3408422086053762e-07
5670    1.340134643187523e-07
5680    1.339426581301933e-07
5690    1.3387180257511752e-07
5700    1.338008979334805e-07
5710    1.3372994448493491e-07
5720    1.3365894250882846e-07
5730    1.3358789228420245e-07
5740    1.3351679408978934e-07
5750    1.334456482040118e-07
5760    1.3337445490498042e-07
5770    1.3330321447049188e-07
5780    1.332319271780276e-07
5790    1.331605933047516e-07
5800    1.330892131275089e-07
5810    1.330177869228241e-07
5820    1.3294631496689907e-07
5830    1.3287479753561187e-07
5840    1.3280323490451446e-07
5850    1.327316273488315e-07
5860    1.3265997514345854e-07
5870    1.3258827856296012e-07
5880    1.3251653788156842e-07
5890    1.3244475337318146e-07
5900    1.3237292531136149e-07
5910    1.323010539693334e-07
5920    1.322291396199831e-07
5930    1.321571825358557e-07
5940    1.3208518298915444e-07
5950    1.3201314125173842e-07
5960    1.3194105759512148e-07
5970    1.3186893229047065e-07
5980    1.3179676560860426e-07
5990    1.3172455781999076e-07
6000    1.316523091947468e-07
6010    1.315800200026361e-07
6020    1.3150769051306766e-07
6030    1.3143532099509431e-07
6040    1.3136291171741126e-07
6050    1.3129046294835457e-07
6060    1.3121797495589965e-07
6070    1.311454480076598e-07
6080    1.310728823708848e-07
6090    1.3100027831245941e-07
6100    1.3092763609890195e-07
6110    1.3085495599636272e-07
6120    1.3078223827062287e-07
6130    1.307094831870927e-07
6140    1.3063669101081052e-07
6150    1.3056386200644087e-07
6160    1.3049099643827355e-07
6170    1.3041809457022207e-07
6180    1.3034515666582222e-07
6190    1.3027218298823068e-07
6200    1.30199173800224e-07
6210    1.301261293641968e-07
6220    1.3005304994216065e-07
6230    1.2997993579574302e-07
6240    1.2990678718618546e-07
6250    1.2983360437434265e-07
6260    1.2976038762068096e-07
6270    1.296871371852773e-07
6280    1.296138533278177e-07
6290    1.295405363075961e-07
6300    1.294671863835131e-07
6310    1.2939380381407484e-07
6320    1.2932038885739145e-07
6330    1.292469417711762e-07
6340    1.29173462812744e-07
6350    1.290999522390103e-07
6360    1.2902641030648994e-07
6370    1.289528372712958e-07
6380    1.2887923338913792e-07
6390    1.2880559891532193e-07
6400    1.2873193410474816e-07
6410    1.2865823921191052e-07
6420    1.2858451449089516e-07
6430    1.2851076019537938e-07
6440    1.2843697657863067e-07
6450    1.2836316389350557e-07
6460    1.2828932239244825e-07
6470    1.282154523274898e-07
6480    1.281415539502469e-07
6490    1.280676275119209e-07
6500    1.279936732632967e-07
6510    1.279196914547415e-07
6520    1.2784568233620416e-07
6530    1.2777164615721366e-07
6540    1.276975831668785e-07
6550    1.2762349361388532e-07
6560    1.2754937774649828e-07
6570    1.2747523581255765e-07
6580    1.2740106805947905e-07
6590    1.273268747342524e-07
6600    1.2725265608344103e-07
6610    1.2717841235318043e-07
6620    1.2710414378917762e-07
6630    1.2702985063671004e-07
6640    1.269555331406246e-07
6650    1.2688119154533677e-07
6660    1.268068260948297e-07
6670    1.267324370326531e-07
6680    1.2665802460192266e-07
6690    1.2658358904531894e-07
6700    1.2650913060508646e-07
6710    1.2643464952303276e-07
6720    1.263601460405279e-07
6730    1.262856203985031e-07
6740    1.2621107283745019e-07
6750    1.2613650359742069e-07
6760    1.26061912918025e-07
6770    1.2598730103843143e-07
6780    1.2591266819736554e-07
6790    1.258380146331093e-07
6800    1.2576334058350022e-07
6810    1.2568864628593047e-07
6820    1.2561393197734647e-07
6830    1.2553919789424757e-07
6840    1.254644442726857e-07
6850    1.2538967134826444e-07
6860    1.253148793561383e-07
6870    1.2524006853101187e-07
6880    1.2516523910713933e-07
6890    1.2509039131832346e-07
6900    1.25015525397915e-07
6910    1.24940641578812e-07
6920    1.248657400934591e-07
6930    1.2479082117384688e-07
6940    1.2471588505151085e-07
6950    1.2464093195753125e-07
6960    1.245659621225321e-07
6970    1.2449097577668066e-07
6980    1.244159731496865e-07
6990    1.2434095447080125e-07
7000    1.2426591996881768e-07
7010    1.2419086987206918e-07
7020    1.2411580440842912e-07
7030    1.2404072380531027e-07
7040    1.2396562828966405e-07
7050    1.238905180879802e-07
7060    1.2381539342628587e-07
7070    1.237402545301453e-07
7080    1.2366510162465904e-07
7090    1.2358993493446367e-07
7100    1.2351475468373086e-07
7110    1.2343956109616717e-07
7120    1.2336435439501319e-07
7130    1.2328913480304332e-07
7140    1.2321390254256504e-07
7150    1.2313865783541849e-07
7160    1.2306340090297584e-07
7170    1.2298813196614086e-07
7180    1.2291285124534852e-07
7190    1.2283755896056426e-07
7200    1.2276225533128387e-07
7210    1.226869405765326e-07
7220    1.2261161491486492e-07
7230    1.2253627856436416e-07
7240    1.2246093174264195e-07
7250    1.2238557466683758e-07
7260    1.2231020755361798e-07
7270    1.2223483061917698e-07
7280    1.221594440792348e-07
7290    1.2208404814903813e-07
7300    1.2200864304335919e-07
7310    1.219332289764957e-07
7320    1.2185780616227025e-07
7330    1.2178237481403003e-07
7340    1.2170693514464638e-07
7350    1.2163148736651474e-07
7360    1.2155603169155368e-07
7370    1.214805683312051e-07
7380    1.214050974964336e-07
7390    1.2132961939772632e-07
7400    1.2125413424509244e-07
7410    1.2117864224806292e-07
7420    1.211031436156902e-07
7430    1.2102763855654795e-07
7440    1.2095212727873056e-07
7450    1.2087660998985315e-07
7460    1.2080108689705092e-07
7470    1.2072555820697925e-07
7480    1.2065002412581313e-07
7490    1.2057448485924696e-07
7500    1.2049894061249452e-07
7510    1.204233915902883e-07
7520    1.203478379968796e-07
7530    1.202722800360382e-07
7540    1.2019671791105197e-07
7550    1.2012115182472688e-07
7560    1.200455819793867e-07
7570    1.1997000857687265e-07
7580    1.198944318185433e-07
7590    1.1981885190527447e-07
7600    1.197432690374589e-07
7610    1.1966768341500612e-07
7620    1.1959209523734224e-07
7630    1.1951650470340977e-07
7640    1.1944091201166755e-07
7650    1.1936531736009043e-07
7660    1.1928972094616925e-07
7670    1.1921412296691076e-07
7680    1.191385236188124e-07
7690    1.1906292309778659e-07
7700    1.1898732159923522e-07
7710    1.1891171931807532e-07
7720    1.1883611644873884e-07
7730    1.1876051318517254e-07
7740    1.1868490972083792e-07
7750    1.1860930624871107e-07
7760    1.1853370296128272e-07
7770    1.1845810005055797e-07
7780    1.183824977080565e-07
7790    1.1830689612481206e-07
7800    1.1823129549137299e-07
7810    1.1815569599780155e-07
7820    1.1808009783367437e-07
7830    1.1800450118808222e-07
7840    1.1792890624962983e-07
7850    1.1785331320643613e-07
7860    1.1777772224613402e-07
7870    1.1770213355587052e-07
7880    1.1762654732230653e-07
7890    1.1755096373161711e-07
7900    1.1747538296949125e-07
7910    1.17399805221132e-07
7920    1.173242306712564e-07
7930    1.1724865950409558e-07
7940    1.1717309190339468e-07
7950    1.170975280524131e-07
7960    1.1702196813392425e-07
7970    1.1694641233021579e-07
7980    1.1687086082308948e-07
7990    1.167953137938616e-07
8000    1.1671977142336254e-07
8010    1.1664423389193725e-07
8020    1.1656870137944513e-07
8030    1.164931740652601e-07
8040    1.1641765212827071e-07
8050    1.163421357468803e-07
8060    1.1626662509900695e-07
8070    1.1619112036208371e-07
8080    1.1611562171305861e-07
8090    1.1604012932839485e-07
8100    1.1596464338407075e-07
8110    1.1588916405558018e-07
8120    1.1581369151793234e-07
8130    1.157382259456521e-07
8140    1.1566276751278008e-07
8150    1.1558731639287283e-07
8160    1.1551187275900289e-07
8170    1.1543643678375897e-07
8180    1.1536100863924616e-07
8190    1.152855884970861e-07
8200    1.1521017652841702e-07
8210    1.1513477290389408e-07
8220    1.150593777936894e-07
8230    1.1498399136749232e-07
8240    1.1490861379450964e-07
8250    1.1483324524346569e-07
8260    1.1475788588260254e-07
8270    1.1468253587968039e-07
8280    1.1460719540197752e-07
8290    1.1453186461629063e-07
8300    1.144565436889351e-07
8310    1.1438123278574508e-07
8320    1.1430593207207388e-07
8330    1.142306417127941e-07
8340    1.1415536187229783e-07
8350    1.14080092714497e-07
8360    1.1400483440282357e-07
8370    1.1392958710022977e-07
8380    1.1385435096918838e-07
8390    1.1377912617169289e-07
8400    1.13703912869258e-07
8410    1.1362871122291979e-07
8420    1.1355352139323566e-07
8430    1.1347834354028519e-07
8440    1.1340317782366997e-07
8450    1.1332802440251415e-07
8460    1.1325288343546459e-07
8470    1.1317775508069122e-07
8480    1.1310263949588726e-07
8490    1.1302753683826965e-07
8500    1.129524472645793e-07
8510    1.1287737093108141e-07
8520    1.128023079935657e-07
8530    1.127272586073469e-07
8540    1.1265222292726495e-07
8550    1.1257720110768545e-07
8560    1.1250219330249981e-07
8570    1.1242719966512582e-07
8580    1.1235222034850779e-07
8590    1.12277255505117e-07
8600    1.122023052869521e-07
8610    1.1212736984553933e-07
8620    1.1205244933193303e-07
8630    1.119775438967158e-07
8640    1.1190265368999928e-07
8650    1.1182777886142395e-07
8660    1.1175291956015991e-07
8670    1.1167807593490725e-07
8680    1.1160324813389617e-07
8690    1.1152843630488775e-07
8700    1.1145364059517399e-07
8710    1.1137886115157831e-07
8720    1.1130409812045615e-07
8730    1.1122935164769511e-07
8740    1.1115462187871544e-07
8750    1.1107990895847066e-07
8760    1.1100521303144757e-07
8770    1.1093053424166703e-07
8780    1.1085587273268426e-07
8790    1.1078122864758914e-07
8800    1.1070660212900692e-07
8810    1.1063199331909834e-07
8820    1.1055740235956033e-07
8830    1.104828293916263e-07
8840    1.1040827455606668e-07
8850    1.1033373799318926e-07
8860    1.102592198428397e-07
8870    1.1018472024440206e-07
8880    1.1011023933679906e-07
8890    1.1003577725849283e-07
8900    1.0996133414748512e-07
8910    1.0988691014131795e-07
8920    1.0981250537707387e-07
8930    1.097381199913767e-07
8940    1.096637541203918e-07
8950    1.0958940789982665e-07
8960    1.0951508146493137e-07
8970    1.0944077495049906e-07
8980    1.0936648849086652e-07
8990    1.0929222221991456e-07
9000    1.0921797627106853e-07
9010    1.0914375077729886e-07
9020    1.0906954587112165e-07
9030    1.0899536168459895e-07
9040    1.0892119834933951e-07
9050    1.0884705599649919e-07
9060    1.0877293475678143e-07
9070    1.0869883476043794e-07
9080    1.0862475613726889e-07
9090    1.0855069901662396e-07
9100    1.0847666352740232e-07
9110    1.0840264979805359e-07
9120    1.0832865795657805e-07
9130    1.0825468813052741e-07
9140    1.0818074044700532e-07
9150    1.0810681503266779e-07
9160    1.0803291201372385e-07
9170    1.0795903151593603e-07
9180    1.0788517366462104e-07
9190    1.0781133858465007e-07
9200    1.0773752640044976e-07
9210    1.0766373723600231e-07
9220    1.0758997121484635e-07
9230    1.0751622846007738e-07
9240    1.0744250909434847e-07
9250    1.073688132398705e-07
9260    1.0729514101841328e-07
9270    1.0722149255130552e-07
9280    1.0714786795943597e-07
9290    1.0707426736325356e-07
9300    1.0700069088276824e-07
9310    1.069271386375515e-07
9320    1.0685361074673693e-07
9330    1.0678010732902084e-07
9340    1.0670662850266295e-07
9350    1.0663317438548669e-07
9360    1.065597450948803e-07
9370    1.0648634074779686e-07
9380    1.064129614607554e-07
9390    1.0633960734984103e-07
9400    1.06266278530706e-07
9410    1.0619297511857013e-07
9420    1.0611969722822126e-07
9430    1.0604644497401613e-07
9440    1.0597321846988084e-07
9450    1.0590001782931157e-07
9460    1.0582684316537511e-07
9470    1.057536945907095e-07
9480    1.0568057221752475e-07
9490    1.0560747615760335e-07
9500    1.0553440652230106e-07
9510    1.0546136342254727e-07
9520    1.0538834696884599e-07
9530    1.0531535727127618e-07
9540    1.0524239443949262e-07
9550    1.0516945858272638e-07
9560    1.0509654980978558e-07
9570    1.0502366822905596e-07
9580    1.049508139485016e-07
9590    1.048779870756655e-07
9600    1.0480518771767032e-07
9610    1.0473241598121898e-07
9620    1.046596719725952e-07
9630    1.0458695579766446e-07
9640    1.0451426756187434e-07
9650    1.0444160737025537e-07
9660    1.0436897532742169e-07
9670    1.0429637153757158e-07
9680    1.0422379610448829e-07
9690    1.0415124913154062e-07
9700    1.0407873072168363e-07
9710    1.0400624097745923e-07
9720    1.0393378000099696e-07
9730    1.0386134789401459e-07
9740    1.0378894475781899e-07
9750    1.0371657069330641e-07
9760    1.0364422580096359e-07
9770    1.035719101808681e-07
9780    1.0349962393268938e-07
9790    1.0342736715568905e-07
9800    1.0335513994872186e-07
9810    1.032829424102363e-07
9820    1.0321077463827526e-07
9830    1.0313863673047667e-07
9840    1.0306652878407447e-07
9850    1.0299445089589899e-07
9860    1.0292240316237768e-07
9870    1.0285038567953614e-07
9880    1.0277839854299826e-07
9890    1.0270644184798743e-07
9900    1.0263451568932713e-07
9910    1.0256262016144132e-07
9920    1.0249075535835549e-07
9930    1.0241892137369733e-07
9940    1.0234711830069723e-07
9950    1.0227534623218915e-07
9960    1.0220360526061141e-07
9970    1.0213189547800717e-07
9980    1.0206021697602531e-07
9990    1.0198856984592114e-07
10000    1.0191695417855701e-07
10010    1.0184537006440315e-07
10020    1.0177381759353827e-07
10030    1.0170229685565042e-07
10040    1.0163080794003756e-07
10050    1.0155935093560842e-07
10060    1.0148792593088314e-07
10070    1.0141653301399392e-07
10080    1.0134517227268587e-07
10090    1.0127384379428767e-07
10100    1.0120254766567816e-07
10110    1.0113128397334304e-07
10120    1.0106005280338384e-07
10130    1.0098885424151876e-07
10140    1.0091768837308323e-07
10150    1.008465552830309e-07
10160    1.0077545505593427e-07
10170    1.0070438777598515e-07
10180    1.0063335352699593e-07
10190    1.005623523923999e-07
10200    1.0049138445525204e-07
10210    1.0042044979822995e-07
10220    1.0034954850363451e-07
10230    1.0027868065339041e-07
10240    1.0020784632904724e-07
10250    1.0013704561177998e-07
10260    1.0006627858238983e-07
10270    9.999554532130502e-08
10280    9.992484590858136e-08
10290    9.985418042390312e-08
10300    9.978354894658394e-08
10310    9.97129515555672e-08
10320    9.964238832942708e-08
10330    9.957185934636911e-08
10340    9.950136468423116e-08
10350    9.943090442048393e-08
10360    9.936047863223177e-08
10370    9.929008739621355e-08
10380    9.921973078880332e-08
10390    9.914940888601106e-08
10400    9.907912176348348e-08
10410    9.900886949650473e-08
10420    9.893865215999708e-08
10430    9.886846982852189e-08
10440    9.87983225762802e-08
10450    9.872821047711345e-08
10460    9.865813360450441e-08
10470    9.858809203157788e-08
10480    9.851808583110112e-08
10490    9.844811507548528e-08
10500    9.837817983678551e-08
10510    9.830828018670213e-08
10520    9.82384161965811e-08
10530    9.816858793741502e-08
10540    9.809879547984379e-08
10550    9.802903889415533e-08
10560    9.795931825028635e-08
10570    9.788963361782331e-08
10580    9.781998506600286e-08
10590    9.775037266371278e-08
10600    9.768079647949274e-08
10610    9.761125658153513e-08
10620    9.75417530376856e-08
10630    9.747228591544406e-08
10640    9.74028552819653e-08
10650    9.733346120405977e-08
10660    9.726410374819456e-08
10670    9.71947829804937e-08
10680    9.712549896673945e-08
10690    9.70562517723727e-08
10700    9.69870414624938e-08
10710    9.691786810186353e-08
10720    9.684873175490366e-08
10730    9.677963248569776e-08
10740    9.671057035799195e-08
10750    9.664154543519579e-08
10760    9.657255778038288e-08
10770    9.650360745629166e-08
10780    9.643469452532634e-08
10790    9.636581904955751e-08
10800    9.629698109072286e-08
10810    9.622818071022811e-08
10820    9.615941796914763e-08
10830    9.609069292822544e-08
10840    9.602200564787552e-08
10850    9.59533561881832e-08
10860    9.588474460890533e-08
10870    9.58161709694715e-08
10880    9.57476353289845e-08
10890    9.56791377462213e-08
10900    9.561067827963363e-08
10910    9.554225698734894e-08
10920    9.547387392717104e-08
10930    9.540552915658092e-08
10940    9.533722273273738e-08
10950    9.526895471247811e-08
10960    9.520072515232015e-08
10970    9.513253410846074e-08
10980    9.50643816367782e-08
10990    9.499626779283262e-08
11000    9.492819263186655e-08
11010    9.486015620880586e-08
11020    9.479215857826052e-08
11030    9.472419979452532e-08
11040    9.465627991158067e-08
11050    9.45883989830933e-08
11060    9.45205570624171e-08
11070    9.445275420259391e-08
11080    9.438499045635405e-08
11090    9.431726587611754e-08
11100    9.424958051399439e-08
11110    9.418193442178566e-08
11120    9.411432765098409e-08
11130    9.4046760252775e-08
11140    9.397923227803692e-08
11150    9.391174377734226e-08
11160    9.384429480095848e-08
11170    9.377688539884839e-08
11180    9.370951562067115e-08
11190    9.364218551578305e-08
11200    9.357489513323827e-08
11210    9.350764452178937e-08
11220    9.344043372988849e-08
11230    9.337326280568782e-08
11240    9.330613179704041e-08
11250    9.323904075150102e-08
11260    9.317198971632672e-08
11270    9.31049787384779e-08
11280    9.303800786461876e-08
11290    9.297107714111828e-08
11300    9.290418661405073e-08
11310    9.28373363291968e-08
11320    9.277052633204395e-08
11330    9.27037566677876e-08
11340    9.26370273813314e-08
11350    9.257033851728844e-08
11360    9.250369011998171e-08
11370    9.243708223344498e-08
11380    9.237051490142352e-08
11390    9.23039881673749e-08
11400    9.223750207446967e-08
11410    9.217105666559222e-08
11420    9.21046519833414e-08
11430    9.203828807003137e-08
11440    9.197196496769237e-08
11450    9.190568271807136e-08
11460    9.183944136263297e-08
11470    9.177324094256e-08
11480    9.170708149875435e-08
11490    9.164096307183773e-08
11500    9.157488570215233e-08
11510    9.150884942976176e-08
11520    9.144285429445153e-08
11530    9.137690033573012e-08
11540    9.131098759282943e-08
11550    9.12451161047056e-08
11560    9.117928591004008e-08
11570    9.111349704723971e-08
11580    9.104774955443824e-08
11590    9.098204346949641e-08
11600    9.091637883000322e-08
11610    9.085075567327615e-08
11620    9.078517403636245e-08
11630    9.071963395603955e-08
11640    9.065413546881574e-08
11650    9.058867861093125e-08
11660    9.052326341835864e-08
11670    9.045788992680369e-08
11680    9.039255817170622e-08
11690    9.032726818824072e-08
11700    9.026202001131693e-08
11710    9.019681367558099e-08
11720    9.013164921541598e-08
11730    9.006652666494234e-08
11740    9.000144605801906e-08
11750    8.993640742824435e-08
11760    8.9871410808956e-08
11770    8.980645623323262e-08
11780    8.974154373389393e-08
11790    8.967667334350186e-08
11800    8.961184509436101e-08
11810    8.95470590185195e-08
11820    8.948231514776971e-08
11830    8.941761351364897e-08
11840    8.935295414744024e-08
11850    8.928833708017297e-08
11860    8.922376234262373e-08
11870    8.915922996531692e-08
11880    8.90947399785255e-08
11890    8.903029241227199e-08
11900    8.896588729632859e-08
11910    8.890152466021853e-08
11920    8.883720453321633e-08
11930    8.877292694434895e-08
11940    8.870869192239598e-08
11950    8.86444994958909e-08
11960    8.858034969312138e-08
11970    8.851624254213034e-08
11980    8.845217807071632e-08
11990    8.838815630643448e-08
12000    8.832417727659714e-08
12010    8.826024100827465e-08
12020    8.819634752829584e-08
12030    8.813249686324914e-08
12040    8.806868903948292e-08
12050    8.800492408310628e-08
12060    8.794120201998998e-08
12070    8.787752287576681e-08
12080    8.781388667583256e-08
12090    8.775029344534673e-08
12100    8.7686743209233e-08
12110    8.762323599218015e-08
12120    8.755977181864261e-08
12130    8.749635071284147e-08
12140    8.743297269876472e-08
12150    8.736963780016831e-08
12160    8.730634604057677e-08
12170    8.724309744328375e-08
12180    8.717989203135297e-08
12190    8.711672982761875e-08
12200    8.705361085468667e-08
12210    8.699053513493447e-08
12220    8.692750269051264e-08
12230    8.686451354334486e-08
12240    8.680156771512921e-08
12250    8.673866522733841e-08
12260    8.667580610122074e-08
12270    8.661299035780069e-08
12280    8.655021801787957e-08
12290    8.64874891020363e-08
12300    8.642480363062808e-08
12310    8.63621616237911e-08
12320    8.629956310148837e-08
12330    8.623700808358539e-08
12340    8.617449658974808e-08
12350    8.611202863942333e-08
12360    8.60496042518402e-08
12370    8.598722344601016e-08
12380    8.59248862407281e-08
12390    8.586259265457274e-08
12400    8.58003427059076e-08
12410    8.57381364128814e-08
12420    8.567597379342888e-08
12430    8.561385486527137e-08
12440    8.555177964591771e-08
12450    8.548974815266457e-08
12460    8.542776040259733e-08
12470    8.536581641259087e-08
12480    8.53039161993098e-08
12490    8.524205977920974e-08
12500    8.518024716853741e-08
12510    8.511847838333161e-08
12520    8.50567534394239e-08
12530    8.499507235243906e-08
12540    8.493343513779593e-08
12550    8.487184181070811e-08
12560    8.481029238618437e-08
12570    8.474878687902949e-08
12580    8.468732530384504e-08
12590    8.46259076750297e-08
12600    8.456453400678024e-08
12610    8.450320431309199e-08
12620    8.444191860775955e-08
12630    8.438067690437736e-08
12640    8.43194792163406e-08
12650    8.425832555684557e-08
12660    8.419721593889038e-08
12670    8.413615037527581e-08
12680    8.40751288786057e-08
12690    8.40141514612877e-08
12700    8.395321813553393e-08
12710    8.389232891336164e-08
12720    8.383148380659382e-08
12730    8.377068282685983e-08
12740    8.370992598559607e-08
12750    8.364921329404663e-08
12760    8.35885447632638e-08
12770    8.352792040410892e-08
12780    8.346734022725288e-08
12790    8.34068042431768e-08
12800    8.334631246217265e-08
12810    8.328586489434382e-08
12820    8.322546154960594e-08
12830    8.316510243768717e-08
12840    8.310478756812928e-08
12850    8.30445169502879e-08
12860    8.298429059333341e-08
12870    8.292410850625131e-08
12880    8.286397069784304e-08
12890    8.280387717672656e-08
12900    8.274382795133699e-08
12910    8.268382302992716e-08
12920    8.262386242056826e-08
12930    8.256394613115041e-08
12940    8.250407416938351e-08
12950    8.244424654279758e-08
12960    8.238446325874354e-08
12970    8.232472432439371e-08
12980    8.226502974674242e-08
12990    8.220537953260683e-08
13000    8.214577368862734e-08
13010    8.208621222126823e-08
13020    8.202669513681832e-08
13030    8.196722244139158e-08
13040    8.19077941409276e-08
13050    8.184841024119251e-08
13060    8.178907074777918e-08
13070    8.172977566610815e-08
13080    8.167052500142802e-08
13090    8.161131875881626e-08
13100    8.155215694317958e-08
13110    8.149303955925456e-08
13120    8.143396661160859e-08
13130    8.137493810463997e-08
13140    8.131595404257885e-08
13150    8.125701442948771e-08
13160    8.119811926926185e-08
13170    8.113926856563017e-08
13180    8.108046232215572e-08
13190    8.102170054223609e-08
13200    8.096298322910437e-08
13210    8.090431038582931e-08
13220    8.08456820153163e-08
13230    8.078709812030762e-08
13240    8.072855870338335e-08
13250    8.06700637669615e-08
13260    8.06116133132992e-08
13270    8.05532073444927e-08
13280    8.049484586247828e-08
13290    8.04365288690329e-08
13300    8.037825636577429e-08
13310    8.032002835416217e-08
13320    8.026184483549834e-08
13330    8.020370581092752e-08
13340    8.014561128143773e-08
13350    8.008756124786105e-08
13360    8.002955571087406e-08
13370    7.997159467099842e-08
13380    7.991367812860147e-08
13390    7.985580608389686e-08
13400    7.979797853694494e-08
13410    7.97401954876535e-08
13420    7.968245693577825e-08
13430    7.962476288092325e-08
13440    7.956711332254189e-08
13450    7.950950825993693e-08
13460    7.945194769226139e-08
13470    7.939443161851895e-08
13480    7.93369600375647e-08
13490    7.927953294810541e-08
13500    7.922215034870038e-08
13510    7.916481223776165e-08
13520    7.910751861355493e-08
13530    7.905026947419989e-08
13540    7.899306481767078e-08
13550    7.893590464179694e-08
13560    7.887878894426354e-08
13570    7.882171772261177e-08
13580    7.876469097423967e-08
13590    7.870770869640267e-08
13600    7.865077088621393e-08
13610    7.859387754064497e-08
13620    7.853702865652636e-08
13630    7.848022423054808e-08
13640    7.842346425925999e-08
13650    7.836674873907267e-08
13660    7.831007766625765e-08
13670    7.825345103694813e-08
13680    7.819686884713927e-08
13690    7.814033109268915e-08
13700    7.80838377693188e-08
13710    7.802738887261312e-08
13720    7.797098439802116e-08
13730    7.791462434085678e-08
13740    7.785830869629913e-08
13750    7.780203745939318e-08
13760    7.774581062505015e-08
13770    7.768962818804827e-08
13780    7.763349014303306e-08
13790    7.757739648451784e-08
13800    7.752134720688453e-08
13810    7.746534230438381e-08
13820    7.740938177113592e-08
13830    7.7353465601131e-08
13840    7.729759378822959e-08
13850    7.724176632616332e-08
13860    7.718598320853531e-08
13870    7.713024442882049e-08
13880    7.707454998036656e-08
13890    7.701889985639403e-08
13900    7.696329404999699e-08
13910    7.690773255414352e-08
13920    7.685221536167627e-08
13930    7.679674246531286e-08
13940    7.674131385764645e-08
13950    7.668592953114627e-08
13960    7.663058947815788e-08
13970    7.657529369090412e-08
13980    7.652004216148514e-08
13990    7.646483488187926e-08
14000    7.640967184394306e-08
14010    7.635455303941228e-08
14020    7.629947845990219e-08
14030    7.624444809690785e-08
14040    7.618946194180488e-08
14050    7.613451998584988e-08
14060    7.607962222018082e-08
14070    7.602476863581751e-08
14080    7.596995922366237e-08
14090    7.59151939745005e-08
14100    7.586047287900039e-08
14110    7.580579592771452e-08
14120    7.575116311107951e-08
14130    7.569657441941687e-08
14140    7.564202984293338e-08
14150    7.558752937172148e-08
14160    7.553307299576002e-08
14170    7.547866070491437e-08
14180    7.542429248893714e-08
14190    7.536996833746856e-08
14200    7.531568824003702e-08
14210    7.526145218605943e-08
14220    7.520726016484169e-08
14230    7.515311216557934e-08
14240    7.509900817735784e-08
14250    7.504494818915304e-08
14260    7.499093218983175e-08
14270    7.493696016815211e-08
14280    7.488303211276406e-08
14290    7.482914801220994e-08
14300    7.477530785492466e-08
14310    7.472151162923633e-08
14320    7.466775932336695e-08
14330    7.461405092543231e-08
14340    7.456038642344298e-08
14350    7.45067658053044e-08
14360    7.445318905881759e-08
14370    7.439965617167934e-08
14380    7.434616713148288e-08
14390    7.429272192571835e-08
14400    7.423932054177285e-08
14410    7.418596296693151e-08
14420    7.413264918837733e-08
14430    7.407937919319206e-08
14440    7.402615296835636e-08
14450    7.397297050075048e-08
14460    7.391983177715447e-08
14470    7.386673678424875e-08
14480    7.381368550861451e-08
14490    7.376067793673045e-08
14500    7.370771405480327e-08
14510    7.365479384869717e-08
14520    7.360191730416169e-08
14530    7.354908440685056e-08
14540    7.349629514232238e-08
14550    7.344354949604084e-08
14560    7.339084745337511e-08
14570    7.333818899960045e-08
14580    7.328557411989847e-08
14590    7.323300279935762e-08
14600    7.318047502297365e-08
14610    7.312799077565002e-08
14620    7.307555004219814e-08
14630    7.302315280733809e-08
14640    7.297079905569885e-08
14650    7.29184887718187e-08
14660    7.286622194014578e-08
14670    7.281399854503837e-08
14680    7.276181857076529e-08
14690    7.270968200150647e-08
14700    7.265758882135313e-08
14710    7.26055390143085e-08
14720    7.255353256428787e-08
14730    7.250156945511931e-08
14740    7.244964967054381e-08
14750    7.239777319421597e-08
14760    7.234594000970412e-08
14770    7.229415010049098e-08
14780    7.22424034499737e-08
14790    7.219070004146483e-08
14800    7.213903985819212e-08
14810    7.208742288329934e-08
14820    7.203584909984629e-08
14830    7.198431849080983e-08
14840    7.193283103908354e-08
14850    7.188138672747851e-08
14860    7.182998553872375e-08
14870    7.177862745546647e-08
14880    7.172731246027245e-08
14890    7.167604053562659e-08
14900    7.162481166393302e-08
14910    7.157362582751587e-08
14920    7.152248300861934e-08
14930    7.147138318940811e-08
14940    7.142032635196795e-08
14950    7.136931247830581e-08
14960    7.131834155035055e-08
14970    7.12674135499529e-08
14980    7.121652845888618e-08
14990    7.116568625884657e-08
15000    7.111488693145337e-08
15010    7.106413045824967e-08
15020    7.10134168207023e-08
15030    7.096274600020263e-08
15040    7.091211797806673e-08
15050    7.08615327355356e-08
15060    7.081099025377593e-08
15070    7.076049051388009e-08
15080    7.071003349686678e-08
15090    7.065961918368118e-08
15100    7.060924755519546e-08
15110    7.05589185922091e-08
15120    7.050863227544917e-08
15130    7.045838858557091e-08
15140    7.040818750315784e-08
15150    7.035802900872233e-08
15160    7.030791308270582e-08
15170    7.025783970547921e-08
15180    7.020780885734326e-08
15190    7.015782051852899e-08
15200    7.010787466919789e-08
15210    7.005797128944236e-08
15220    7.000811035928606e-08
15230    6.995829185868434e-08
15240    6.990851576752445e-08
15250    6.985878206562587e-08
15260    6.980909073274095e-08
15270    6.975944174855488e-08
15280    6.970983509268632e-08
15290    6.966027074468759e-08
15300    6.961074868404504e-08
15310    6.956126889017945e-08
15320    6.951183134244638e-08
15330    6.946243602013642e-08
15340    6.941308290247563e-08
15350    6.93637719686258e-08
15360    6.931450319768483e-08
15370    6.926527656868707e-08
15380    6.92160920606037e-08
15390    6.916694965234302e-08
15400    6.911784932275063e-08
15410    6.906879105061018e-08
15420    6.90197748146432e-08
15430    6.897080059350984e-08
15440    6.892186836580895e-08
15450    6.887297811007855e-08
15460    6.882412980479602e-08
15470    6.877532342837864e-08
15480    6.872655895918368e-08
15490    6.867783637550896e-08
15500    6.862915565559297e-08
15510    6.858051677761521e-08
15520    6.853191971969673e-08
15530    6.848336445990023e-08
15540    6.843485097623046e-08
15550    6.838637924663458e-08
15560    6.833794924900235e-08
15570    6.82895609611666e-08
15580    6.824121436090344e-08
15590    6.819290942593267e-08
15600    6.814464613391802e-08
15610    6.809642446246742e-08
15620    6.804824438913358e-08
15630    6.800010589141379e-08
15640    6.795200894675086e-08
15650    6.790395353253297e-08
15660    6.785593962609408e-08
15670    6.78079672047143e-08
15680    6.776003624562033e-08
15690    6.771214672598545e-08
15700    6.766429862293005e-08
15710    6.76164919135219e-08
15720    6.756872657477643e-08
15730    6.752100258365697e-08
15740    6.747331991707523e-08
15750    6.742567855189138e-08
15760    6.737807846491454e-08
15770    6.733051963290292e-08
15780    6.728300203256432e-08
15790    6.723552564055611e-08
15800    6.718809043348593e-08
15810    6.714069638791159e-08
15820    6.709334348034172e-08
15830    6.704603168723577e-08
15840    6.699876098500444e-08
15850    6.695153135000997e-08
15860    6.690434275856647e-08
15870    6.685719518694003e-08
15880    6.681008861134931e-08
15890    6.676302300796545e-08
15900    6.671599835291275e-08
15910    6.666901462226865e-08
15920    6.662207179206411e-08
15930    6.657516983828404e-08
15940    6.652830873686733e-08
15950    6.648148846370732e-08
15960    6.643470899465203e-08
15970    6.638797030550438e-08
15980    6.63412723720226e-08
15990    6.62946151699203e-08
16000    6.6247998674867e-08
16010    6.620142286248829e-08
16020    6.615488770836602e-08
16030    6.610839318803864e-08
16040    6.606193927700159e-08
16050    6.60155259507074e-08
16060    6.596915318456603e-08
16070    6.592282095394522e-08
16080    6.587652923417057e-08
16090    6.583027800052601e-08
16100    6.578406722825402e-08
16110    6.573789689255571e-08
16120    6.56917669685914e-08
16130    6.56456774314806e-08
16140    6.559962825630254e-08
16150    6.555361941809616e-08
16160    6.550765089186056e-08
16170    6.546172265255519e-08
16180    6.541583467510022e-08
16190    6.536998693437663e-08
16200    6.53241794052265e-08
16210    6.527841206245346e-08
16220    6.523268488082274e-08
16230    6.518699783506144e-08
16240    6.5141350899859e-08
16250    6.509574404986709e-08
16260    6.505017725970029e-08
16270    6.500465050393595e-08
16280    6.495916375711474e-08
16290    6.491371699374074e-08
16300    6.486831018828171e-08
16310    6.482294331516937e-08
16320    6.477761634879972e-08
16330    6.473232926353312e-08
16340    6.468708203369469e-08
16350    6.464187463357447e-08
16360    6.459670703742769e-08
16370    6.455157921947505e-08
16380    6.450649115390291e-08
16390    6.44614428148636e-08
16400    6.441643417647557e-08
16410    6.437146521282367e-08
16420    6.432653589795949e-08
16430    6.428164620590143e-08
16440    6.423679611063506e-08
16450    6.419198558611335e-08
16460    6.414721460625684e-08
16470    6.410248314495395e-08
16480    6.40577911760611e-08
16490    6.401313867340323e-08
16500    6.396852561077357e-08
16510    6.392395196193437e-08
16520    6.387941770061681e-08
16530    6.38349228005213e-08
16540    6.379046723531776e-08
16550    6.374605097864586e-08
16560    6.370167400411513e-08
16570    6.365733628530537e-08
16580    6.361303779576676e-08
16590    6.356877850902009e-08
16600    6.352455839855701e-08
16610    6.34803774378403e-08
16620    6.343623560030397e-08
16630    6.339213285935367e-08
16640    6.334806918836667e-08
16650    6.33040445606924e-08
16660    6.326005894965226e-08
16670    6.32161123285403e-08
16680    6.317220467062362e-08
16690    6.312833594915205e-08
16700    6.308450613735724e-08
16710    6.304071520844443e-08
16720    6.299696313559227e-08
16730    6.295324989195318e-08
16740    6.29095754506533e-08
16750    6.2865939784793e-08
16760    6.282234286744699e-08
16770    6.277878467166432e-08
16780    6.273526517046905e-08
16790    6.269178433685996e-08
16800    6.264834214381114e-08
16810    6.260493856427192e-08
16820    6.256157357116734e-08
16830    6.251824713739821e-08
16840    6.247495923584124e-08
16850    6.243170983934957e-08
16860    6.238849892075251e-08
16870    6.234532645285612e-08
16880    6.230219240844325e-08
16890    6.225909676027387e-08
16900    6.221603948108506e-08
16910    6.217302054359142e-08
16920    6.213003992048515e-08
16930    6.208709758443641e-08
16940    6.204419350809315e-08
16950    6.200132766408183e-08
16960    6.195850002500725e-08
16970    6.191571056345283e-08
16980    6.187295925198089e-08
16990    6.183024606313274e-08
17000    6.178757096942892e-08
17010    6.174493394336946e-08
17020    6.170233495743396e-08
17030    6.165977398408187e-08
17040    6.161725099575267e-08
17050    6.1574765964866e-08
17060    6.153231886382195e-08
17070    6.148990966500114e-08
17080    6.144753834076505e-08
17090    6.140520486345615e-08
17100    6.136290920539793e-08
17110    6.132065133889538e-08
17120    6.127843123623495e-08
17130    6.123624886968486e-08
17140    6.11941042114952e-08
17150    6.115199723389823e-08
17160    6.110992790910845e-08
17170    6.106789620932284e-08
17180    6.102590210672095e-08
17190    6.098394557346538e-08
17200    6.094202658170152e-08
17210    6.090014510355813e-08
17220    6.085830111114723e-08
17230    6.081649457656447e-08
17240    6.07747254718893e-08
17250    6.073299376918496e-08
17260    6.06912994404989e-08
17270    6.064964245786281e-08
17280    6.060802279329286e-08
17290    6.056644041878981e-08
17300    6.052489530633928e-08
17310    6.048338742791183e-08
17320    6.044191675546319e-08
17330    6.040048326093451e-08
17340    6.03590869162523e-08
17350    6.031772769332884e-08
17360    6.027640556406228e-08
17370    6.023512050033677e-08
17380    6.019387247402263e-08
17390    6.01526614569765e-08
17400    6.011148742104172e-08
17410    6.007035033804814e-08
17420    6.002925017981266e-08
17430    5.998818691813904e-08
17440    5.994716052481838e-08
17450    5.990617097162907e-08
17460    5.986521823033708e-08
17470    5.98243022726961e-08
17480    5.978342307044758e-08
17490    5.974258059532113e-08
17500    5.970177481903457e-08
17510    5.966100571329386e-08
17520    5.962027324979367e-08
17530    5.9579577400217366e-08
17540    5.9538918136236986e-08
17550    5.949829542951372e-08
17560    5.9457709251697844e-08
17570    5.941715957442896e-08
17580    5.9376646369336186e-08
17590    5.933616960803817e-08
17600    5.929572926214344e-08
17610    5.9255325303250465e-08
17620    5.921495770294777e-08
17630    5.917462643281416e-08
17640    5.913433146441882e-08
17650    5.909407276932159e-08
17660    5.9053850319072916e-08
17670    5.9013664085214135e-08
17680    5.897351403927769e-08
17690    5.893340015278706e-08
17700    5.8893322397257195e-08
17710    5.885328074419443e-08
17720    5.8813275165096664e-08
17730    5.877330563145373e-08
17740    5.873337211474726e-08
17750    5.8693474586450984e-08
17760    5.865361301803087e-08
17770    5.861378738094518e-08
17780    5.857399764664483e-08
17790    5.8534243786573206e-08
17800    5.84945257721666e-08
17810    5.845484357485425e-08
17820    5.8415197166058444e-08
17830    5.837558651719472e-08
17840    5.833601159967196e-08
17850    5.829647238489264e-08
17860    5.8256968844252753e-08
17870    5.821750094914227e-08
17880    5.8178068670944924e-08
17890    5.8138671981038635e-08
17900    5.80993108507955e-08
17910    5.805998525158201e-08
17920    5.8020695154759086e-08
17930    5.798144053168227e-08
17940    5.7942221353702024e-08
17950    5.790303759216352e-08
17960    5.786388921840704e-08
17970    5.782477620376806e-08
17980    5.778569851957749e-08
17990    5.774665613716141e-08
18000    5.770764902784168e-08
18010    5.7668677162935745e-08
18020    5.7629740513757085e-08
18030    5.759083905161491e-08
18040    5.755197274781478e-08
18050    5.7513141573658313e-08
18060    5.747434550044352e-08
18070    5.7435584499465026e-08
18080    5.739685854201394e-08
18090    5.735816759937822e-08
18100    5.731951164284277e-08
18110    5.728089064368926e-08
18120    5.7242304573196766e-08
18130    5.7203753402641484e-08
18140    5.716523710329709e-08
18150    5.71267556464347e-08
18160    5.7088309003323086e-08
18170    5.704989714522883e-08
18180    5.7011520043416415e-08
18190    5.697317766914827e-08
18200    5.693486999368502e-08
18210    5.6896596988285545e-08
18220    5.685835862420708e-08
18230    5.682015487270539e-08
18240    5.67819857050349e-08
18250    5.674385109244868e-08
18260    5.6705751006198794e-08
18270    5.6667685417536167e-08
18280    5.662965429771091e-08
18290    5.659165761797239e-08
18300    5.655369534956923e-08
18310    5.651576746374954e-08
18320    5.647787393176106e-08
18330    5.6440014724851044e-08
18340    5.6402189814266896e-08
18350    5.636439917125554e-08
18360    5.632664276706427e-08
18370    5.628892057294035e-08
18380    5.62512325601313e-08
18390    5.621357869988526e-08
18400    5.617595896345048e-08
18410    5.613837332207619e-08
18420    5.61008217470121e-08
18430    5.6063304209508856e-08
18440    5.602582068081799e-08
18450    5.598837113219213e-08
18460    5.595095553488502e-08
18470    5.5913573860151793e-08
18480    5.587622607924881e-08
18490    5.583891216343396e-08
18500    5.5801632083966853e-08
18510    5.576438581210867e-08
18520    5.572717331912245e-08
18530    5.568999457627316e-08
18540    5.565284955482779e-08
18550    5.561573822605549e-08
18560    5.557866056122759e-08
18570    5.5541616531617775e-08
18580    5.55046061085023e-08
18590    5.546762926315981e-08
18600    5.543068596687162e-08
18610    5.5393776190921935e-08
18620    5.535689990659772e-08
18630    5.532005708518896e-08
18640    5.52832476979886e-08
18650    5.5246471716292874e-08
18660    5.520972911140125e-08
18670    5.5173019854616536e-08
18680    5.513634391724505e-08
18690    5.509970127059664e-08
18700    5.506309188598482e-08
18710    5.5026515734726915e-08
18720    5.498997278814412e-08
18730    5.495346301756148e-08
18740    5.4916986394308266e-08
18750    5.488054288971785e-08
18760    5.484413247512773e-08
18770    5.4807755121879956e-08
18780    5.4771410801320855e-08
18790    5.473509948480145e-08
18800    5.469882114367721e-08
18810    5.4662575749308524e-08
18820    5.462636327306053e-08
18830    5.459018368630322e-08
18840    5.455403696041172e-08
18850    5.451792306676616e-08
18860    5.448184197675189e-08
18870    5.444579366175958e-08
18880    5.4409778093185216e-08
18890    5.437379524243041e-08
18900    5.43378450809021e-08
18910    5.4301927580013036e-08
18920    5.426604271116969e-08
18930    5.4230190445631304e-08
18940    5.419437075455843e-08
18950    5.4158583609116545e-08
18960    5.412282898047814e-08
18970    5.408710683982287e-08
18980    5.4051417158337645e-08
18990    5.401575990721669e-08
19000    5.398013505766162e-08
19010    5.394454258088161e-08
19020    5.3908982448093284e-08
19030    5.387345463052103e-08
19040    5.3837959099396946e-08
19050    5.380249582596096e-08
19060    5.3767064781460886e-08
19070    5.3731665937152465e-08
19080    5.369629926429965e-08
19090    5.366096473417451e-08
19100    5.362566231805723e-08
19110    5.359039198723634e-08
19120    5.3555153713008854e-08
19130    5.3519947466680146e-08
19140    5.3484773219564224e-08
19150    5.3449630942983655e-08
19160    5.341452060826972e-08
19170    5.337944218676254e-08
19180    5.3344395649810995e-08
19190    5.330938096877295e-08
19200    5.3274398115015334e-08
19210    5.32394470599141e-08
19220    5.3204527774854355e-08
19230    5.316964023123044e-08
19240    5.3134784400446145e-08
19250    5.309996025391442e-08
19260    5.3065167763057925e-08
19270    5.3030406899308634e-08
19280    5.299567763410828e-08
19290    5.296097993890823e-08
19300    5.2926313785169615e-08
19310    5.289167914436339e-08
19320    5.2857075987970444e-08
19330    5.282250428748156e-08
19340    5.278796401439761e-08
19350    5.27534551402297e-08
19360    5.2718977636498885e-08
19370    5.2684531474736686e-08
19380    5.265011662648486e-08
19390    5.261573306329552e-08
19400    5.258138075673137e-08
19410    5.2547059678365536e-08
19420    5.251276979978182e-08
19430    5.247851109257466e-08
19440    5.2444283528349226e-08
19450    5.241008707872154e-08
19460    5.237592171531847e-08
19470    5.234178740977781e-08
19480    5.2307684133748394e-08
19490    5.2273611858890145e-08
19500    5.223957055687407e-08
19510    5.220556019938244e-08
19520    5.217158075810877e-08
19530    5.213763220475789e-08
19540    5.210371451104603e-08
19550    5.206982764870102e-08
19560    5.2035971589462005e-08
19570    5.2002146305079885e-08
19580    5.196835176731718e-08
19590    5.193458794794803e-08
19600    5.1900854818758513e-08
19610    5.186715235154642e-08
19620    5.183348051812158e-08
19630    5.1799839290305586e-08
19640    5.176622863993235e-08
19650    5.173264853884754e-08
19660    5.16990989589093e-08
19670    5.16655798719877e-08
19680    5.163209124996529e-08
19690    5.1598633064736825e-08
19700    5.15652052882095e-08
19710    5.153180789230297e-08
19720    5.149844084894938e-08
19730    5.1465104130093426e-08
19740    5.143179770769247e-08
19750    5.13985215537165e-08
19760    5.136527564014824e-08
19770    5.1332059938983305e-08
19780    5.129887442223005e-08
19790    5.126571906190984e-08
19800    5.12325938300569e-08
19810    5.119949869871858e-08
19820    5.1166433639955155e-08
19830    5.113339862584024e-08
19840    5.110039362846053e-08
19850    5.106741861991595e-08
19860    5.1034473572319676e-08
19870    5.100155845779838e-08
19880    5.096867324849198e-08
19890    5.093581791655399e-08
19900    5.0902992434151356e-08
19910    5.0870196773464616e-08
19920    5.0837430906687815e-08
19930    5.0804694806028895e-08
19940    5.077198844370933e-08
19950    5.073931179196443e-08
19960    5.070666482304334e-08
19970    5.067404750920905e-08
19980    5.0641459822738495e-08
19990    5.060890173592264e-08
