10    5.447971479696127e-09
11    4.5856002127386315e-09
12    3.903358337687616e-09
13    3.354866887838645e-09
14    2.9077704495304e-09
15    2.538925309622146e-09
16    2.2314154921815798e-09
17    1.972641856519302e-09
18    1.7530638817102528e-09
19    1.5653501738681266e-09
20    1.4037924779610207e-09
21    1.263893538155002e-09
22    1.1420722094752777e-09
23    1.0354490802410996e-09
24    9.416883619359375e-10
25    8.588798134776278e-10
26    7.854495337440057e-10
27    7.200917603950806e-10
28    6.617162451007465e-10
29    6.094072671276885e-10
30    5.62391427784751e-10
31    5.200121692361208e-10
32    4.81709414972205e-10
33    4.4700322851995103e-10
34    4.154805618998411e-10
35    3.867845573701888e-10
36    3.606056581008307e-10
37    3.3667443867600733e-10
38    3.1475557718585625e-10
39    2.9464288248297703e-10
40    2.76155134543994e-10
41    2.5913259686081614e-10
42    2.434340794098572e-10
43    2.289344565436327e-10
44    2.1552255866025483e-10
45    2.030993786692355e-10
46    1.915765371378868e-10
47    1.8087497068557577e-10
48    1.7092379643070928e-10
49    1.6165933963177372e-10
50    1.5302428767850767e-10
51    1.4496695844666177e-10
52    1.374406641776962e-10
53    1.3040315300179086e-10
54    1.238161272431191e-10
55    1.176448174396653e-10
56    1.1185760319211701e-10
57    1.064256910556255e-10
58    1.0132282125879792e-10
59    9.652501120944953e-11
60    9.201033046781282e-11
61    8.775869278677913e-11
62    8.375168831771087e-11
63    7.997241285033084e-11
64    7.640533170945355e-11
65    7.303615054242757e-11
66    6.985170196684374e-11
67    6.683984387277038e-11
68    6.398936705314888e-11
69    6.12899149737931e-11
70    5.873190551273706e-11
71    5.6306468832398094e-11
72    5.40053834170696e-11
73    5.1821024121198624e-11
74    4.974631079730723e-11
75    4.7774664960450264e-11
76    4.5899968043173534e-11
77    4.411652508871484e-11
78    4.241903149404028e-11
79    4.0802541563785236e-11
80    3.926244127207127e-11
81    3.779442266415591e-11
82    3.639446110507141e-11
83    3.5058792635573594e-11
84    3.3783896194750084e-11
85    3.256647431536549e-11
86    3.140343957860005e-11
87    3.029189466867133e-11
88    2.922912337692824e-11
89    2.8212575635486655e-11
90    2.723985629761361e-11
91    2.6308714398455707e-11
92    2.5417033131053243e-11
93    2.4562821033470975e-11
94    2.374420296661131e-11
95    2.2959413121816706e-11
96    2.2206787096711747e-11
97    2.1484754794133203e-11
98    2.0791837682057775e-11
99    2.012663636966376e-11
100    1.9487831807268272e-11
101    1.8874177277185453e-11
102    1.8284494172922718e-11
103    1.7717667611159997e-11
104    1.7172643683612135e-11
105    1.664842386655076e-11
106    1.6144063002165072e-11
107    1.5658665669010347e-11
108    1.5191383182687473e-11
109    1.474141083923995e-11
110    1.4307985326882094e-11
111    1.3890382288899253e-11
112    1.3487914084849272e-11
113    1.3099927781125744e-11
114    1.2725802880613146e-11
115    1.236494975431944e-11
116    1.2016807763988396e-11
117    1.168084371101514e-11
118    1.1356550318541285e-11
119    1.1043444637658263e-11
120    1.074106509046036e-11
121    1.0448979466418917e-11
122    1.0166764847917255e-11
123    9.894025535310985e-12
124    9.630382420968194e-12
125    9.375473960064868e-12
126    9.128955219373172e-12
127    8.89049704573796e-12
128    8.659785217933997e-12
129    8.436519690402751e-12
130    8.22041389780437e-12
131    8.011193935905834e-12
132    7.80859818405984e-12
133    7.612376407779892e-12
134    7.422289294035072e-12
135    7.238108068546028e-12
136    7.059613655603088e-12
137    6.886596541584484e-12
138    6.718856057861632e-12
139    6.5562000679697135e-12
140    6.398444553428759e-12
141    6.24541318176023e-12
142    6.0969369781484606e-12
143    5.952853977443393e-12
144    5.813008864784869e-12
145    5.6772527066187525e-12
146    5.545442623884135e-12
147    5.417441511759261e-12
148    5.29311778981592e-12
149    5.1723451880672976e-12
150    5.055002398998748e-12
151    4.94097292659743e-12
152    4.830144899839192e-12
153    4.722410797538522e-12
154    4.61766729156266e-12
155    4.51581506828425e-12
156    4.416758611704265e-12
157    4.320406091387646e-12
158    4.2266694473970035e-12
159    4.135462856747079e-12
160    4.046705369984941e-12
161    3.9603179795884366e-12
162    3.876224912808541e-12
163    3.794353203012116e-12
164    3.714632579396066e-12
165    3.6369953395160893e-12
166    3.561376294160409e-12
167    3.4877125587269955e-12
168    3.415943599231882e-12
169    3.3460110140084143e-12
170    3.277858477686803e-12
171    3.2114317311940867e-12
172    3.146678401202741e-12
173    3.083547960625557e-12
174    3.021991665064416e-12
175    2.961962475969445e-12
176    2.9034149852798005e-12
177    2.8463053686611687e-12
178    2.790591256581213e-12
179    2.7362318472590448e-12
180    2.6831875537185042e-12
181    2.6314203178645255e-12
182    2.580893255418027e-12
183    2.531570754431931e-12
184    2.4834183940787425e-12
185    2.43640288075324e-12
186    2.3904920524695867e-12
187    2.3456547815932314e-12
188    2.3018609902558518e-12
189    2.2590815536500146e-12
190    2.2172883144513186e-12
191    2.1764540209445e-12
192    2.136552296096745e-12
193    2.0975576406028777e-12
194    2.0594452641721627e-12
195    2.022191316950871e-12
196    1.985772603898905e-12
197    1.950166679965918e-12
198    1.9153518244114123e-12
199    1.8813069454414856e-12
200    1.8480116763348123e-12
201    1.8154462183966444e-12
202    1.7835914320644683e-12
203    1.752428722388317e-12
204    1.721940074388299e-12
205    1.692108046679777e-12
206    1.6629157015322223e-12
207    1.6343466068583405e-12
208    1.6063848392268108e-12
209    1.5790149406445766e-12
210    1.5522219157519664e-12
211    1.5259912165332252e-12
212    1.5003087181636194e-12
213    1.475160708453686e-12
214    1.4505338830428442e-12
215    1.4264153272481392e-12
216    1.402792485682915e-12
217    1.3796531701155194e-12
218    1.3569855651017313e-12
219    1.334778152785772e-12
220    1.3130197724884053e-12
221    1.2916995814778814e-12
222    1.2708070209367194e-12
223    1.250331834523667e-12
224    1.2302640888628915e-12
225    1.2105940731572931e-12
226    1.1913123805619906e-12
227    1.1724098661940868e-12
228    1.1538775955549608e-12
229    1.135706925221866e-12
230    1.1178894580438002e-12
231    1.1004169693042162e-12
232    1.0832814986259634e-12
233    1.0664752880931443e-12
234    1.0499907896714427e-12
235    1.033820656979728e-12
236    1.0179577401557439e-12
237    1.0023950798301665e-12
238    9.871258983385095e-13
239    9.721435952294628e-13
240    9.57441750426656e-13
241    9.430141047768965e-13
242    9.288545648110512e-13
243    9.14957190883966e-13
244    9.013162045754018e-13
245    8.879259745722249e-13
246    8.747810033691187e-13
247    8.618759472782406e-13
248    8.492055915963813e-13
249    8.367648531629324e-13
250    8.245487816662952e-13
251    8.125525480617655e-13
252    8.007714463438593e-13
253    7.892008829823893e-13
254    7.778363793305967e-13
255    7.666735773940813e-13
256    7.557082240171089e-13
257    7.449361505881952e-13
258    7.343533205486119e-13
259    7.239557773666449e-13
260    7.13739665878838e-13
261    7.037012236814516e-13
262    6.938367805086015e-13
263    6.841427492567826e-13
264    6.746156370668631e-13
265    6.652520280249212e-13
266    6.560485949203318e-13
267    6.470020787875506e-13
268    6.381093055178372e-13
269    6.29367174146333e-13
270    6.207726556650363e-13
271    6.123227911522976e-13
272    6.040146955681553e-13
273    5.95845543775831e-13
274    5.878125807254349e-13
275    5.799131141228014e-13
276    5.721445123974706e-13
277    5.645042060201548e-13
278    5.569897099507229e-13
279    5.495984878718196e-13
280    5.423282140256766e-13
281    5.351765431225213e-13
282    5.281411561336262e-13
283    5.212198225458505e-13
284    5.144103514665768e-13
285    5.07710601430959e-13
286    5.011184788099909e-13
287    4.946319361224274e-13
288    4.882489713359312e-13
289    4.819676256110005e-13
290    4.757859846573019e-13
291    4.69702173081906e-13
292    4.637143596924366e-13
293    4.578207537120242e-13
294    4.5201959469094955e-13
295    4.463091762800368e-13
296    4.406878113051275e-13
297    4.351538583834466e-13
298    4.297057086060745e-13
299    4.24341791186891e-13
300    4.1906056201260125e-13
301    4.1386051410527606e-13
302    4.087401719686094e-13
303    4.036980900310904e-13
304    3.987328532894906e-13
305    3.93843013484557e-13
306    3.890274024690395e-13
307    3.842845035000225e-13
308    3.7961307612211977e-13
309    3.7501185573505214e-13
310    3.704795832943719e-13
311    3.660150422750521e-13
312    3.616170329431593e-13
313    3.572843842918286e-13
314    3.5301594733364537e-13
315    3.488105956638337e-13
316    3.446672261344803e-13
317    3.4058475812553376e-13
318    3.365621339137292e-13
319    3.3259831461836855e-13
320    3.2869228268629234e-13
321    3.248430442292559e-13
322    3.210496156572598e-13
323    3.173110439361277e-13
324    3.1362638362258016e-13
325    3.0999472854838165e-13
326    3.064151744207062e-13
327    3.028868238998785e-13
328    2.9940881373059384e-13
329    2.9598030051003166e-13
330    2.926004432022517e-13
331    2.892684272543805e-13
332    2.859834504096111e-13
333    2.82744725133385e-13
334    2.795514811950925e-13
335    2.764029609163127e-13
336    2.7329842295618217e-13
337    2.7023713846382625e-13
338    2.67218393909863e-13
339    2.642414880043181e-13
340    2.613057337784568e-13
341    2.5841045646642513e-13
342    2.555550060685775e-13
343    2.527386988697537e-13
344    2.4996093162292e-13
345    2.472210683269755e-13
346    2.4451849383116663e-13
347    2.4185260770083023e-13
348    2.392228179035215e-13
349    2.366285446399175e-13
350    2.3406921809303385e-13
351    2.315442798860496e-13
352    2.2905318089365054e-13
353    2.2659538258570393e-13
354    2.2417035637115946e-13
355    2.2177758304159483e-13
356    2.1941655251754037e-13
357    2.1708676499143717e-13
358    2.1478772874496426e-13
359    2.1251896137908646e-13
360    2.1027998860458213e-13
361    2.0807034696955329e-13
362    2.0588957677283062e-13
363    2.0373723115353235e-13
364    2.0161286907384273e-13
365    1.995160573648094e-13
366    1.974463711524441e-13
367    1.9540339291622536e-13
368    1.933867115169443e-13
369    1.9139592505087423e-13
370    1.8943063670576338e-13
371    1.8749045864275717e-13
372    1.855750079143032e-13
373    1.8368390934294084e-13
374    1.8181679733609326e-13
375    1.7997329918636917e-13
376    1.781530691152397e-13
377    1.7635575400817107e-13
378    1.7458100941223027e-13
379    1.7282849773692141e-13
380    1.7109788670623075e-13
381    1.693888497875545e-13
382    1.67701066613421e-13
383    1.6603422109881978e-13
384    1.643880037677366e-13
385    1.6276210980976148e-13
386    1.6115623961981833e-13
387    1.5957010289607116e-13
388    1.5800339796948895e-13
389    1.5645585269177312e-13
390    1.5492718296525227e-13
391    1.5341711395926357e-13
392    1.5192537498194384e-13
393    1.5045169994674313e-13
394    1.4899582809624632e-13
395    1.4755750169718203e-13
396    1.4613646813775475e-13
397    1.447324782571196e-13
398    1.4334528819467828e-13
399    1.419746570764259e-13
400    1.4062034870133483e-13
401    1.39282130180478e-13
402    1.3795977405423127e-13
403    1.3665305114436358e-13
404    1.3536174481221506e-13
405    1.3408563407950537e-13
406    1.3282450652422255e-13
407    1.3157815072143922e-13
408    1.3034636003407848e-13
409    1.2912892896799255e-13
410    1.279256589033552e-13
411    1.2673634992969276e-13
412    1.2556080969159854e-13
413    1.2439884679009408e-13
414    1.2325027243661576e-13
415    1.2211490187819459e-13
416    1.2099255335361366e-13
417    1.198830470457907e-13
418    1.1878620742853325e-13
419    1.1770186040049258e-13
420    1.1662983445734646e-13
421    1.1556996300580308e-13
422    1.145220801452462e-13
423    1.1348602177644277e-13
424    1.1246162908207353e-13
425    1.1144874368719297e-13
426    1.1044721087026411e-13
427    1.0945687729268548e-13
428    1.0847759230183328e-13
429    1.0750920824590335e-13
430    1.0655158438336396e-13
431    1.0560456147020648e-13
432    1.0466801397871234e-13
433    1.0374179724478406e-13
434    1.0282577484906004e-13
435    1.0191981163226077e-13
436    1.0102377463784294e-13
437    1.0013753339807437e-13
438    9.926095845142447e-14
439    9.839392501375923e-14
440    9.753630628258588e-14
441    9.668797992946644e-14
442    9.584882507568804e-14
443    9.501872247698632e-14
444    9.419755467133634e-14
445    9.338520601497606e-14
446    9.258156269394028e-14
447    9.178651265183842e-14
448    9.099994538648893e-14
449    9.022175197451489e-14
450    8.945182532085422e-14
451    8.869005995301562e-14
452    8.793635170560542e-14
453    8.719059839578757e-14
454    8.645269879147708e-14
455    8.572255381627151e-14
456    8.500006517366044e-14
457    8.428513679650498e-14
458    8.357767333756948e-14
459    8.28775810107839e-14
460    8.21847677329757e-14
461    8.149914250833336e-14
462    8.082061590322515e-14
463    8.01490992513464e-14
464    7.948450577482996e-14
465    7.882674971263963e-14
466    7.817574575571045e-14
467    7.753141302741364e-14
468    7.689366790289497e-14
469    7.626242772928682e-14
470    7.563761535261562e-14
471    7.501915133517982e-14
472    7.440695823517046e-14
473    7.38009565468943e-14
474    7.320108062775636e-14
475    7.260724627728203e-14
476    7.201938415650256e-14
477    7.143742196962412e-14
478    7.086128865259182e-14
479    7.029091413413308e-14
480    6.972622922441964e-14
481    6.916716597712117e-14
482    6.861365729197113e-14
483    6.806563724577568e-14
484    6.752303844958886e-14
485    6.698580047698761e-14
486    6.645385690644499e-14
487    6.592714569305677e-14
488    6.540560534204386e-14
489    6.488917503528261e-14
490    6.437779470689729e-14
491    6.387140510498655e-14
492    6.336994823978038e-14
493    6.287336542601295e-14
494    6.238160125686603e-14
495    6.189459874638335e-14
496    6.141230314885343e-14
497    6.093465971260595e-14
498    6.046161481016548e-14
499    5.999311756207712e-14
