10    2.2677541153256502e-08
11    2.3210155956105483e-08
12    2.3609239068865258e-08
13    2.3914274996573037e-08
14    2.415382058979109e-08
15    2.4345652185377988e-08
16    2.453351424770835e-08
17    2.4648614489041424e-08
18    2.4694140907074128e-08
19    2.4740703984103707e-08
20    2.4748919535628394e-08
21    2.4719509724199248e-08
22    2.465672755322378e-08
23    2.4566832328733034e-08
24    2.4456290731182342e-08
25    2.433049667808682e-08
26    2.4193913996981033e-08
27    2.4049315437685105e-08
28    2.3866381147346545e-08
29    2.369686066647473e-08
30    2.352450376622038e-08
31    2.3349679425312548e-08
32    2.3227050660157808e-08
33    2.3045205023281648e-08
34    2.2859029704394762e-08
35    2.266856701653678e-08
36    2.2473740248913542e-08
37    2.227443213523185e-08
38    2.207049416852738e-08
39    2.1861971808516164e-08
40    2.1649110917825658e-08
41    2.14324918667713e-08
42    2.1213263793927304e-08
43    2.09927873205389e-08
44    2.077247987215288e-08
45    2.0553732170187958e-08
46    2.0337134945688263e-08
47    2.0123808130986982e-08
48    1.9935934442886267e-08
49    1.971455690022216e-08
50    1.949612654424754e-08
51    1.9281212805415284e-08
52    1.907014750159568e-08
53    1.886303393708731e-08
54    1.870631343667703e-08
55    1.851265831301127e-08
56    1.8320440520519583e-08
57    1.8129421117823214e-08
58    1.79392653588657e-08
59    1.7749751247631806e-08
60    1.7560796507972768e-08
61    1.737243660684198e-08
62    1.7184818327006472e-08
63    1.699818964463299e-08
64    1.6812853833567505e-08
65    1.6629180113355134e-08
66    1.644755841823607e-08
67    1.62683074240003e-08
68    1.6091631135596284e-08
69    1.591765597821764e-08
70    1.5746468329838208e-08
71    1.557809878640188e-08
72    1.5463914599747526e-08
73    1.5305556355314796e-08
74    1.5148448272480078e-08
75    1.499246566864996e-08
76    1.4837455660147681e-08
77    1.4683298744232622e-08
78    1.447582101956147e-08
79    1.4328829833112777e-08
80    1.4184324801922069e-08
81    1.404221880696824e-08
82    1.3902441835960547e-08
83    1.3764866476668633e-08
84    1.3629348991512562e-08
85    1.3495800140733114e-08
86    1.336413946957607e-08
87    1.323403233076521e-08
88    1.3105586373207822e-08
89    1.2979142582951378e-08
90    1.2853754966978197e-08
91    1.2729495403047421e-08
92    1.2606501800762919e-08
93    1.2484879092962984e-08
94    1.236461117682693e-08
95    1.2245647941914121e-08
96    1.2127945180845199e-08
97    1.2011515497281854e-08
98    1.1896430520463655e-08
99    1.1782772076890325e-08
100    1.1670607940482381e-08
101    1.1560002708622433e-08
102    1.1451017838020118e-08
103    1.1343711921308551e-08
104    1.123814908544326e-08
105    1.1134379193443203e-08
106    1.1032427742885056e-08
107    1.0950198899510648e-08
108    1.0858167713433267e-08
109    1.0767250385454315e-08
110    1.0677341081935373e-08
111    1.0588342035001426e-08
112    1.05001609152264e-08
113    1.041270784315195e-08
114    1.0281531260647873e-08
115    1.019511060389895e-08
116    1.0110104997831595e-08
117    1.002643150138332e-08
118    9.944009807944088e-09
119    9.862759893149634e-09
120    9.782616011501929e-09
121    9.703514857422247e-09
122    9.625389293078477e-09
123    9.548183387964047e-09
124    9.47186201879147e-09
125    9.396401251253106e-09
126    9.321768044069926e-09
127    9.247923118917902e-09
128    9.174829462314187e-09
129    9.102470737866673e-09
130    9.030838014820499e-09
131    8.959919653426249e-09
132    8.889704978928576e-09
133    8.820188467453541e-09
134    8.75136974924118e-09
135    8.683259318195372e-09
136    8.615886035179691e-09
137    8.549290204907594e-09
138    8.483475326652679e-09
139    8.418371365808464e-09
140    8.353934264301122e-09
141    8.29036086268496e-09
142    8.227942679611752e-09
143    8.166366738381569e-09
144    8.105420960260472e-09
145    8.024228077695832e-09
146    7.966033613794354e-09
147    7.908787825223506e-09
148    7.852466939827836e-09
149    7.797040149901392e-09
150    7.742470674007615e-09
151    7.688731209954593e-09
152    7.646732871131554e-09
153    7.593093047581901e-09
154    7.540193838824292e-09
155    7.488011723891943e-09
156    7.436529011859577e-09
157    7.385730622902607e-09
158    7.335604132018032e-09
159    7.286136597744715e-09
160    7.237310607882788e-09
161    7.1891089264429945e-09
162    7.141513169475803e-09
163    7.094501158558682e-09
164    7.04804914767502e-09
165    7.002136244733734e-09
166    6.956741688448313e-09
167    6.911843261034811e-09
168    6.867418631121227e-09
169    6.823445741993428e-09
170    6.779901955376823e-09
171    6.736767816070205e-09
172    6.694026905359599e-09
173    6.651664201819198e-09
174    6.609664088418882e-09
175    6.568006945938573e-09
176    6.52667360838849e-09
177    6.485648051361376e-09
178    6.444918140959926e-09
179    6.404475601650182e-09
180    6.364315175703187e-09
181    6.324437292401121e-09
182    6.2848443294882565e-09
183    6.245538579899302e-09
184    6.206522383351945e-09
185    6.167795586617641e-09
186    6.1293588625513765e-09
187    6.091213419426507e-09
188    6.053366434164386e-09
189    6.015831137588688e-09
190    5.9786179291508034e-09
191    5.941735620197973e-09
192    5.913427076198854e-09
193    5.875970671877772e-09
194    5.8387970509884585e-09
195    5.801926505202262e-09
196    5.765377326354447e-09
197    5.729163696839899e-09
198    5.693298263849984e-09
199    5.657794718343066e-09
200    5.622667048776634e-09
201    5.587928242532602e-09
202    5.5596654512226555e-09
203    5.527103769816167e-09
204    5.495039268812965e-09
205    5.463552028067762e-09
206    5.432409220143924e-09
207    5.401506111214214e-09
208    5.370858223695506e-09
209    5.340479637645824e-09
210    5.310383656831781e-09
211    5.280581228318712e-09
212    5.2510822105049604e-09
213    5.221894549013172e-09
214    5.1930211140138944e-09
215    5.164448315463949e-09
216    5.13615898431778e-09
217    5.108137015323327e-09
218    5.0803656553620814e-09
219    5.052829009379624e-09
220    5.025512962949005e-09
221    4.998403664955182e-09
222    4.9714874752484e-09
223    4.944754644784838e-09
224    4.9182002105260965e-09
225    4.891819106573437e-09
226    4.865605754334017e-09
227    4.8395556783872095e-09
228    4.813665688137906e-09
229    4.787933771829414e-09
230    4.762358140680572e-09
231    4.736936618242655e-09
232    4.711665896463015e-09
233    4.68654406083211e-09
234    4.661570965036379e-09
235    4.63674692250222e-09
236    4.612072231574138e-09
237    4.58754735130233e-09
238    4.563173724852537e-09
239    4.538951635356849e-09
240    4.514881369326716e-09
241    4.490963362580994e-09
242    4.467198615058394e-09
243    4.443588877563327e-09
244    4.420135859166984e-09
245    4.39684129862618e-09
246    4.373707850999041e-09
247    4.350738711193575e-09
248    4.327936918042471e-09
249    4.320053919681129e-09
250    4.2979317501102834e-09
251    4.275881215091691e-09
252    4.2539018955583716e-09
253    4.231997237760957e-09
254    4.2101723008445726e-09
255    4.188433058340293e-09
256    4.1667852231744645e-09
257    4.1452329193641615e-09
258    4.10945414184554e-09
259    4.088582062048859e-09
260    4.067884193975035e-09
261    4.047359109074183e-09
262    4.027009583781396e-09
263    4.006840919433435e-09
264    3.986858024091271e-09
265    3.967064908871122e-09
266    3.947463014043171e-09
267    3.928041156147244e-09
268    3.90878413990511e-09
269    3.889677335110955e-09
270    3.870706243753982e-09
271    3.8518655445814215e-09
272    3.8331881431002755e-09
273    3.8147154963646314e-09
274    3.796486936951655e-09
275    3.77853988889369e-09
276    3.760790301925324e-09
277    3.743120917349799e-09
278    3.725537644712029e-09
279    3.708046822156594e-09
280    3.6906546139099363e-09
281    3.673367030534001e-09
282    3.6561895537748146e-09
283    3.6391266275499184e-09
284    3.6221825254205527e-09
285    3.6053621198305264e-09
286    3.588670469335968e-09
287    3.5721113859420225e-09
288    3.5556820025338975e-09
289    3.5393767737095205e-09
290    3.523190056781243e-09
291    3.5071161825401763e-09
292    3.4911495022848496e-09
293    3.4752848319193835e-09
294    3.4595171599308066e-09
295    3.443842001778219e-09
296    3.4282557123520025e-09
297    3.4127549017867487e-09
298    3.397336165616388e-09
299    3.3819976289500833e-09
300    3.366739482449624e-09
301    3.3515618916575234e-09
302    3.336465472891145e-09
303    3.3214510660603058e-09
304    3.306519345364544e-09
305    3.2916708757724795e-09
306    3.2675573132823313e-09
307    3.2535102256780353e-09
308    3.239586998987965e-09
309    3.2257855070371523e-09
310    3.212102469745467e-09
311    3.198533983618994e-09
312    3.1850767007731853e-09
313    3.1717273637051037e-09
314    3.1584828504491145e-09
315    3.1453405961668963e-09
316    3.132298386006484e-09
317    3.1193535946599795e-09
318    3.106503265675501e-09
319    3.0930368182806333e-09
320    3.079548584083021e-09
321    3.0661589743195904e-09
322    3.0528689431836063e-09
323    3.0396790131090207e-09
324    3.0265893315750095e-09
325    3.0135995136082546e-09
326    3.0007091889959375e-09
327    2.9879182942918165e-09
328    2.975227133911625e-09
329    2.9626360450622024e-09
330    2.9501452893113685e-09
331    2.9377547981278686e-09
332    2.9254644596040054e-09
333    2.913274869408885e-09
334    2.9011871848968218e-09
335    2.889202326256447e-09
336    2.877320861764125e-09
337    2.865543228303288e-09
338    2.853869557612183e-09
339    2.8422971566965473e-09
340    2.8308189774756763e-09
341    2.81942782619582e-09
342    2.8081167606001167e-09
343    2.7968789549811444e-09
344    2.7857077631735213e-09
345    2.7746020723011927e-09
346    2.7635779723188192e-09
347    2.752654404203467e-09
348    2.741849574022374e-09
349    2.7311810616593324e-09
350    2.7206659937747403e-09
351    2.71028675826553e-09
352    2.699948982978444e-09
353    2.6896475623551354e-09
354    2.6793851730488847e-09
355    2.6691645737625743e-09
356    2.658988460085783e-09
357    2.6488594270047464e-09
358    2.6387799753933503e-09
359    2.6287525267895135e-09
360    2.618779424926989e-09
361    2.6088630370526487e-09
362    2.599005714403482e-09
363    2.5892097722586084e-09
364    2.5794777790164127e-09
365    2.569812087602328e-09
366    2.5602124507905714e-09
367    2.5506764183454046e-09
368    2.5412016866257208e-09
369    2.5317863384733404e-09
370    2.522428552980181e-09
371    2.5131265743282004e-09
372    2.503878683481625e-09
373    2.4946831596630686e-09
374    2.48553829614065e-09
375    2.4764423684610828e-09
376    2.4673938065174384e-09
377    2.458391320933254e-09
378    2.4494336973562764e-09
379    2.4405198895443938e-09
380    2.431649139916172e-09
381    2.4228217456218185e-09
382    2.405928136184378e-09
383    2.397053175899119e-09
384    2.388243551960033e-09
385    2.3794930086426024e-09
386    2.370796918436978e-09
387    2.3621668359534696e-09
388    2.353623830166965e-09
389    2.345188527097805e-09
390    2.3368808802415674e-09
391    2.3287200686885716e-09
392    2.320724735099228e-09
393    2.3128887844696305e-09
394    2.3050982920634085e-09
395    2.3041320208587924e-09
396    2.296024208416976e-09
397    2.2879670431612336e-09
398    2.2799608808288476e-09
399    2.272005952762763e-09
400    2.2641022307049348e-09
401    2.256249691564936e-09
402    2.24844832289882e-09
403    2.2406979880909423e-09
404    2.2329983876914064e-09
405    2.225349209266007e-09
406    2.2177502424655487e-09
407    2.210201876453786e-09
408    2.20270474277195e-09
409    2.1952594258851035e-09
410    2.1878665002136503e-09
411    2.180526507790241e-09
412    2.1732399202360996e-09
413    2.166007153685034e-09
414    2.1588273546528286e-09
415    2.1516974360907073e-09
416    2.144614110339788e-09
417    2.137574150543237e-09
418    2.1305743714833696e-09
419    2.123611713078019e-09
420    2.1166832046478964e-09
421    2.1097864821139854e-09
422    2.1029260911168415e-09
423    2.0961110802112677e-09
424    2.089350404062086e-09
425    2.082652826384972e-09
426    2.076026942636504e-09
427    2.0694811843219828e-09
428    2.063023610025694e-09
429    2.056631022236156e-09
430    2.0502537873807427e-09
431    2.0438916469971637e-09
432    2.0375459166362844e-09
433    2.0312179163436026e-09
434    2.0249089571888123e-09
435    2.018620450243878e-09
436    2.012354087427522e-09
437    2.006111559726237e-09
438    1.9998943977220413e-09
439    1.993703945881826e-09
440    1.9875414582781018e-09
441    1.981408147785604e-09
442    1.9753051719533155e-09
443    1.9692336479194647e-09
444    1.9631946855391065e-09
445    1.957189508892633e-09
446    1.9512193156627154e-09
447    1.945284243155041e-09
448    1.939383459156393e-09
449    1.9335160616132065e-09
450    1.9318568881919296e-09
451    1.925864080956743e-09
452    1.9198893885614234e-09
453    1.913933225007981e-09
454    1.9079961211992226e-09
455    1.9020786909031595e-09
456    1.8961816962545805e-09
457    1.8903059576575193e-09
458    1.8844522793759004e-09
459    1.878621433909105e-09
460    1.872814066075703e-09
461    1.8670306101926966e-09
462    1.8612714193356965e-09
463    1.8555368308117427e-09
464    1.8498272096113694e-09
465    1.844143059990374e-09
466    1.83848491210069e-09
467    1.8325982235785715e-09
468    1.8272096428198678e-09
469    1.8218428744726894e-09
470    1.8164980972243968e-09
471    1.8111754393710378e-09
472    1.8058749617080577e-09
473    1.8005967032777635e-09
474    1.7953406951649477e-09
475    1.7901069650579793e-09
476    1.7848955374687218e-09
477    1.7797064336498253e-09
478    1.7745396999005372e-09
479    1.7693954071641384e-09
480    1.7642736922372304e-09
481    1.7591751192787098e-09
482    1.7541003587898293e-09
483    1.7490500419631881e-09
484    1.744024737604065e-09
485    1.7390249885767873e-09
486    1.7340513312855046e-09
487    1.7291042976909932e-09
488    1.7241844130452587e-09
489    1.7192918818058607e-09
490    1.7144254796897138e-09
491    1.7095836363488946e-09
492    1.7047648470803276e-09
493    1.6999676619977032e-09
494    1.695190667465799e-09
495    1.6904324583578928e-09
496    1.6856916122550117e-09
497    1.6809667378561317e-09
498    1.6762574222759064e-09
499    1.6715677136147559e-09
