100    0.00584634889008936
200    0.0005544031409276239
300    0.00012571805898124695
400    4.2185943078839675e-05
500    1.7858705862433767e-05
600    8.765673887197714e-06
700    4.7774241861189595e-06
800    2.8201651170314115e-06
900    1.770569055107792e-06
1000    1.1672703861350649e-06
1100    8.010628098924545e-07
1200    5.684545205240603e-07
1300    4.149467172996879e-07
1400    3.103095468089938e-07
1500    2.3698268790327768e-07
1600    1.8431302360644604e-07
1700    1.4567780548706348e-07
1800    1.167997709846532e-07
1900    9.48462656542567e-08
2000    7.790558291305009e-08
2100    6.465385667987029e-08
2200    5.416056066873718e-08
2300    4.575710987225823e-08
2400    3.89587476426718e-08
2500    3.3407078593441945e-08
2600    2.8834224148908135e-08
2700    2.503728749954426e-08
2800    2.1861527459118015e-08
2900    1.9194212313026443e-08
3000    1.6927456648144195e-08
3100    1.499503641487698e-08
3200    1.3338495196005731e-08
3300    1.1911081212789102e-08
3400    1.0675097845598607e-08
3500    9.600014856091003e-09
3600    8.660917272311389e-09
3700    7.83731413883595e-09
3800    7.112239410899167e-09
3900    6.471609908722347e-09
4000    5.903664583845146e-09
4100    5.398531503352991e-09
4200    4.947883325078244e-09
4300    4.54467355767164e-09
4400    4.182913545376097e-09
4500    3.8574947381677975e-09
4600    3.564035952551957e-09
4700    3.2987680097887073e-09
4800    3.0584353943232996e-09
4900    2.840218626576862e-09
5000    2.64166820126772e-09
5100    2.4606492717476466e-09
5200    2.295297407695526e-09
5300    2.1439797517800164e-09
5400    2.005262654454607e-09
5500    1.877883534143107e-09
5600    1.7607268121606403e-09
5700    1.6528042758660226e-09
5800    1.5532382242710952e-09
5900    1.4612478444319185e-09
6000    1.3761376358268093e-09
6100    1.2972867281530983e-09
6200    1.2241398643909171e-09
6300    1.1561995638587786e-09
6400    1.0930189427389646e-09
6500    1.0341958289118837e-09
6600    9.79516009384035e-10
6700    9.286320968192681e-10
6800    8.810911441642314e-10
6900    8.366278748501913e-10
7000    7.950016563739015e-10
7100    7.559938557170302e-10
7200    7.19405574638651e-10
7300    6.850556164204721e-10
7400    6.527786280933032e-10
7500    6.22423526049436e-10
7600    5.938521074353373e-10
7700    5.66937788066524e-10
7800    5.415644651080013e-10
7900    5.176255330697086e-10
8000    4.950230278058872e-10
8100    4.736668487421583e-10
8200    4.5347402494199394e-10
8300    4.3436804777067527e-10
8400    4.1627829985782586e-10
8500    3.9913953597027513e-10
8600    3.828914153938463e-10
8700    3.674780754162144e-10
8800    3.528477546254665e-10
8900    3.389524461260934e-10
9000    3.2574758563564734e-10
9100    3.1319176641672597e-10
9200    3.012464855235984e-10
9300    2.8987591443141066e-10
9400    2.7904668479135083e-10
9500    2.6872769338445116e-10
9600    2.588899276601637e-10
9700    2.495063030144863e-10
9800    2.4008182700280116e-10
9900    2.3156420952234832e-10
