18  4.390981981080748e-13
54  4.456713151105021e-13
90  4.572670835837196e-13
126  4.722703485734645e-13
162  4.912159600880324e-13
198  5.164333654358619e-13
234  5.493482131852952e-13
270  5.879610584612618e-13
306  6.275783564282204e-13
342  6.635230751845992e-13
378  6.955905953297156e-13
414  7.278678171243714e-13
450  7.645256272324134e-13
486  8.062729615148525e-13
522  8.497797421259563e-13
558  8.906257962765748e-13
594  9.271174504188474e-13
630  9.619722831929446e-13
666  9.987597070633889e-13
702  1.039364436518249e-12
738  1.082438965031165e-12
774  1.1247879533568125e-12
810  1.1642583380367513e-12
846  1.2014461136398804e-12
882  1.2387218511461646e-12
918  1.2780157413011883e-12
954  1.3194762926067318e-12
990  1.3614292703561284e-12
