0.01   726.6456817474295
0.060000000000000005   350.806857134506
0.11   153.5075054201965
0.16000000000000003   86.2128488323799
0.21000000000000002   56.30409680789385
0.26   38.14691710160335
0.31000000000000005   26.724448620963315
0.36000000000000004   19.830876104556314
0.41000000000000003   15.352556519867848
0.46   12.152167647242015
0.51   9.804041875873832
0.56   8.065294003837996
0.6100000000000001   6.742688297235788
0.66   5.710373762568778
0.7100000000000001   4.891320770162057
0.76   4.232309343860467
0.81   3.6945464993008073
0.8600000000000001   3.250376230519145
0.91   2.879640528702924
0.9600000000000001   2.5674438513011513
1.01   2.3021290759801407
1.06   2.074941464645812
1.11   1.8790764359658578
1.1600000000000001   1.7091653196746206
1.2100000000000002   1.5609259465976129
1.26   1.4308982396278644
1.31   1.316269630888272
1.36   1.2147728283784651
1.4100000000000001   1.1245519966380368
1.4600000000000002   1.0440238743831765
1.51   0.9718391719245854
1.56   0.9068932137326835
1.61   0.8482916524599561
1.6600000000000001   0.7952706830281543
1.7100000000000002   0.7471560961481708
1.76   0.7033628032561648
1.81   0.6633918102262348
1.86   0.6268189705196453
1.9100000000000001   0.593277367536796
1.9600000000000002   0.5624466644323375
2.01   0.534045542430467
2.06   0.5078276491169856
2.11   0.48357681942477426
2.1599999999999997   0.4611028953818306
2.21   0.4402379437841841
2.26   0.4208332074443277
2.31   0.402756567310619
2.36   0.3858903747476348
2.41   0.37012960320458926
2.46   0.3553802438509175
2.51   0.3415578979416497
2.56   0.32858670519803196
2.61   0.3163983541718899
2.66   0.30493114609382005
2.71   0.29412913894141957
2.76   0.2839416612108746
2.81   0.27432276059426375
2.86   0.26523069533202603
2.91   0.2566275197169842
2.96   0.2484786518753528
3.01   0.2407525052352053
3.06   0.23342018365905737
3.11   0.22645514924936652
3.16   0.21983291855617182
3.21   0.21353100034629105
3.26   0.2075287240784262
3.31   0.20180706599854026
3.36   0.19634850323906577
3.41   0.1911368859424543
3.46   0.18615729201314835
3.51   0.18139591380556733
3.56   0.17683995975833494
3.61   0.17247755751113494
3.66   0.16829761186584719
3.71   0.16428978145595616
3.76   0.16044445440402913
3.81   0.15675268753448757
3.86   0.15320615111442343
3.91   0.14979708008122875
3.96   0.14651823425349786
4.01   0.143362851635462
4.06   0.14032460842562422
4.11   0.13739758523353732
4.16   0.13457623630368828
4.21   0.131855359984532
4.26   0.12923004531118346
4.31   0.12669565536321586
4.36   0.12424783507866881
4.41   0.12188249181179596
4.46   0.1195957764367781
4.51   0.1173840660253754
4.56   0.11524394811478245
4.61   0.11317220791275927
4.66   0.11116581392282268
4.71   0.10922190414784103
4.76   0.107337774718697
4.8100000000000005   0.10551086943068717
4.86   0.10373877008227754
4.91   0.10201918750678883
4.96   0.10034994586970339
5.01   0.09872896755379731
5.0600000000000005   0.09715428176541481
5.11   0.095624019965876
5.16   0.09413640949490343
5.21   0.09268976765580787
5.26   0.09128249622450865
5.3100000000000005   0.08991307634951619
5.36   0.0885800644144416
5.41   0.08728208843536947
5.46   0.08601784252613695
5.51   0.08478608283999452
5.5600000000000005   0.08358562401891974
5.61   0.0824153358793653
5.66   0.08127414031655476
5.71   0.08016100841095336
5.76   0.07907495755630721
5.8100000000000005   0.07801504425656804
5.86   0.07698036166381565
5.91   0.07597004302032262
5.96   0.07498325980918936
6.01   0.07401921971518298
6.0600000000000005   0.073077164712319
6.11   0.07215636926922593
6.16   0.07125613866404099
6.21   0.07037580740123134
6.26   0.06951473809317545
6.3100000000000005   0.06867232101850884
6.36   0.06784797162923506
6.41   0.06704112897929528
6.46   0.0662512545698911
6.51   0.06547783126078231
6.5600000000000005   0.06472036224326562
6.61   0.06397837007085154
6.66   0.06325139574394566
6.71   0.06253899784510453
6.76   0.06184075139933565
6.8100000000000005   0.061156245252639324
6.86   0.060485082813340946
6.91   0.05982688233652055
6.96   0.05918127625193184
7.01   0.05854791052425997
7.0600000000000005   0.05792644404716016
7.11   0.05731654806904172
7.16   0.05671790564869965
7.21   0.05613021113902394
7.26   0.05555316969713333
7.3100000000000005   0.05498649688870406
7.36   0.05442991870868727
7.41   0.0538831708320786
7.46   0.053345997949857886
7.51   0.05281815339269935
7.5600000000000005   0.052299398774553134
7.61   0.051789503653465706
7.66   0.05128824520868696
7.71   0.05079540793316961
7.76   0.050310783340622896
7.8100000000000005   0.04983416968633274
7.86   0.04936537170100887
7.91   0.04890420028046128
7.96   0.04845047193525188
8.01   0.04800400880776105
8.06   0.047564638607949745
8.11   0.04713219440072756
8.16   0.04670651440243586
8.21   0.0462874417864149
8.26   0.04587482449719231
8.31   0.04546851507285441
8.36   0.04506837047518876
8.41   0.04467425192720909
8.46   0.04428602475769344
8.51   0.04390355825239215
8.56   0.043526725583171076
8.61   0.04315540396895469
8.66   0.04278947426748465
8.71   0.0424288207220263
8.76   0.042073330843317464
8.81   0.041722895296438155
8.86   0.04137740779229162
8.91   0.041036764983481036
8.96   0.04070086636437829
9.01   0.04036961417519077
9.06   0.040042913309843275
9.11   0.03972067122750063
9.16   0.039402797867566335
9.21   0.03908920556800034
9.26   0.03877980897572279
9.31   0.03847452492683399
9.36   0.03817327241592864
9.41   0.03787597254485447
9.46   0.03758254845528617
9.51   0.037292925263835944
9.56   0.03700702999959892
9.610000000000001   0.03672479154402895
9.66   0.03644614057304353
9.71   0.03617100950126534
9.76   0.03589933242830733
9.81   0.035631045087017525
9.860000000000001   0.03536608479359967
9.91   0.03510439039953323
9.96   0.034845902245216547
10.01   0.03459056215062298
10.06   0.0343383136109343
10.110000000000001   0.03408910159227707
10.16   0.03384287235609619
10.21   0.03359957342076576
10.26   0.03335915352531831
10.31   0.03312156259441082
10.360000000000001   0.032886751704481194
10.41   0.032654673051046294
10.46   0.032425279917098884
10.51   0.03219852664256079
10.56   0.031974368594750585
10.610000000000001   0.03175276213982874
10.66   0.03153366461518127
10.71   0.031317034302707505
10.76   0.03110283040297793
10.81   0.03089101301055449
10.860000000000001   0.030681543102217067
10.91   0.030474382516596028
10.96   0.030269493915219967
11.01   0.030066840759464107
11.06   0.029866387289356377
11.110000000000001   0.029668098503048607
11.16   0.029471940136929158
11.21   0.029277878646354085
11.26   0.02908588118697405
11.31   0.028895915596636214
11.360000000000001   0.028707950377840758
11.41   0.028521954680732108
11.46   0.028337898286606437
11.51   0.02815575159191706
11.56   0.027975485592760994
11.610000000000001   0.0277970718698288
11.66   0.027620482573803413
11.71   0.027445690423083292
11.76   0.027272668813012133
11.81   0.027101391746079024
11.860000000000001   0.026931833730522547
11.91   0.026763969766750592
11.96   0.02659777533556988
