0.01   726.7152038589613
0.060000000000000005   351.4467942616694
0.11   153.82768147769232
0.16000000000000003   86.31434471321488
0.21000000000000002   56.28382601089347
0.26   38.04759952378983
0.31000000000000005   26.57368695091204
0.36000000000000004   19.645828779366404
0.41000000000000003   15.143631388691592
0.46   11.926995900891596
0.51   9.568415526578853
0.56   7.823420719208013
0.6100000000000001   6.497837468101033
0.66   5.4651596814447165
0.7100000000000001   4.647762464887222
0.76   3.991933430560367
0.81   3.4584918991408546
0.8600000000000001   3.019452223882577
0.91   2.654394333790338
0.9600000000000001   2.3481888264908206
1.01   2.089027171437368
1.06   1.8680119272187825
1.11   1.6782420837099914
1.1600000000000001   1.5142774175284273
1.2100000000000002   1.3717812179764861
1.26   1.2472696850198162
1.31   1.1379232855516517
1.36   1.0414510467584275
1.4100000000000001   0.9559747762162835
1.4600000000000002   0.8799377208469317
1.51   0.8120419861859246
1.56   0.7512025249432216
1.61   0.696507990819483
1.6600000000000001   0.6471864585254694
1.7100000000000002   0.6025786900301657
1.76   0.5621206941084177
1.81   0.5253296135994284
1.86   0.49179129800431676
1.9100000000000001   0.46114748151726986
1.9600000000000002   0.43308646730789435
2.01   0.4073358652217494
2.06   0.38365748121317644
2.11   0.36184241012388296
2.1599999999999997   0.34170681834692457
2.21   0.3230885392513029
2.26   0.3058441551362042
2.31   0.28984666739817516
2.36   0.2749832123703011
2.41   0.261153125473668
2.46   0.24826638391573744
2.51   0.23624223932856997
2.56   0.22500819609241965
2.61   0.21449905442457246
2.66   0.2046560515322129
2.71   0.19542611146563443
2.76   0.18676122464261216
2.81   0.17861789018295035
2.86   0.17095663153001972
2.91   0.16374160530561935
2.96   0.15694018114603014
3.01   0.15052258650903264
3.06   0.14446161606813132
3.11   0.1387323545688855
3.16   0.1333119293424662
3.21   0.12817935699317912
3.26   0.12331536819465969
3.31   0.11870224471806301
3.36   0.11432368681343509
3.41   0.11016469717589063
3.46   0.10621143311175842
3.51   0.10245109881084971
3.56   0.09887185331775177
3.61   0.0954627254104327
3.66   0.09221352238123252
3.71   0.08911477636619805
3.76   0.0861576942632583
3.81   0.0833341017469694
3.86   0.08063639249207488
3.91   0.07805748461353
3.96   0.07559078974945979
4.01   0.0732301634113296
4.06   0.07096986518253867
4.11   0.06880452778542219
4.16   0.0667291288495754
4.21   0.0647389647522405
4.26   0.06282962025861652
4.31   0.06099694889429169
4.36   0.059237060382145997
4.41   0.057546302415963736
4.46   0.05592124366324417
4.51   0.054358658153133975
4.56   0.05285551131425223
4.61   0.05140895100883709
4.66   0.05001629293987807
4.71   0.048675006012888884
4.76   0.047382702085717585
4.8100000000000005   0.04613712655752337
4.86   0.044936149663810813
4.91   0.0437777584101984
4.96   0.04266004762744714
5.01   0.04158121164801029
5.0600000000000005   0.040539541080699557
5.11   0.03953341722304529
5.16   0.03856130643828816
5.21   0.03762175493054887
5.26   0.036713383886531115
5.3100000000000005   0.035834884957104816
5.36   0.03498501688725131
5.41   0.03416260266982815
5.46   0.03336652386537155
5.51   0.03259571688702205
5.5600000000000005   0.03184916986163346
5.61   0.031125919695793456
5.66   0.030425049331752045
5.71   0.029745685179471324
5.76   0.029086994677675605
5.8100000000000005   0.028448183079749334
5.86   0.02782849136665862
5.91   0.02722719545641414
5.96   0.02664360438402349
6.01   0.02607705852946472
6.0600000000000005   0.02552692795406508
6.11   0.024992610837833766
6.16   0.02447353201086523
6.21   0.0239691415724505
6.26   0.023478913817656974
6.3100000000000005   0.023002346585040728
6.36   0.022538959367040392
6.41   0.02208829202563104
6.46   0.021649903783667348
6.51   0.0212233722732698
6.5600000000000005   0.02080829263763214
6.61   0.020404276682882066
6.66   0.020010952076863636
6.71   0.019627961591926327
6.76   0.01925496234056234
6.8100000000000005   0.018891624824546836
6.86   0.01853763252468227
6.91   0.01819268144125617
6.96   0.01785647951518125
7.01   0.017528746079250986
7.0600000000000005   0.01720921133823674
7.11   0.01689761587612128
7.16   0.01659371018887699
7.21   0.016297254241300258
7.26   0.01600801704650872
7.3100000000000005   0.015725776270731563
7.36   0.015450317880187806
7.41   0.01518143576154467
7.46   0.014918931364731219
7.51   0.014662613378103193
7.5600000000000005   0.014412297419650314
7.61   0.014167805743272251
7.66   0.01392896695929662
7.71   0.013695615768462389
7.76   0.013467592708639353
7.8100000000000005   0.01324474391359785
7.86   0.013026920883183963
7.91   0.012813980272046943
7.96   0.0126057837225632
8.01   0.012402197630423708
8.06   0.012203092933204696
8.11   0.012008344929664475
8.16   0.011817833107322368
8.21   0.011631440977835191
8.26   0.011449055919774602
8.31   0.011270569028431293
8.36   0.011095874972292918
8.41   0.01092487185586215
8.46   0.010757461088499775
8.51   0.010593547258995698
8.56   0.010433038007917178
8.61   0.010275843881419347
8.66   0.010121878251991545
8.71   0.009971057227003394
8.76   0.009823299547615015
8.81   0.009678526491956383
8.86   0.009536661782380825
8.91   0.009397631496599864
8.96   0.009261363982516526
9.01   0.009127789776584046
9.06   0.008996841525525642
9.11   0.008868453911259596
9.16   0.008742563578882182
9.21   0.008619109067567937
9.26   0.008498030745509104
9.31   0.008379270751202629
9.36   0.008262772927457683
9.41   0.008148482760596602
9.46   0.008036347324127845
9.51   0.007926315224630097
9.56   0.007818336549748717
9.610000000000001   0.00771236281821191
9.66   0.007608346931778102
9.71   0.007506243129030926
9.76   0.007406006940941303
9.81   0.007307595148121234
9.860000000000001   0.0072109657396961365
9.91   0.007116077873727205
9.96   0.007022891839117869
10.01   0.006931369019024022
10.06   0.006841471856093788
10.110000000000001   0.006753163818069835
10.16   0.006666409364717676
10.21   0.006581173916272459
10.26   0.006497423823036807
10.31   0.006415126336080805
10.360000000000001   0.00633424957899878
10.41   0.006254762520680412
10.46   0.006176634949054819
10.51   0.006099837445768667
10.56   0.00602434136176087
10.610000000000001   0.005950118793697995
10.66   0.005877142561236476
10.71   0.005805386185078678
10.76   0.0057348238657919425
10.81   0.005665430463372523
10.860000000000001   0.00559718147796113
10.91   0.005530053030876204
10.96   0.005464021845587568
11.01   0.0053990652298876824
11.06   0.005335161058708282
11.110000000000001   0.005272287757515736
11.16   0.005210424286263147
11.21   0.005149550123878417
11.26   0.005089645253267888
11.31   0.005030690146816247
11.360000000000001   0.0049726657523644574
11.41   0.004915553479647632
11.46   0.004859335187176105
11.51   0.0048039931695433805
11.56   0.00474951014514517
11.610000000000001   0.004695869244294548
11.66   0.004643053997719072
11.71   0.004591048325330725
11.76   0.0045398365244709886
11.81   0.004489403259944766
11.860000000000001   0.004439733554622158
11.91   0.004390812779653078
11.96   0.004342626644977327
