1e-06   1.7007459388952446
1.0186101701559753e-06   1.7007459388952446
1.037566678745185e-06   1.7007459388952446
1.056875971184805e-06   1.7007459388952446
1.0765446128423159e-06   1.7007459388952446
1.09657929126781e-06   1.7007459388952446
1.1169868184678225e-06   1.7007459388952446
1.1377741332214902e-06   1.7007459388952446
1.1589483034398117e-06   1.7007459388952446
1.1805165285688055e-06   1.7007459388952446
1.2024861420374122e-06   1.7007459388952446
1.2248646137509307e-06   1.7007459388952446
1.2476595526308684e-06   1.7007459388952446
1.2708787092020594e-06   1.7007459388952446
1.294529978227916e-06   1.7007459388952446
1.3186214013947485e-06   1.7007459388952446
1.3431611700460154e-06   1.7007459388952446
1.3681576279674705e-06   1.7007459388952446
1.3936192742241435e-06   1.7007459388952446
1.4195547660501015e-06   1.7007459388952446
1.4459729217920196e-06   1.7007459388952446
1.4728827239075018e-06   1.7007459388952446
1.5002933220192168e-06   1.7007459388952446
1.5282140360258708e-06   1.7007459388952446
1.556654359271062e-06   1.7007459388952446
1.5856239617711372e-06   1.7007459388952446
1.6151326935030896e-06   1.7007459388952446
1.6451905877536607e-06   1.7007459388952446
1.6758078645307687e-06   1.7007459388952446
1.7069949340384078e-06   1.7007459388952446
1.7387624002162504e-06   1.7007459388952446
1.7711210643450868e-06   1.7007459388952446
1.804081928719381e-06   1.7007459388952446
1.8376562003881725e-06   1.7007459388952446
1.8718552949655793e-06   1.7007459388952446
1.906690840512252e-06   1.7007459388952446
1.9421746814890245e-06   1.7007459388952446
1.978318882784162e-06   1.7007459388952446
2.0151357338155584e-06   1.7007459388952446
2.0526377527092522e-06   1.7007459388952446
2.09083769055575e-06   1.7007459388952446
2.1297485357455187e-06   1.7007459388952446
2.169383518385182e-06   1.7007459388952446
2.2097561147959033e-06   1.7007459388952446
2.250880052095462e-06   1.7007459388952446
2.2927693128656486e-06   1.7007459388952446
2.335438139906477e-06   1.7007459388952446
2.3789010410788957e-06   1.7007459388952446
2.4231727942376005e-06   1.7007459388952446
2.4682684522556926e-06   1.7007459388952446
2.5142033481427965e-06   1.7007459388952446
2.560993100258457e-06   1.7007459388952446
2.6086536176225505e-06   1.7007459388952446
2.6572011053245066e-06   1.7007459388952446
2.7066520700332412e-06   1.7007459388952446
2.7570233256095828e-06   1.7007459388952446
2.8083319988231696e-06   1.7007459388952446
2.8605955351757447e-06   1.7007459388952446
2.9138317048327886e-06   1.7007459388952446
2.9680586086656025e-06   1.7007459388952446
3.0232946844057763e-06   1.7007459388952446
3.0795587129142233e-06   1.7007459388952446
3.1368698245668796e-06   1.7007459388952446
3.1952475057592136e-06   1.7007459388952446
3.254711605531848e-06   1.7007459388952446
3.3152823423194233e-06   1.7007459388952446
3.376980310825088e-06   1.7007459388952446
3.4398264890229283e-06   1.7007459388952446
3.503842245290676e-06   1.7007459388952446
3.5690493456752295e-06   1.7007459388952446
3.6354699612933177e-06   1.7007459388952446
3.7031266758699232e-06   1.7007459388952446
3.7720424934170015e-06   1.7007459388952446
3.842240846055061e-06   1.7007459388952446
3.913745601980384e-06   1.7007459388952446
3.986581073580439e-06   1.7007459388952446
4.06077202570037e-06   1.7007459388952446
4.136343684063278e-06   1.7007459388952446
4.213321743847289e-06   1.7007459388952446
4.291732378422157e-06   1.7007459388952446
4.371602248248502e-06   1.7007459388952446
4.45295850994266e-06   1.7007459388952446
4.5358288255101905e-06   1.7007459388952446
4.620241371751313e-06   1.7007459388952446
4.706224849841281e-06   1.7007459388952446
4.793808495089107e-06   1.7007459388952446
4.883022086877885e-06   1.7007459388952446
4.973895958790067e-06   1.7007459388952446
5.066461008921268e-06   1.7007459388952446
5.160748710385908e-06   1.7007459388952446
5.2567911220184196e-06   1.7007459388952446
5.354620899273613e-06   1.7007459388952446
5.454271305329836e-06   1.7007459388952446
5.555776222398878e-06   1.7007459388952446
5.659170163246242e-06   1.7007459388952446
5.764488282925873e-06   1.7007459388952446
5.871766390733262e-06   1.7007459388952446
5.981040962380944e-06   1.7007459388952446
6.0923491524007115e-06   1.7007459388952446
6.205728806776501e-06   1.7007459388952446
6.3212184758124485e-06   1.7007459388952446
6.438857427240426e-06   1.7007459388952446
6.558685659571436e-06   1.7007459388952446
6.680743915695614e-06   1.7007459388952446
6.8050736967352065e-06   1.7007459388952446
6.9317172761554005e-06   1.7007459388952446
7.06071771413778e-06   1.7007459388952446
7.1921188722211925e-06   1.7007459388952446
7.32596542821523e-06   1.7007459388952446
7.462302891391107e-06   1.7007459388952446
7.6011776179553225e-06   1.7007459388952446
7.742636826811277e-06   1.7007459388952446
7.886728615614156e-06   1.7007459388952446
8.033501977124734e-06   1.7007459388952446
8.183006815867389e-06   1.7007459388952446
8.335293965098187e-06   1.7007459388952446
8.490415204088755e-06   1.7007459388952446
8.648423275731726e-06   1.7007459388952446
8.809371904473992e-06   1.7007459388952446
8.97331581458352e-06   1.7007459388952446
9.140310748756223e-06   1.7007459388952446
9.310413487069085e-06   1.7007459388952446
9.483681866285928e-06   1.7007459388952446
9.660174799522646e-06   1.7007459388952446
9.839952296278226e-06   1.7007459388952446
1.0023075482838644e-05   1.7007459388952446
1.0209606623060476e-05   1.7007459388952446
1.0399609139541203e-05   1.7059568736956927
1.05931476351837e-05   1.7364332098818738
1.0790287915161837e-05   1.767454025751952
1.099109700929496e-05   1.7990290441543573
1.1195643194838794e-05   1.831168161384358
1.1403996019700332e-05   1.8638814502733771
1.1616226326085018e-05   1.897179163333282
1.183240627458378e-05   1.9310717359564942
1.2052609368708414e-05   1.9655697896730082
1.2276910479883604e-05   2.0006841354652805
1.2505385872903913e-05   2.036425777142027
1.2738113231864785e-05   2.0728059148795164
1.2975171686575869e-05   2.109835952736393
1.3216641839466038e-05   2.1475275037546817
1.346260579298911e-05   2.185892388965095
1.3713147177539455e-05   2.2249426407706765
1.3968351179887397e-05   2.2646905067300347
1.4228304572143519e-05   2.3051484518323306
1.449309574126215e-05   2.346329157871218
1.476281471909391e-05   2.388245531578038
1.5037553212997385e-05   2.430910709988963
1.53174046370208e-05   2.4743380645497886
1.560246414366368e-05   2.5185412059475425
1.5892828656229765e-05   2.5635339963483297
1.618859690178199e-05   2.6093305518348253
1.648986944471065e-05   2.6559452413148104
1.6796748720926532e-05   2.7033926909378985
1.7109339072690134e-05   2.7516877886116298
1.7427746784089175e-05   2.8008456771252006
1.775208011717636e-05   2.850881746990763
1.8082449348779517e-05   2.901811659798616
1.841896680799711e-05   2.953651355497459
1.8761746914391195e-05   3.006417057316127
1.9110906216891358e-05   3.0601252842742412
1.9466563433422632e-05   3.1147928944658845
1.9828839491270713e-05   3.1704370651731737
2.0197857568198782e-05   3.2270752827086615
2.0573743134329116e-05   3.2847253479891183
2.0956623994804308e-05   3.3434053805665176
2.1346630333242455e-05   3.403133784476653
2.17438947560008e-05   3.463929249015746
2.2148552337263592e-05   3.525810793119242
2.256074066496859e-05   3.588797773111366
2.2980599887588487e-05   3.652909888660553
2.3408272761782944e-05   3.7181672052897663
2.3843904700937204e-05   3.7845901945283966
2.4287643824604506e-05   3.8521997036192444
2.4739641008868118e-05   3.9210169535790884
2.5200049937640895e-05   3.991063545925454
2.566902715491952e-05   4.062361466529512
2.614673211801092e-05   4.134933066003113
2.6633327251749808e-05   4.208801077353127
2.7128978003724645e-05   4.283988638428347
2.763385290053167e-05   4.36051929928891
2.8148123605075813e-05   4.438417029713992
2.8671964974937698e-05   4.517706237464411
2.9205555121827452e-05   4.598411782854493
2.9749075472144436e-05   4.680558972041694
3.030271082866393e-05   4.764173563593342
3.0866649433372746e-05   4.84928177658186
3.144108303147265e-05   4.935910296259516
3.2026206936576505e-05   5.024086272792162
3.2622220097116734e-05   5.113837337437351
3.3229325163989684e-05   5.205191614463802
3.384772855945983e-05   5.2981777299386446
3.447764054734464e-05   5.392824820766474
3.511927530450728e-05   5.489162545356628
3.577285099367877e-05   5.587221092757445
3.6438589837635405e-05   5.687031190830273
3.711671819475767e-05   5.788624115816235
3.780746663599349e-05   5.892031702121844
3.8511070023255685e-05   5.997286354117858
3.922776758927724e-05   6.104421058931306
3.9957803018952654e-05   6.213469393325133
4.070142453219439e-05   6.32446553362578
4.145888496832911e-05   6.437444266426991
4.223044187206672e-05   6.552440997084289
4.3016357581067996e-05   6.669491745081825
4.381689931514194e-05   6.788633163834219
4.4632339267103976e-05   6.9099025596370165
4.5462954695323996e-05   7.033337903302561
4.6309028017997366e-05   7.158977842761311
4.7170846909170225e-05   7.286861742674343
4.804870439655134e-05   7.4170297060669075
4.894289896114532e-05   7.549522555960071
4.985373463873894e-05   7.684381846148404
5.0781521123276707e-05   7.8216498743125165
5.172657387216024e-05   7.961369674818027
5.268921421350677e-05   8.103584975954007
5.366976945540476e-05   8.248340266444101
5.466857299720181e-05   8.395680825286846
5.5685964442864085e-05   8.545652735717878
5.672228971644549e-05   8.698302902760606
5.777790117970507e-05   8.853679106481213
5.8853157751914505e-05   9.011830006493467
5.994842503189409e-05   9.172805130971168
6.106407542232036e-05   9.33665489161492
6.220048825634719e-05   9.503430599386155
6.335804992658255e-05   9.673184479033678
6.453715401646702e-05   9.845969683957687
6.573820143409586e-05   10.021840315148463
6.696160054853215e-05   10.200851438365476
6.820776732865692e-05   10.38305910132347
6.94771254846024e-05   10.568520346388958
7.077010661181889e-05   10.757293205085857
7.208715033782135e-05   10.949436731997602
7.342870447166758e-05   11.145011032349764
7.479522515621829e-05   11.344077280650747
7.618717702322999e-05   11.54669773979787
7.76050333513357e-05   11.752935783682915
7.90492762269642e-05   11.962855917133933
8.05203967082547e-05   12.176523792803481
8.201889499202212e-05   12.394006231380564
8.354528058382871e-05   12.615371242291934
8.510007247122246e-05   12.840688031490359
8.668379930019774e-05   13.070026996899283
8.829699955494083e-05   13.303459778963495
8.994022174092053e-05   13.541059289077785
9.161402457138522e-05   13.782899732004067
9.331897715733239e-05   14.02905663581327
9.505565920101191e-05   14.279606935421855
9.682466119303115e-05   14.534628970843304
9.862658461312831e-05   14.794202477663726
0.00010046204213468131   15.058408611513949
0.0001023316578330245   15.327329971745215
0.00010423606739764012   15.601050542408613
0.00010617591834830001   15.879655668074784
0.00010815187025522882   16.16323219045271
0.0001101645949633657   16.45186848478062
0.00011221477682079803   16.745654486635605
0.00011430311291144786   17.044681744868033
0.00011643031329208767   17.349043541392742
0.00011859710123376694   17.658834844586877
0.00012080421346773289   17.974152308090357
0.00012305240043592616   18.295094300579652
0.00012534242654613996   18.62176093172591
0.00012767507043192657   18.954254015959332
0.00013005112521734084   19.29267711142175
0.00013247139878661175   19.637135604202868
0.00013493671405883064   19.98773674196559
0.00013744790926775366   20.3445896662962
0.00014000583824680976   20.707805391395155
0.00014261137071941283   21.07749676376783
0.00014526539259467812   21.453778595003755
0.00014796880626863964   21.836767712166935
0.00015072253093107555   22.226582992659036
0.00015352750287804228   22.623345413564884
0.00015638467583022463   23.027178174545096
0.0001592950212572123   23.43820668559838
0.0001622595287078087   23.8565585643302
0.00016527920614648956   24.282363674223426
0.00016835508029612023   24.71575416035341
0.00017148819698705392   25.156864380256525
0.00017467962151272457   25.605830911832363
0.00017793043899185773   26.062792712731554
0.00018124175473742377   26.5278911689906
0.00018461469463245476   27.001270136719306
0.00018805040551285815   27.483075968994264
0.0001915500555573528   27.973457518591125
0.00019511483468466164   28.472566220511965
0.00019874595495809837   28.98055614753414
0.00020244465099768038   29.497584055233748
0.00020621218039991424   30.023809415135936
0.00021004982416539153   30.559394322019482
0.00021395888713434216   31.10450358144075
0.00021794069843029558   31.65930484834724
0.0002219966119119955   32.22396867670886
0.00022612800663372772   32.79866856749539
0.00023033628731421312   33.38358094269007
0.00023462288481422623   33.978885127562066
0.00023898925662310503   34.584763516029426
0.00024343688735431105   35.20140163563248
0.00024796728925021577   35.82898819963943
0.0002525820026962785   36.467715125345336
0.00025728259674479324   37.117777427254104
0.00026207066964838524   37.77937338387517
0.0002669478494034321   38.452704654387944
0.0002719157943036019   39.13797633409234
0.0002769761935036891   39.8353969990948
0.0002821307675939471   40.54517851901595
0.0002873812691851066   41.2675361007413
0.0002927294835042816   42.00268856928688
0.00029817722900196735   42.75085843564085
0.00030372635797033115   43.512271955549025
0.00030937875717301365   44.28715907704794
0.00031513634848664794   45.075753293195135
0.00032100108955431715   45.8782919396991
0.0003269749744511768   46.69501630598919
0.0003330600343624589   47.526171697052305
0.0003392583382740992   48.372007424667096
0.00034557199367621393   49.23277629465213
0.0003520031472796679   50.10873492710941
0.0003585539857459817   51.00014413328805
0.00036522673643081755   51.907268981261694
0.0003720236681413066   52.830378854227405
0.00037894709190746675   53.76974724950003
0.00038599936176797673   54.7256516995559
0.00039318287557057704   55.69837417356223
0.0004005000757873611   56.68820117117321
0.0004079534503452449   57.695423788047485
0.0004155455334718875   58.720337515198516
0.00042327890655735487   59.76324139401378
0.00043115619903182285   60.82443884582729
0.0004391800892596086   61.90423802873528
0.0004473533054498463   63.002951901400166
0.0004556786265841064   64.12089824381823
0.00046415888336127773   65.2583990839895
0.0004727969591600391   66.41578085463613
0.00048159579101923506   67.59337494378525
0.0004905583706365045   68.79151777112428
0.0004996877453854884   70.01055084767994
0.000508987019351968   71.25082017393743
0.0005184593543892913   72.5126754525828
0.0005281079711934331   73.79647132379286
0.0005379361503980703   75.10256760548582
0.0005479472336900287   76.43132935127048
0.0005581446249454961   77.78312660919599
0.0005685317913873754   79.15833269417925
0.0005791122647641759   80.55732529206034
0.0005898896425508499   81.98048731807668
0.0006008675891719686   83.42820696807406
0.0006120498372476697   84.90087772611383
0.0006234401888627864   86.39889718902154
0.0006350425168595962   87.92266679955362
0.0006468607661546328   89.47259318741395
0.000658898955079995   91.04908828644282
0.0006711611767496279   92.65256937218017
0.0006836516004510238   94.2834582129896
0.0006963744730628222   95.94217891615232
0.0007093341204987997   97.62916012275224
0.0007225349491787215   99.34483562584565
0.0007359814475265764   101.08964439046889
0.0007496781874966877   102.86403030940974
0.0007636298261282241   104.66843946226106
0.000777841107128649   106.50332100247326
0.0007923168624866254   108.36912891787783
0.0008070620141149499   110.26632205639734
0.0008220815755240541   112.1953640978856
0.0008373806535266489   114.15672159927956
0.0008529644499741026   116.15086235360442
0.0008688382635251184   118.17825824589217
0.0008850074914473439   120.2393855497125
0.0009014776314524918   122.33472489419877
0.0009182542835656282   124.46476040571727
0.0009353431520292386   126.62997603281187
0.000952750047242729   128.83085813043965
0.0009704808877380307   131.06789676447482
0.0009885417021919573   133.34158564488376
0.001006938631476027   135.65242187234384
0.0010256779307444219   138.0009022444437
0.0010447659715608043   140.38752309668865
0.0010642092440647246   142.81278342316145
0.001084014359178331   145.27718489896475
0.0011041880508541602   147.781231763052
0.001124737178364752   150.32542901757137
0.0011456687286348715   152.91027936342434
0.0011669898186171474   155.53628652113838
0.0011887076977119032   158.2039557743218
0.0012108297502320393   160.91379381107902
0.0012333634979137759   163.66630800660485
0.0012563166024741202   166.46200200476528
0.0012796968682159415   169.30137754042008
0.001303512244681509   172.18493649667727
0.001327770829355429   175.11318071329396
0.0013524808704178755   178.0866117174238
0.0013776507695490536   181.1057280864763
0.0014032890847858733   184.17102403519064
0.001429404533431761   187.28299215722245
0.0014560059950206486   190.44212340980374
0.0014831025143361043   193.64890684690016
0.001510703304486654   196.90382797422942
0.0015388177500383464   200.20736401847236
0.001567455410205595   203.5599874827984
0.0015966260221014252   206.96216722818195
0.0016263395040481922   210.41436814721942
0.0016566059589499134   213.91705073294648
0.0016874356777273757   217.47066939439125
0.0017188391428171457   221.07567234386454
0.001750827031735725   224.7325022341098
0.001783410220710008   228.44159581099194
0.0018165997883753267   232.20338350855727
0.0018504070195423021   236.01828524661198
0.0018848434090337953   239.8867054763797
0.0019199206655932848   243.80903933674452
0.001955650715865949   247.7856731818695
0.0019920457084538694   251.81698412893843
0.002029118018046678   255.90333852902447
0.0020668802496290823   260.0450854304551
0.0021053452427667063   264.2425598359958
0.0021445260759716677   268.4960848806873
0.0021844360711494263   272.80597132161154
0.0022250887981283695   277.17251659780607
0.0022664980792736927   281.5959926895609
0.0023086779941871695   286.076643154162
0.0023516428844943486   290.6146946045885
0.002395407358720877   295.2103567873574
0.00243998629725955   299.8638219621145
0.0024853948574297983   304.5752587483658
0.0025316484786313555   309.34479859955735
0.002578762887593801   314.172548413367
0.0026267541037238358   319.0585932981309
0.0026756384445520455   324.0029958691959
0.0027254325312810277   329.00579347334155
0.002776153294436801   334.06697691184496
0.002827817979625341   339.18649696257614
0.002880444153396298   344.3642764454825
0.002934049709215787   349.6002096155757
0.0029886528735503827   354.894161193763
0.003044272212064303   360.245952750927
0.003100926635931927   365.65535210644146
0.003158635408267819   371.1220910717474
0.0032174181506763717   376.64586659083596
0.003277294849923382   382.2263398841365
0.003338285864731761   387.8631316173427
0.0034004119327037063   393.5558043709577
0.0034636941773717343   399.3038744826633
0.003528154115380883   405.1068173323639
0.003593813663804626   410.9640664714008
0.0036606951475969024   416.8750116359274
0.0037288213071828336   422.8389769243049
0.003798215306190736   428.85522051050606
0.0038689007393279753   434.9229521234686
0.003940901640403447   441.04133288137876
0.004014242490499322   447.2094744105917
0.00408894822629486   453.4264235003076
0.004165044248545185   459.6911376169576
0.004242556430717777   466.0025135538503
0.004321511127789762   472.3593922273253
0.004401935185208874   478.76055789337585
0.004483855948021186   485.2047323134162
0.004567301270168747   491.6905370223674
0.004652299523960189   498.2165116546961
0.004738879609717651   504.78113263640563
0.0048270709656031835   511.38281266607436
0.004916903577628026   518.0198993886098
0.005008407989848212   524.6906447911504
0.005101615314749833   531.3931920598334
0.005196557243827658   538.1256118347835
0.005293266058360562   544.8859046102349
0.0053917746403875   551.6720003752049
0.005492116483887789   558.4817422806384
0.005594325706169377   565.3128374427288
0.005698437059469142   572.1629018452636
0.005804485942768978   579.0294755550893
0.005912508413831875   585.9100227196856
0.006022541201461928   592.8019261062109
0.006134621717992506   599.702414881496
0.006248788072006894   606.6085816349253
0.006365079081295571   613.5174362119247
0.006483534286054721   620.4259074759145
0.006604193962330305   627.3308436193636
0.006727099135712337   634.2289693158457
0.006852291595284064   641.1168391324024
0.00697981390783066   647.9909133103305
0.007109709432312431   654.8475693627212
0.007242022334607316   661.6831034247074
0.007376797602527731   668.4937093472398
0.00751408106111697   675.2753602359337
0.007653919388230148   682.0238910813396
0.007796360130405229   688.735053772244
0.00794145171902934   695.4045195388959
0.008089243486805939   702.0278772042731
0.00823978568452852   708.6005246464234
0.008393129498166365   715.1176566855479
0.008549327066268375   721.5743836253622
0.008708431497690725   727.9657410027946
0.008870496889654403   734.2866934110112
0.00903557834613893   740.5320691472936
0.009203731996618222   746.6964145131635
0.00937501501514529   752.7741663559889
0.009549485639791966   758.7596982591533
0.009727203192450537   764.647326112707
0.009908228099003798   770.4312905039303
0.010092621909870484   776.1055431047737
0.010280447320933098   781.663845399909
0.010471768194855203   787.09991342897
0.010666649582795389   792.407427317317
0.010865157746525373   797.580036867493
0.011067360180959745   802.6112035175332
0.011273325637104871   807.4940996660173
0.011483124145435111   812.2218608885009
0.011696827039703846   816.7876207528627
0.011914506981197748   821.1845215774952
0.012136237983442417   825.405648036067
0.01236209543736769   829.4437353319237
0.012592156136941509   833.2914376692037
0.012826498305280598   836.9414552511394
0.0130652016212472   840.3865482095124
0.01330834724654076   843.6195348385633
0.01355601785329369   846.6330273127722
0.013808297652180923   849.4194786781335
0.014065272421052363   851.9714459045829
0.014327029534098295   854.2816156943761
0.014593657991557577   856.342821490935
0.014865248449978571   858.1479058882186
0.01514189325304352   859.6895114338967
0.015423686462966274   860.9604214540393
0.01571072389247449   861.9536372082586
0.016003103137387016   862.6623982562587
0.016300923609797412   863.0801682424286
0.016604286571875296   863.2004198507627
0.01691329517029647   863.0167991254287
0.01722805447131392   862.5232732201173
0.01754867149648152   861.714152921481
0.017875255259042353   860.5841129925466
0.018207916800994626   859.1281663098968
0.018546769230846975   857.3416708626022
0.018891927762076644   855.2204096053474
0.019243509752303323   852.7606150393104
0.01960163474319186   849.9589889374028
0.019966424501097934   846.8128053403228
0.0203380030584698   843.3201618608874
0.020716496756020667   839.47974766562
0.021102034285685967   835.2907810361728
0.021494746734379806   830.753022452884
0.02189476762856621   825.8668491194328
0.022302232979659362   820.6340217495157
0.022717281330269026   815.0574260052434
0.023140053801306543   809.1404966027382
0.023570694139967277   802.8872051918447
0.02400934876860652   796.3020667660709
0.02445616683452444   789.391054523939
0.02491130026067791   782.1624212570857
0.025374903797335716   774.6250397919705
0.02584713507469564   766.7881734432999
0.0263281546564802   758.6614566859785
0.026818126094530128   750.2553830912868
0.027317215984413792   741.5837725111057
0.02782559402207126   732.6616924019025
0.028343433061513094   723.5042606815267
0.028870909173592346   714.1266073735171
0.029408201705870607   704.5439712263839
0.029955493343598164   694.774788065705
0.030512970171828708   684.8405798921947
0.031080821738690638   674.7625041500484
0.03165924111983521   664.5611451448511
0.03224842498408439   654.256477643051
0.03284857366030047   643.8693893588893
0.03345989120549975   633.4245682732203
0.03408258547423452   622.9464383113715
0.034716868189265594   612.4582464960716
0.03536295501355039   601.9820502081519
0.036021065623570735   591.5393622045782
0.03669142378402494   581.1567228138474
0.037374257423910644   570.862489720346
0.03806979871402284   560.6831650655837
0.038778284145894536   550.6433985047188
0.03949995461220647   540.7659984796612
0.04023505548869293   531.0693281402982
0.040983836717572615   521.5661288721536
0.04174655289253135   512.2676992963145
0.042523463345286776   503.18433384327466
0.043314832233764027   494.32538168397156
0.0441209286319119   485.70219564740387
0.04494202662119142   477.33840671813647
0.045778405383766166   469.2596234784107
0.046630349297427265   461.48950955001
0.04749814803228505   454.0499748636914
0.04838209664925957   446.95724766654695
0.04928249570040513   440.1942320699829
0.05019965133110079   433.7296801380163
0.051133875384143206   427.53401132095706
0.05208548550577666   421.57925653170656
0.05305480525369574   415.84182320251125
0.05404216420705915   410.30890127318094
0.05504789807854968   404.9702694473245
0.05607234882852027   399.81617813741957
0.05711586478126435   394.8348295043904
0.05817880074344935   389.9911538155967
0.059261518124755524   385.23854176935635
0.06036438506075864   380.5324360974159
0.06148777653810017   375.8302316113267
0.06263207452198692   371.0896588657829
0.06379766808606283   366.2696308048769
0.06498495354469888   361.3313799344584
0.06619433458774387   356.2374183204139
0.06742622241778336   350.94771945570875
0.06868103588995307   345.42397323517633
0.06995920165435375   339.6316033762514
0.07126115430111746   333.5459551598375
0.07258733650817246   327.1527169225253
0.07393819919175873   320.4412777544522
0.07531420165974376   313.41032149755097
0.07671581176779302   306.0754039485161
0.07814350607844542   298.455889365815
0.07959777002314977   290.5782833983046
0.08107909806731695   282.4875995149605
0.08258799387844272   274.23087231896193
0.08412497049736119   265.8585792051463
0.08569055051268347   257.4325360326593
0.0872852662384837   249.011844440654
0.08890965989529168   240.65952145988123
0.09056428379445294   232.44510440761516
0.09224970052592174   224.43216575873245
0.0939664831495469   216.6915942953895
0.09571521538991856   209.29291550780758
0.09749649183484096   202.29532355152693
0.09931091813749801   195.74822024864525
0.10115911122238297   189.69287286803944
0.10304169949505874   184.1625412393266
0.10495932305582266   179.1592700508723
0.10691263391734772   174.66557442524402
0.10890229622637305   170.6605783161481
0.11092898648952228   167.08902612737631
0.11299339380332217   163.88522001493828
0.11509622008850312   160.98070464643345
0.11723818032865997   158.28994470912525
0.11942000281335324   155.7291399761436
0.1216424293857368   153.21163395670715
0.12390621569479156   150.64988337643152
0.1262121314522546   147.96249135219347
0.12856096069432965   145.07540110332943
0.13095350204826678   141.92485749591097
0.13339056900390586   138.47461936217266
0.1358729901902709   134.70521197314477
0.13840160965731302   130.63110690533657
0.14097728716289676   126.29129869719739
0.14360089846512605   121.74644331256481
0.146273335620113   117.07628941898963
0.14899550728528538   112.36967949646278
0.1517683390283404   107.72429483050625
0.15459277364194784   103.23774427418336
0.15746977146430868   99.00723809481794
0.160400310705682   95.11292351747706
0.16338538778098605   91.61748665556578
0.1664260176485902   88.54480134871805
0.16952323415541215   85.88972926864294
0.1726780903884356   83.60644146779244
0.17589165903277326   81.62999738045251
0.17916503273638995   79.8758864771436
0.18249932448161504   78.25353090186292
0.18589566796356882   76.6681115213968
0.18935521797562951   75.02526312149217
0.19287915080207776   73.24160324543045
0.19646866461804446   71.2563421725539
0.2001249798969035   69.0484653831646
0.20384933982524642   66.63596417446995
0.20764301072557748   64.07510049765597
0.21150728248687947   61.4446657328191
0.21544346900318823   58.832822086975995
0.21945290862033115   56.32721364800811
0.22353696459097966   54.004503395797315
0.227697025538168   51.9178291509237
0.23193450592744275   50.08955961374683
0.23625084654779452   48.50852006444138
0.24064751500154216   47.134277793377315
0.24512600620333397   45.90445182743867
0.24968784288843268   44.74116367961607
0.25433457613046484   43.562931142807116
0.25906778586880064   42.30407364776426
0.2638890814457513   40.934235317962845
0.26880010215376077   39.462896593126615
0.27380251779278575   37.92655525945451
0.27889802923804397   36.37513147760338
0.2840883690183301   34.86592796041771
0.2893753019050953   33.45590665033033
0.2947606255124859   32.1846504783207
0.30024617090855493   31.058900254088115
0.30583380323784315   30.054357074154254
0.3115254223555485   29.130449017253927
0.317322963473498   28.241524777870307
0.32322839781813806   27.34364655073433
0.3292437333007769   26.407153641631208
0.3353710152002929   25.429998343781094
0.3416123268585525   24.43564758806472
0.3479697903887695   23.457672119655715
0.3544455673970436   22.52762934725335
0.3610418597173337   21.667939594770694
0.3677609101601031   20.8837008079556
0.37460500327489893   20.160350708307654
0.38157646612712526   19.473470860987234
0.38867766908926676   18.79921686674257
0.39591102664684585   18.120097100218022
0.4032789982193705   17.43356716457064
0.41078408899656427   16.753534116617587
0.41842885079015846   16.09655697801754
0.4262158829015325   15.474316287490351
0.43414783300550924   14.893506679418909
0.4422273980505897   14.348017564232896
0.4504573251759454   13.82403124649796
0.45884041264547615   13.312440615919355
0.46737951079924633   12.807007117367663
0.4760775230226368   12.309227094842468
0.4849374067335233   11.828355999401461
0.4939621743878316   11.369153795159807
0.5031548945038057   10.933423136444178
0.5125186927053332   10.518622232962773
0.5220567527846975   10.117857584515942
0.5317723177850967   9.728115974031866
0.5416686911033146   9.348275657406147
0.5517492376129128   8.980978781282246
0.5620173848083188   8.629054945163796
0.5724766239702178   8.292246357647839
0.5831305113526218   7.969560261663242
0.593982669392035   7.65776157142937
0.6050367879391224   7.356327789981583
0.6162966255132942   7.064818529221954
0.62776601058065   6.784789307721311
0.6394488428556937   6.515834360376846
0.6513490946272796   6.257725003803401
0.6634708121092351   6.008886101353799
0.675818116816111   5.769164176935117
0.6883952069645496   5.5380665152864115
0.7012063589007177   5.31617676096692
0.7142559285543119   5.102764823791128
0.7275483529196233   4.89773607732347
0.741088151564157   4.700268457523492
0.7548799281653431   4.510342958926389
0.7689283720758305   4.327798601230485
0.7832382599179204   4.15226417830585
0.7978144572076629   3.9836463445286854
0.8126619200091946   3.8214173182341447
0.8277856966198472   3.665483676758413
0.8431909292866251   3.515719862106309
0.8588828559546259   3.3717341612999583
0.8748668120479914   3.2334100114374413
0.8911482322840202   3.100478981661365
0.9077326525210223   2.9728219526341233
0.9246257116405734   2.8502227853921505
0.941833153464796   2.732475156436027
0.9593608287093147   2.6193852262934088
0.9772146969725725   2.5107794983784575
0.9954008287621519   2.4064932522083295
1.0139254075588142   2.3063670404416157
1.0327947319189525   2.2102462109800145
1.052015217616159   2.1179782820134565
1.0715933998226712   2.02941478897127
1.0915359353313911   1.9444127583184991
1.1118496048192699   1.8628346312550266
1.1325413151528128   1.7845502778012818
1.1536181017364786   1.709436304982324
1.1750871309048077   1.6373734276504905
1.1969557023590427   1.5682462507140813
1.2192312516491095   1.5019412680203175
1.2419213527017847   1.4383454716597994
1.265033720395904   1.3773499937889608
1.288576213185518   1.3188503732708932
1.3125568357718427   1.2627472767637973
1.3369837418249453   1.2089486934763927
1.3618652367560828   1.1573665792513612
1.387209780541621   1.1079158191897647
1.4130259905995337   1.0605138776190737
1.4393226447194065   1.0150787546254578
1.466108684046983   0.9715304827146165
1.4933932161242534   0.9297923177247365
1.521185517986105   0.8897906773756883
1.5494950393146316   0.8514562532008827
1.5783314056521165   0.8147235962972003
1.607704421673822   0.7795296205260351
1.637624074521689   0.74581347010553
1.6681005372000592   0.7135157313082264
1.699144172034626   0.682577881380264
1.730765534195724   0.6529436462015129
1.762975375287204   0.6245590734152733
1.7957846470020968   0.5973727099406994
1.8292045048462937   0.5713362257553459
1.8632463119315599   0.5464033553792623
1.8979216428390995   0.5225295479383727
1.9332422875550432   0.49967186442052597
1.9692202554791736   0.4777885873148009
2.005867779508234   0.4568394375035776
2.0431973201952704   0.43678573854301783
2.081221569986337   0.4175903538203045
2.119953457536069   0.39921755506702905
2.1594061521035677   0.3816329831748554
2.1995930680300746   0.3648036746002023
2.2405278693000183   0.3486980106751011
2.2822244741868962   0.3332858062867321
2.3246970599856454   0.31853835344577036
2.3679600678330788   0.30442809274228455
2.412028207618007   0.2909285398267238
2.45691646298279   0.27801418883410867
2.5026400964179167   0.2656603231801131
2.5492146544514207   0.25384318688047036
2.5966559729348724   0.2425400060599881
2.64498018242772   0.23172895352105097
2.6942037136818824   0.22138913970454863
2.7443433032283626   0.21150055287134023
2.7954159990678593   0.2020440054766354
2.8474391664672476   0.19300110424502784
2.9004304938639915   0.1843542784687065
2.95440799888038   0.17608673504081931
3.009390034449718   0.16818236254782068
3.06539529505653   0.16062570224412023
3.122442823092858   0.1534018669455326
3.18055201533292   0.14649647977070018
3.2397426295281955   0.13989576207509619
3.300034791125282   0.13358652143418057
3.3614490001087685   0.12755615031611492
3.4240061379714257   0.12179266287928092
3.4877274748141778   0.11628458987205713
3.552634676578139   0.11102093469060231
3.6187498124112767   0.10599114808127866
3.6860953621721615   0.10118506157174972
3.754694224073337   0.09659290996322678
3.824569722466999   0.09220534621068362
3.895745615775501   0.08801342538888098
3.9682461045694777   0.08400861448029896
4.0420958397963105   0.08018276954095344
4.1173199311616795   0.07652809036996742
4.193943955667186   0.07303710534955409
4.271993966306777   0.06970264682725623
4.3514965009250455   0.0665178308871864
4.4324785912404   0.06347606754837742
4.514967772036102   0.06057105103388049
4.598992090522438   0.057796751182677644
4.684580115873045   0.055147410734525414
4.771760948938741   0.05261752228302271
4.8605642321421385   0.05020181448092388
4.951020159556351   0.04789524126116351
5.0431594871713585   0.04569296532371991
5.137013543351339   0.043590354932170484
5.232614239486656   0.04158297984216879
5.329994080844093   0.0396666030083728
5.429186177618943   0.03783717717243359
5.5302242561929   0.03609083577553001
5.633142670601352   0.03442388003849994
5.737976414214128   0.032832771666036834
5.844761131633637   0.031314122267817594
5.95353313081437   0.029864684376684554
6.064329395408062   0.0284813528091715
6.177187597338488   0.02716115939208598
6.2921461096103375   0.025901269184444194
6.409244019356457   0.024698980373884308
6.528521141127848   0.023551711139698738
6.650018030431118   0.02245699238027563
6.7737759975177445   0.02141246209105932
6.899837121430012   0.02041585471920704
7.028244264308353   0.019465001751623582
7.159041085964888   0.01855783141715476
7.2922720587283125   0.017692364625446502
7.427982482564911   0.016866714268196605
7.566218500481047   0.01607908045636345
7.707027114212304   0.01532774300958413
7.850456200204509   0.014611057864398463
7.996554525892346   0.013927452827184257
8.145371766280737   0.01327542380227111
8.296958520834915   0.012653533702589662
8.451366330684722   0.012060409738455803
8.608647696149244   0.011494740597128773
8.768856094587427   0.010955273765223763
8.932045998580959   0.01044081309517532
9.098272894455567   0.009950216207864284
9.267593301146883   0.009482392031224147
9.440064789417603   0.009036298540879199
9.615746001432095   0.008610940598621506
9.794696670695386   0.008205367883939337
9.976977642363211   0.007818672914701896
10.162650893929952   0.007449989153262832
10.351779556301762   0.0070984891943954185
10.544427935261684   0.006763383031619926
10.740661533334324   0.0064439163986008225
10.940547072057436   0.0061393691455952125
11.144152514667882   0.005849053657457019
11.35154708920999   0.005572313509888063
11.562801312073754   0.005308522101156675
11.777987011971181   0.005057081320705882
11.997177354358856   0.004817420276003299
12.220446866314887   0.004588994075144989
12.447871461879062   0.004371282662828542
12.679528467864339   0.004163789707410365
12.915496650148826   0.003966041536856733
13.155856240457052   0.0037775861214898883
13.400688963639507   0.0035979921007302674
13.650078065460137   0.003426847827969442
13.904108340900697   0.0032637604821355317
14.162866162991973   0.003108355253124662
14.426439512181588   0.002960274530948423
14.694918006248173   0.0028191771286645187
14.968392930772556   0.002684737539788115
15.24695727017573   0.002556645228685448
15.530705739334584   0.0024346039525147242
15.819734815786015   0.002318331113340225
16.114142772530197   0.0022075571391042383
16.414029711444666   0.002102024892196964
16.719497597319883   0.002001489101174479
17.030650292528428   0.0019057157975272871
17.347593592339326   0.0018144818189145704
17.670435260889466   0.0017275743319195946
17.999285067824765   0.0016447903607231212
18.33425482562289   0.001565936336823264
18.675458427610742   0.0014908276690024423
19.023011886689456   0.0014192883326473171
19.377033374779888   0.0013511504775661667
19.737643263002553   0.001286254053485044
20.104964162604972   0.0012244464524398338
20.479120966650832   0.0011655821673135405
20.86024089248505   0.001109522461267015
21.24845352498883   0.0010561350480054448
21.643890860640205   0.001005293808368788
22.046687352394077   0.0009568785093339261
22.456979955397717   0.000910774532709625
22.874908173557042   0.0008668726161628897
23.300614106969245   0.000825068606024908
23.73424250023866   0.0007852632213490808
24.175940791691282   0.0007473618287169347
24.625859163505442   0.000711274227309767
25.084150592775412   0.0006769144437852247
25.55097090352507   0.0006442005362742008
26.026478819690045   0.0006130543989584584
26.510836019085364   0.0005834015834834732
27.0042071883777   0.0005551711409821247
27.506760079080674   0.0005282954601210245
28.018665564591952   0.0005027101117897507
28.540097698292374   0.0004783537009322756
29.071233772725755   0.0004551677251964847
29.612254379880376   0.0004330964400920108
30.163343472591972   0.00041208673036056373
30.724688427090037   0.0003920879872761754
31.296480106707506   0.00037305199160547574
31.878912926776426   0.0003549328019701778
32.47218492073132   0.00033768664836557853
33.07649780744242   0.00032127183059992736
33.69205705980267   0.0003056486214300786
34.31907197459043   0.0002907791741789849
34.95775574363272   0.0002766274346302193
35.608325526292816   0.0002631590570039454
36.271002523306485   0.00025034132382762157
36.94601205199302   0.0002381430695230605
37.63358362286532   0.000226534607539641
38.333951017665974   0.00021548766087106652
39.04735236885564   0.0002055874433995291
39.774030240580366   0.0002055874433995291
40.51423171114647   0.0002055874433995291
41.268208457029516   0.0002055874433995291
42.036216838447096   0.0002055874433995291
42.81851798652416   0.0002055874433995291
43.615377892080055   0.0002055874433995291
44.42706749606883   0.0002055874433995291
45.25386278170167   0.0002055874433995291
46.09604486828429   0.0002055874433995291
46.95390010680063   0.0002055874433995291
47.827720177274855   0.0002055874433995291
48.71780218794631   0.0002055874433995291
49.624448776289135   0.0002055874433995291
50.547968211912355   0.0002055874433995291
51.48867450137497   0.0002055874433995291
52.44688749495119   0.0002055874433995291
53.42293299538352   0.0002055874433995291
54.41714286865888   0.0002055874433995291
55.429855156846635   0.0002055874433995291
56.461414193036724   0.0002055874433995291
57.51217071841614   0.0002055874433995291
58.58248200152536   0.0002055874433995291
59.67271195973311   0.0002055874433995291
60.78323128297224   0.0002055874433995291
61.91441755977848   0.0002055874433995291
63.066655405674055   0.0002055874433995291
64.2403365939419   0.0002055874433995291
65.4358601888323   0.0002055874433995291
66.65363268124906   0.0002055874433995291
67.89406812696113   0.0002055874433995291
69.15758828738525   0.0002055874433995291
70.44462277299037   0.0002055874433995291
71.75560918936921   0.0002055874433995291
73.09099328602903   0.0002055874433995291
74.45122910795143   0.0002055874433995291
75.8367791499719   0.0002055874433995291
77.248114514034   0.0002055874433995291
78.68571506936844   0.0002055874433995291
80.15006961565398   0.0002055874433995291
81.64167604921472   0.0002055874433995291
83.16104153230961   0.0002055874433995291
84.70868266557402   0.0002055874433995291
86.28512566366886   0.0002055874433995291
87.89090653419963   0.0002055874433995291
89.526571259964   0.0002055874433995291
91.19267598459298   0.0002055874433995291
92.88978720164498   0.0002055874433995291
94.61848194721992   0.0002055874433995291
96.37934799615796   0.0002055874433995291
98.17298406188841   0.0002055874433995291
100.0   0.0002055874433995291
