10  5.214806240330907e-14
11  5.2132700230056655e-14
12  5.2117313882561703e-14
13  5.210190567376904e-14
14  5.20865003957152e-14
15  5.207112055510279e-14
16  5.205580246403992e-14
17  5.204024792845508e-14
18  5.2024895185510863e-14
19  5.20094869963679e-14
20  5.19940049358363e-14
21  5.1978615897882725e-14
22  5.19632511392485e-14
23  5.1947723453059487e-14
24  5.1932372370836685e-14
25  5.191684813240974e-14
26  5.1901468921442037e-14
27  5.188593834178163e-14
28  5.1870536931337864e-14
29  5.185507150767613e-14
30  5.183954646569106e-14
31  5.182413459097211e-14
32  5.1808775090217297e-14
33  5.179325806594541e-14
34  5.177757173302585e-14
35  5.1762185678406554e-14
36  5.1746717574825654e-14
37  5.1731156705314027e-14
38  5.1715629289811275e-14
39  5.170013261278028e-14
40  5.168460285833124e-14
41  5.166919485141896e-14
42  5.165357482426375e-14
43  5.1638051718036625e-14
44  5.1622555350291734e-14
45  5.1606910149922486e-14
46  5.159135266570084e-14
47  5.1575873561543534e-14
48  5.1560364068755426e-14
49  5.154473675801742e-14
50  5.1529165129745545e-14
51  5.151364572849616e-14
52  5.149807802188766e-14
53  5.148243837136152e-14
54  5.1466796415615625e-14
55  5.145119257347721e-14
56  5.143566513618684e-14
57  5.1420100669454246e-14
58  5.1404482724610565e-14
59  5.1388820154197796e-14
60  5.1373193489376046e-14
61  5.1357608110131574e-14
62  5.134198661407738e-14
63  5.132637708474743e-14
64  5.1310712509812324e-14
65  5.129504640705241e-14
66  5.127939039823048e-14
67  5.1263719306395576e-14
68  5.124802079088992e-14
69  5.123238522807711e-14
70  5.121674126795239e-14
71  5.12010667497964e-14
72  5.1185450484017466e-14
73  5.116972473619417e-14
74  5.115408726426664e-14
75  5.113832596047716e-14
76  5.112264888886799e-14
77  5.110691895313712e-14
78  5.1091227251744454e-14
79  5.107554401383127e-14
80  5.105980388353607e-14
81  5.104413111381088e-14
82  5.1028393242661885e-14
83  5.1012664118384705e-14
84  5.0996949073976546e-14
85  5.0981161401938736e-14
86  5.096544531256323e-14
87  5.094967401652057e-14
88  5.093382625636232e-14
89  5.091809973629839e-14
90  5.0902331707156113e-14
91  5.088651139045985e-14
92  5.0870747823367417e-14
93  5.08549965634593e-14
94  5.083921437044874e-14
95  5.0823410682033554e-14
96  5.080763174914293e-14
97  5.079185473921016e-14
98  5.0776048047666956e-14
99  5.076019861532462e-14
100  5.074439181911568e-14
101  5.07286079362427e-14
102  5.071277544322122e-14
103  5.069691675321823e-14
104  5.068106618409672e-14
105  5.066519532932401e-14
106  5.0649392379485495e-14
107  5.06335467637723e-14
108  5.061770362148606e-14
109  5.0601799917666806e-14
110  5.05859358289984e-14
111  5.057010505142105e-14
112  5.055425455108378e-14
113  5.053833228077634e-14
114  5.052246344878789e-14
115  5.0506568625281405e-14
116  5.0490708959038347e-14
117  5.047478612694529e-14
118  5.045888853965046e-14
119  5.044298193214397e-14
120  5.042706695957003e-14
121  5.0411150628490763e-14
122  5.039523800197914e-14
123  5.0379304349681044e-14
124  5.036336299863646e-14
125  5.034744094444497e-14
126  5.0331499016888206e-14
127  5.0315518832721016e-14
128  5.029960455323187e-14
129  5.028359729079885e-14
130  5.0267623059801225e-14
131  5.025163786128752e-14
132  5.02356779578268e-14
133  5.021973361494265e-14
134  5.020369381316745e-14
135  5.018768631201772e-14
136  5.01716954255881e-14
137  5.0155690549337066e-14
138  5.013968408185028e-14
139  5.012367583199571e-14
140  5.010764816312227e-14
141  5.009165579273902e-14
142  5.007560677064025e-14
143  5.005957409602987e-14
144  5.004352431324897e-14
145  5.002746757111296e-14
146  5.001144669486067e-14
147  4.99953777711516e-14
148  4.997933176206633e-14
149  4.996320765643319e-14
150  4.9947206921772756e-14
151  4.9931138828557293e-14
152  4.9915030725173617e-14
153  4.989895905202965e-14
154  4.988284735194139e-14
155  4.986676461696762e-14
156  4.9850657691278614e-14
157  4.9834578412623507e-14
158  4.9818464989427094e-14
159  4.980234490910314e-14
160  4.978622844214396e-14
161  4.977010471186449e-14
162  4.975396351655425e-14
163  4.973774741980815e-14
164  4.9721648927706914e-14
165  4.9705523606296853e-14
166  4.968932952439183e-14
167  4.967313583829279e-14
168  4.9656994161450234e-14
169  4.964079595317163e-14
170  4.962455840625269e-14
171  4.96084240718563e-14
172  4.959224445844559e-14
173  4.957599597494143e-14
174  4.9559837105443715e-14
175  4.954355031798728e-14
176  4.9527358576619104e-14
177  4.95111330785944e-14
178  4.9494897410184126e-14
179  4.9478680891541696e-14
180  4.946244640791791e-14
181  4.9446169131372984e-14
182  4.942984158632973e-14
183  4.9413643516903647e-14
184  4.9397340971906425e-14
185  4.938108823623908e-14
186  4.936474656159426e-14
187  4.934850651308996e-14
188  4.933222043567711e-14
189  4.9315923467251074e-14
190  4.9299593569645326e-14
191  4.9283268124774266e-14
192  4.926698015345795e-14
193  4.925058657179231e-14
194  4.923428922472692e-14
195  4.921798143768578e-14
196  4.920161233021613e-14
197  4.9185240027249536e-14
198  4.916885116477266e-14
199  4.915256221083373e-14
200  4.913610206034445e-14
201  4.9119699211058846e-14
202  4.910336318183077e-14
203  4.908694190758924e-14
204  4.9070550383477644e-14
205  4.905414716981338e-14
206  4.903772004799901e-14
207  4.9021305334203466e-14
208  4.9004859512314004e-14
209  4.89884647485459e-14
210  4.897201138740419e-14
211  4.89555486799142e-14
212  4.8939086632061583e-14
213  4.892264524199427e-14
214  4.8906152118208505e-14
215  4.8889700429566485e-14
216  4.8873209036418446e-14
217  4.885668063108018e-14
218  4.884018869151459e-14
219  4.8823688445670413e-14
220  4.8807137336158036e-14
221  4.8790596032120756e-14
222  4.8774097760875475e-14
223  4.875754506349081e-14
224  4.874094594662648e-14
225  4.8724474975742485e-14
226  4.8707930788742445e-14
227  4.8691330790875895e-14
228  4.867480364272548e-14
229  4.8658167127477865e-14
230  4.86415716607303e-14
231  4.8625010439815784e-14
232  4.8608431417196946e-14
233  4.8591799909447984e-14
234  4.8575192897932235e-14
235  4.855851342140034e-14
236  4.854192291555963e-14
237  4.85253121888623e-14
238  4.85086081134372e-14
239  4.849197811842998e-14
240  4.847533958048574e-14
241  4.8458639493098425e-14
242  4.8441903512345876e-14
243  4.842522946304653e-14
244  4.840859948315564e-14
245  4.8391887545065036e-14
246  4.8375180974045575e-14
247  4.835843831962922e-14
248  4.8341696788523345e-14
249  4.8324980678560255e-14
250  4.83082507511642e-14
251  4.829149794445779e-14
252  4.8274786006855134e-14
253  4.82579714241174e-14
254  4.824117880318004e-14
255  4.8224473759337083e-14
256  4.820766996521967e-14
257  4.8190903434134967e-14
258  4.817412233571683e-14
259  4.815729258779477e-14
260  4.8140515358341946e-14
261  4.8123686380709505e-14
262  4.810682317257402e-14
263  4.8090017628228204e-14
264  4.8073174282314714e-14
265  4.8056367054271015e-14
266  4.8039483671262224e-14
267  4.8022645825062354e-14
268  4.8005779973591e-14
269  4.7988874532383235e-14
270  4.797207680090109e-14
271  4.7955201870207634e-14
272  4.793827116471932e-14
273  4.792137988811216e-14
274  4.7904429885623197e-14
275  4.788752682096234e-14
276  4.787064831772373e-14
277  4.785369906455853e-14
278  4.7836788158152865e-14
279  4.7819811363771286e-14
280  4.7802875384217943e-14
281  4.7785954547444566e-14
282  4.776900431441872e-14
283  4.7752084811317556e-14
284  4.773506428848831e-14
285  4.77181292575411e-14
286  4.7701158805186604e-14
287  4.768412756007258e-14
288  4.766715545672759e-14
289  4.765011168598722e-14
290  4.7633206545400146e-14
291  4.7616163022459476e-14
292  4.759914389753634e-14
293  4.758212906919963e-14
294  4.756515665348487e-14
295  4.754805425210391e-14
296  4.753106411486472e-14
297  4.7514014396926163e-14
298  4.749695132025919e-14
299  4.747991572511834e-14
