10  8.850352301164726e-14
11  8.848309849093404e-14
12  8.846536468722207e-14
13  8.844615657307934e-14
14  8.842693463995054e-14
15  8.840938835756125e-14
16  8.839069583267352e-14
17  8.837240959879226e-14
18  8.835205448436556e-14
19  8.83350766957159e-14
20  8.831620226984211e-14
21  8.829679590538676e-14
22  8.827847368487912e-14
23  8.825878649557664e-14
24  8.824014013937004e-14
25  8.822085899477809e-14
26  8.820309208213244e-14
27  8.818423980598681e-14
28  8.816423719737157e-14
29  8.814629120101361e-14
30  8.81270073979645e-14
31  8.810873748654449e-14
32  8.809012196822493e-14
33  8.80707889142168e-14
34  8.805197615426463e-14
35  8.803374459653548e-14
36  8.801568340178606e-14
37  8.799695302266207e-14
38  8.797810378404364e-14
39  8.795930855373534e-14
40  8.794036993375835e-14
41  8.792196975946836e-14
42  8.79031751292007e-14
43  8.788395314023272e-14
44  8.786497152214131e-14
45  8.784586759537932e-14
46  8.782783023917628e-14
47  8.780865763307658e-14
48  8.778958628556745e-14
49  8.77703206084623e-14
50  8.775176522636837e-14
51  8.773334291464066e-14
52  8.77148025909862e-14
53  8.769590518712029e-14
54  8.767717406638592e-14
55  8.765812487225901e-14
56  8.764030234678334e-14
57  8.762113844541489e-14
58  8.76030300822091e-14
59  8.758422921590171e-14
60  8.756525737688578e-14
61  8.754690666060612e-14
62  8.752764099470363e-14
63  8.750898224696642e-14
64  8.748964571769903e-14
65  8.747140218754077e-14
66  8.745267213922009e-14
67  8.743313390599565e-14
68  8.741505702288071e-14
69  8.739502393803017e-14
70  8.737706751979286e-14
71  8.735838727395394e-14
72  8.733930351210432e-14
73  8.732116053556906e-14
74  8.730226196104234e-14
75  8.728332139688261e-14
76  8.72651145655775e-14
77  8.724587393397723e-14
78  8.722722369374836e-14
79  8.720960936578731e-14
80  8.719009663595799e-14
81  8.717157196264416e-14
82  8.715242950105892e-14
83  8.713403657553412e-14
84  8.711544536730293e-14
85  8.709632926895299e-14
86  8.707751397652807e-14
87  8.705833871659889e-14
88  8.703993042168512e-14
89  8.702062620593168e-14
90  8.700210753624132e-14
91  8.698406883910877e-14
92  8.69641704587807e-14
93  8.69458966644127e-14
94  8.692741438159875e-14
95  8.690815143890881e-14
96  8.688938984124888e-14
97  8.68711049590282e-14
98  8.685289881624478e-14
99  8.683391100327106e-14
100  8.681444506523192e-14
101  8.67961240942786e-14
102  8.677774471281969e-14
103  8.67583051537832e-14
104  8.673953423687894e-14
105  8.672151658069412e-14
106  8.670253782555334e-14
107  8.668336070997985e-14
108  8.666465806414222e-14
109  8.664599423564702e-14
110  8.662661999672539e-14
111  8.660873980676125e-14
112  8.658979175507067e-14
113  8.657086507529871e-14
114  8.655204107121074e-14
115  8.653322205533356e-14
116  8.651441671942956e-14
117  8.649579310190778e-14
118  8.647742729620949e-14
119  8.645829301817482e-14
120  8.643967646676397e-14
121  8.64207889294421e-14
122  8.640290134733685e-14
123  8.638412209815701e-14
124  8.63646940984154e-14
125  8.634602688109798e-14
126  8.632697194321494e-14
127  8.630856276109844e-14
128  8.628943322741792e-14
129  8.627084890028987e-14
130  8.625230716764249e-14
131  8.623254335085579e-14
132  8.621448181313644e-14
133  8.619649781500606e-14
134  8.617675064574822e-14
135  8.615831995576166e-14
136  8.613917907880433e-14
137  8.612078115209835e-14
138  8.61020129226498e-14
139  8.608225296551608e-14
140  8.606474810047341e-14
141  8.604648391798197e-14
142  8.602772474501195e-14
143  8.600784378839877e-14
144  8.598949060720174e-14
145  8.597128781876664e-14
146  8.59518396964785e-14
147  8.59335245758212e-14
148  8.591430684255534e-14
149  8.58951333218177e-14
150  8.5876964501766e-14
151  8.585899511501555e-14
152  8.584006354492463e-14
153  8.582091021139233e-14
154  8.580190196924438e-14
155  8.578349448105063e-14
156  8.576459378162776e-14
157  8.574518109405867e-14
158  8.572741487170528e-14
159  8.57083505887879e-14
160  8.568950425243923e-14
161  8.567111382567796e-14
162  8.565224850462443e-14
163  8.563298440015252e-14
164  8.561400346559451e-14
165  8.559587095765704e-14
166  8.557690682569538e-14
167  8.555812073827525e-14
168  8.554000077021736e-14
169  8.552097280525764e-14
170  8.550178090959551e-14
171  8.548299398836971e-14
172  8.546381704514494e-14
173  8.544571784471642e-14
174  8.542649200229105e-14
175  8.54078205750637e-14
176  8.539028478010846e-14
177  8.537124829835291e-14
178  8.535206439375065e-14
179  8.533308872632949e-14
180  8.531493107130561e-14
181  8.529536508886309e-14
182  8.52770656252945e-14
183  8.525837162601375e-14
184  8.523943386727958e-14
185  8.522051913900275e-14
186  8.520199924480851e-14
187  8.518337348146372e-14
188  8.516408628695147e-14
189  8.514597794457266e-14
190  8.512675064781355e-14
191  8.510930416398376e-14
192  8.508858452409096e-14
193  8.507045637011415e-14
194  8.505229760378638e-14
195  8.503315098681637e-14
196  8.501551068480335e-14
197  8.499571515559419e-14
198  8.497715211561938e-14
199  8.495879722317305e-14
200  8.493985808497976e-14
201  8.492054916288375e-14
202  8.490168092887759e-14
203  8.488316243123638e-14
204  8.486487039012992e-14
205  8.484573403082839e-14
206  8.482627165710863e-14
207  8.48085170168563e-14
208  8.478910019741432e-14
209  8.477059719684157e-14
210  8.475202324268904e-14
211  8.473307536741997e-14
212  8.471469791219825e-14
213  8.469615106226581e-14
214  8.467733204377079e-14
215  8.465875445566546e-14
216  8.463996806990994e-14
217  8.4619854937137e-14
218  8.460217423043466e-14
219  8.45844362240952e-14
220  8.456490297856894e-14
221  8.454561786787035e-14
222  8.45279401208426e-14
223  8.45081033579109e-14
224  8.448979353771577e-14
225  8.447132995445722e-14
226  8.44529378785802e-14
227  8.443317837353904e-14
228  8.441510965158633e-14
229  8.439546689602926e-14
230  8.437668380713909e-14
231  8.435838208113534e-14
232  8.433951074201787e-14
233  8.4322182067831e-14
234  8.430224537489138e-14
235  8.428296324364394e-14
236  8.426512196307917e-14
237  8.424620416127573e-14
238  8.422775319662842e-14
239  8.420778938947339e-14
240  8.418969742298043e-14
241  8.417111931965988e-14
242  8.415247942029645e-14
243  8.413320653570535e-14
244  8.411436121742492e-14
245  8.40959245057494e-14
246  8.407730279971847e-14
247  8.405848006859428e-14
248  8.40403197290302e-14
249  8.402144747808135e-14
250  8.40028325955131e-14
251  8.398434487668466e-14
252  8.396502003764586e-14
253  8.394644379886415e-14
254  8.392778258272237e-14
255  8.390842606459737e-14
256  8.388953398947801e-14
257  8.387186033572104e-14
258  8.385316186793121e-14
259  8.383261803681368e-14
260  8.381533291966086e-14
261  8.379620297231165e-14
262  8.377786127710707e-14
263  8.37589602067095e-14
264  8.373908996859558e-14
265  8.372179755669179e-14
266  8.370318983305e-14
267  8.368354284975459e-14
268  8.366463608021825e-14
269  8.364633671218227e-14
270  8.36268437350839e-14
271  8.360989339370201e-14
272  8.358992527813332e-14
273  8.357070725648994e-14
274  8.355238340126672e-14
275  8.353328513134638e-14
276  8.351491351084251e-14
277  8.349697643693337e-14
278  8.347689844295902e-14
279  8.345955651212707e-14
280  8.344038821090438e-14
281  8.342110892934064e-14
282  8.340295323985743e-14
283  8.338413156906346e-14
284  8.336620999931123e-14
285  8.334650186968316e-14
286  8.332726837065659e-14
287  8.330937279280438e-14
288  8.329025472769971e-14
289  8.327053178258573e-14
290  8.325330334864964e-14
291  8.323443325442594e-14
292  8.321458123165237e-14
293  8.319691519636051e-14
294  8.31781023983064e-14
295  8.315966689025412e-14
296  8.314094898047641e-14
297  8.312189361802346e-14
298  8.310278296547282e-14
299  8.308413783644412e-14
300  8.306499079170594e-14
301  8.3046028605407e-14
302  8.302827295039414e-14
303  8.300938531954246e-14
304  8.299077291791976e-14
305  8.297167949098241e-14
306  8.295318103844508e-14
307  8.293449658118164e-14
308  8.291577767467763e-14
309  8.289668021771316e-14
310  8.287834189386608e-14
311  8.285997308225341e-14
312  8.284134693103347e-14
313  8.282184529060525e-14
314  8.280277027225232e-14
315  8.278535446214616e-14
316  8.276565646552571e-14
317  8.274698700205267e-14
318  8.272780250322771e-14
319  8.271004747920225e-14
320  8.269076952280919e-14
321  8.267203135941084e-14
322  8.265333623046646e-14
323  8.263520279112594e-14
324  8.26154456920929e-14
325  8.25978688092476e-14
326  8.257819133489545e-14
327  8.255951322766843e-14
328  8.25413467472652e-14
329  8.252240475351462e-14
330  8.250372194286216e-14
331  8.2485476328466e-14
332  8.246621548505471e-14
333  8.244771001703557e-14
334  8.242955300372689e-14
335  8.240959206918006e-14
336  8.239157270846068e-14
337  8.237272220867078e-14
338  8.235468318631261e-14
339  8.233501370511081e-14
340  8.231649151374659e-14
341  8.229798826108804e-14
342  8.227897059728687e-14
343  8.226031983892565e-14
344  8.224102368178389e-14
345  8.222248989333574e-14
346  8.220408352284677e-14
347  8.218485765930406e-14
348  8.216671997787861e-14
349  8.214774940972824e-14
350  8.212969282675285e-14
351  8.211027368036166e-14
352  8.209222969524858e-14
353  8.207368113919377e-14
354  8.205435237010675e-14
355  8.203481207937695e-14
356  8.20172907261354e-14
357  8.199857053755445e-14
358  8.197972189422138e-14
359  8.196101199510923e-14
360  8.194159439202217e-14
361  8.192374544557527e-14
362  8.190401907528423e-14
363  8.188681135898349e-14
364  8.186757685868761e-14
365  8.184821825543052e-14
366  8.182977244218493e-14
367  8.181164319214216e-14
368  8.179223853207253e-14
369  8.177390149123903e-14
370  8.175469481266433e-14
371  8.173556789021925e-14
372  8.171700542121254e-14
373  8.169732426633697e-14
374  8.168024799895486e-14
375  8.166213994410357e-14
376  8.164270776771973e-14
377  8.162353275222924e-14
378  8.160544715901433e-14
379  8.158630799961677e-14
380  8.156797622103614e-14
381  8.15493777286172e-14
382  8.153146015095718e-14
383  8.151177630153657e-14
384  8.149186088246633e-14
385  8.147419611206357e-14
386  8.145625493941966e-14
387  8.143741064308863e-14
388  8.141837335937066e-14
389  8.139876885949381e-14
390  8.138134080859224e-14
391  8.136177482445344e-14
392  8.134377431135521e-14
393  8.13237551914442e-14
394  8.130512007783576e-14
395  8.128733144415592e-14
396  8.12682410921638e-14
397  8.124922284828386e-14
398  8.123138475023501e-14
399  8.121260201563763e-14
400  8.11939786468777e-14
401  8.117548006729145e-14
402  8.115594207968562e-14
403  8.113762741942543e-14
404  8.111879603848531e-14
405  8.110084781815393e-14
406  8.10811035618095e-14
407  8.1062657010453e-14
408  8.104441632161367e-14
409  8.102510869875466e-14
410  8.100687479001881e-14
411  8.098783544947883e-14
412  8.096914700803988e-14
413  8.095113367243387e-14
414  8.093214844847322e-14
415  8.091310034682923e-14
416  8.089404006401088e-14
417  8.087538596922071e-14
418  8.085793121022538e-14
419  8.08378763908205e-14
420  8.081925482426454e-14
421  8.080099396777655e-14
422  8.078259304478667e-14
423  8.076411442208357e-14
424  8.074515777058391e-14
425  8.0726324111611e-14
426  8.070647948098353e-14
427  8.068856063151456e-14
428  8.066989035963486e-14
429  8.065153295224395e-14
430  8.063304662218189e-14
431  8.061406616762683e-14
432  8.059608379084984e-14
433  8.05768904747998e-14
434  8.05572421044106e-14
435  8.053983974096132e-14
436  8.052023449281468e-14
437  8.050198665538137e-14
438  8.048249828658202e-14
439  8.046498865156271e-14
440  8.04458952026101e-14
441  8.042709146140697e-14
442  8.040768877343086e-14
443  8.038992159384128e-14
444  8.037143344406176e-14
445  8.0352033973479e-14
446  8.033298627407125e-14
447  8.03148128990927e-14
448  8.02969911296743e-14
449  8.027768234544975e-14
450  8.025912187501791e-14
451  8.023980289999042e-14
452  8.022176699710002e-14
453  8.02032960098866e-14
454  8.018366331151712e-14
455  8.016704353231863e-14
456  8.014743660201035e-14
457  8.01289504294432e-14
458  8.010956884317476e-14
459  8.00915723459114e-14
460  8.007116333607521e-14
461  8.005277837051733e-14
462  8.003370434037599e-14
463  8.001581691811735e-14
464  7.999768491688967e-14
465  7.997834442740558e-14
466  7.995954873052493e-14
467  7.994141953699297e-14
468  7.992268992234615e-14
469  7.990417891771761e-14
470  7.988524200010476e-14
471  7.986536578508943e-14
472  7.98483894838256e-14
473  7.982960175389608e-14
474  7.981027488257427e-14
475  7.979203058626287e-14
476  7.977336416006057e-14
477  7.97554697054194e-14
478  7.973566644739414e-14
479  7.971691909682125e-14
480  7.969825871226639e-14
481  7.967995513894312e-14
482  7.96628014381446e-14
483  7.964276348835688e-14
484  7.962377677521416e-14
485  7.960511172695377e-14
486  7.9586560538936e-14
487  7.956819130617115e-14
488  7.954939912690765e-14
489  7.953047995264486e-14
490  7.951177942101645e-14
491  7.949309029357414e-14
492  7.947380737167272e-14
493  7.945611150531225e-14
494  7.9437841363741e-14
495  7.941807402764166e-14
496  7.939995455354508e-14
497  7.938016217162513e-14
498  7.936254537352963e-14
499  7.934383835049855e-14
500  7.932490891024744e-14
501  7.93066996187332e-14
502  7.9288427841939e-14
503  7.92691753197992e-14
504  7.9250926058164e-14
505  7.923214731167545e-14
506  7.921356478045752e-14
507  7.919451740455578e-14
508  7.9176285255182e-14
509  7.915731717856448e-14
510  7.913827773468572e-14
511  7.912044874028981e-14
512  7.910082202467235e-14
513  7.908236983152894e-14
514  7.906497305077251e-14
515  7.904568208167357e-14
516  7.902613805878427e-14
517  7.900779763115992e-14
518  7.898935949742468e-14
519  7.897086151236272e-14
520  7.89517984860654e-14
521  7.893324516560209e-14
522  7.891432392849451e-14
523  7.88951135873624e-14
524  7.887740617973411e-14
525  7.885907663024595e-14
526  7.884040678019843e-14
527  7.88221848791661e-14
528  7.88022793877875e-14
529  7.878444114689505e-14
530  7.876649269435535e-14
531  7.874713378229165e-14
532  7.872728068482458e-14
533  7.870953897899593e-14
534  7.869005434781371e-14
535  7.86724179792569e-14
536  7.865337967008355e-14
537  7.863440229565781e-14
538  7.86164456701189e-14
539  7.859726292051068e-14
540  7.857900964381281e-14
541  7.856023365309056e-14
542  7.85425866419776e-14
543  7.852289091003524e-14
544  7.850470728574026e-14
545  7.8484808618239e-14
546  7.846679150780849e-14
547  7.844853243479904e-14
548  7.843018295845251e-14
549  7.841128502994976e-14
550  7.839240609404082e-14
551  7.837428581443806e-14
552  7.835611221273127e-14
553  7.833713251968529e-14
554  7.831813891090739e-14
555  7.829976637686792e-14
556  7.828097751453539e-14
557  7.82616430613151e-14
558  7.82431409647503e-14
559  7.822452626855557e-14
560  7.82072197763324e-14
561  7.818788987363989e-14
562  7.816845872140727e-14
563  7.815079466935564e-14
564  7.813137201259422e-14
565  7.811235730812276e-14
566  7.809383879258921e-14
567  7.807578533812313e-14
568  7.805673822523759e-14
569  7.803801773384773e-14
570  7.801912608085907e-14
571  7.800128913269964e-14
572  7.798208883683573e-14
573  7.796398047115592e-14
574  7.7945870745063e-14
575  7.792750634232327e-14
576  7.790813765230476e-14
577  7.788926067392649e-14
578  7.787059024737593e-14
579  7.785232504336071e-14
580  7.783370086041177e-14
581  7.781510402275254e-14
582  7.779682374185731e-14
583  7.777804719526855e-14
584  7.775932696995211e-14
585  7.773986515387999e-14
586  7.772211096639449e-14
587  7.770349167433825e-14
588  7.76851630541481e-14
589  7.766598011425363e-14
590  7.764714619759807e-14
591  7.762819425957237e-14
592  7.760947379005482e-14
593  7.759255017558935e-14
594  7.75727927342587e-14
595  7.75547209273199e-14
596  7.75361779241371e-14
597  7.751738869499639e-14
598  7.749746237434517e-14
599  7.74791091306334e-14
600  7.746125528809424e-14
601  7.744266676471133e-14
602  7.742409070092988e-14
603  7.740500993044152e-14
604  7.738741675475773e-14
605  7.736881028960519e-14
606  7.73496776591547e-14
607  7.733177469642661e-14
608  7.731281499310133e-14
609  7.729362296568232e-14
610  7.727590416272569e-14
611  7.725768498533875e-14
612  7.7238334748938e-14
613  7.721850398017767e-14
614  7.720126395211738e-14
615  7.718121718054952e-14
616  7.716302961115449e-14
617  7.714527046677344e-14
618  7.712594650736713e-14
619  7.710680594219578e-14
620  7.708909859610537e-14
621  7.707026823630858e-14
622  7.705229407482866e-14
623  7.703475602057225e-14
624  7.701503569992748e-14
625  7.699638504360269e-14
626  7.697725575560404e-14
627  7.695968101742198e-14
628  7.694073268209862e-14
629  7.692181002273282e-14
630  7.690370440396776e-14
631  7.688487783789253e-14
632  7.686559439319111e-14
633  7.684651722044964e-14
634  7.682910734177925e-14
635  7.681027659531935e-14
636  7.679176298396865e-14
637  7.677313307772194e-14
638  7.675450372915169e-14
639  7.673668028047103e-14
640  7.671683164627105e-14
641  7.669951628458787e-14
642  7.668064859363318e-14
643  7.666211045261544e-14
644  7.664250361691282e-14
645  7.662456819184902e-14
646  7.660536311130795e-14
647  7.658629171403184e-14
648  7.656873521499075e-14
649  7.654946597264971e-14
650  7.653111195993785e-14
651  7.651250225455964e-14
652  7.64941541611799e-14
653  7.647500394930851e-14
654  7.645703025486733e-14
655  7.643896423443436e-14
656  7.641975209670609e-14
657  7.640163151122196e-14
658  7.638258449493753e-14
659  7.636419062753892e-14
660  7.634524783063517e-14
661  7.632712452074829e-14
662  7.630860772744991e-14
663  7.629028013699757e-14
664  7.627179012532351e-14
665  7.62524809039963e-14
666  7.623360364114923e-14
667  7.621557614152078e-14
668  7.61969851236748e-14
669  7.617847887828655e-14
670  7.615987286917487e-14
671  7.614109108029082e-14
672  7.612271841563607e-14
673  7.610445767807705e-14
674  7.608578870636757e-14
675  7.606727859020754e-14
676  7.604921885382964e-14
677  7.60305602250127e-14
678  7.601111903866855e-14
679  7.599337941678215e-14
680  7.59744850256266e-14
681  7.595520647742607e-14
682  7.593775111300563e-14
683  7.591906448483758e-14
684  7.590050865282198e-14
685  7.588187242880995e-14
686  7.586294761366046e-14
687  7.584425990783968e-14
688  7.582551985534705e-14
689  7.580663764592365e-14
690  7.578825135941808e-14
691  7.577043785255562e-14
692  7.575203509460232e-14
693  7.573318941797619e-14
694  7.571436710725266e-14
695  7.56964255609428e-14
696  7.567724897829827e-14
697  7.565846448465227e-14
698  7.564094059237744e-14
699  7.562249502420096e-14
700  7.560352151599405e-14
701  7.558453638990891e-14
702  7.556521151093448e-14
703  7.554730678945712e-14
704  7.552981941931189e-14
705  7.551021416222971e-14
706  7.549246918027795e-14
707  7.54730360848388e-14
708  7.545521318036104e-14
709  7.543605556135861e-14
710  7.541698591767252e-14
711  7.539928129709024e-14
712  7.538110821444972e-14
713  7.536256784201838e-14
714  7.534350263830623e-14
715  7.532487326756539e-14
716  7.53063237687588e-14
717  7.528780871360423e-14
718  7.526998139971325e-14
719  7.525093648239815e-14
720  7.523283118238782e-14
721  7.521410391226468e-14
722  7.519544432304893e-14
723  7.517677333431402e-14
724  7.515851791796592e-14
725  7.51402329316791e-14
726  7.512266232412615e-14
727  7.510285015301697e-14
728  7.508472033804672e-14
729  7.506548227339932e-14
730  7.504677530827071e-14
731  7.50284321933195e-14
732  7.500972649274474e-14
733  7.499187052863383e-14
734  7.497274007076433e-14
735  7.495409934824008e-14
736  7.493631915639235e-14
737  7.491795487898993e-14
738  7.48988439268419e-14
739  7.488067214787897e-14
740  7.486187972205302e-14
741  7.48435947055231e-14
742  7.48252139684786e-14
743  7.480577379899317e-14
744  7.478787323750577e-14
745  7.476902812950216e-14
746  7.475061368335136e-14
747  7.473305772968642e-14
748  7.471355862569862e-14
749  7.469498746851695e-14
750  7.467792181494426e-14
751  7.465818163325266e-14
752  7.463987294253426e-14
753  7.462159728292355e-14
754  7.460394771023212e-14
755  7.458455021935158e-14
756  7.456600180390077e-14
757  7.454709576125093e-14
758  7.452920651208901e-14
759  7.45109886998674e-14
760  7.449097945818104e-14
761  7.447251082299603e-14
762  7.445563112919011e-14
763  7.443569784907584e-14
764  7.441755080077561e-14
765  7.439901187353362e-14
766  7.438119028813143e-14
767  7.4362408274342e-14
768  7.434316589197077e-14
769  7.432488322311482e-14
770  7.430733000334569e-14
771  7.42889115416229e-14
772  7.42699082746764e-14
773  7.425116079136648e-14
774  7.42328975830847e-14
775  7.421517887715178e-14
776  7.419664813648403e-14
777  7.417747489518968e-14
778  7.415898732064343e-14
779  7.414110287398034e-14
780  7.412270724522583e-14
781  7.41033885363771e-14
782  7.408453106248779e-14
783  7.406686394603101e-14
784  7.404870553881317e-14
785  7.402978066275657e-14
786  7.401100915578602e-14
787  7.399225587786672e-14
788  7.39743409904584e-14
789  7.395496132407866e-14
790  7.393759121866455e-14
791  7.391811883944028e-14
792  7.38997365056169e-14
793  7.388163724522165e-14
794  7.386341737633845e-14
795  7.384534814503898e-14
796  7.38252517847725e-14
797  7.380808080865337e-14
798  7.37897672577106e-14
799  7.377175886922263e-14
800  7.375267454511912e-14
801  7.373419541949458e-14
802  7.371543214544684e-14
803  7.369794259342803e-14
804  7.367868039046621e-14
805  7.366078649881231e-14
806  7.3641953704689e-14
807  7.362349059780927e-14
808  7.360519971996256e-14
809  7.358645559537971e-14
810  7.356729156327598e-14
811  7.354905832260996e-14
812  7.353068730688256e-14
813  7.351252947518147e-14
814  7.34937538701599e-14
815  7.34758572504512e-14
816  7.345829051296442e-14
817  7.343853014728365e-14
818  7.342057907371966e-14
819  7.340205787183767e-14
820  7.338327372014276e-14
821  7.336442431464093e-14
822  7.334607444454282e-14
823  7.332714040900541e-14
824  7.330933476518908e-14
825  7.32912019688491e-14
826  7.327248781788314e-14
827  7.3254362734535e-14
828  7.323646275970027e-14
829  7.321773222023967e-14
830  7.319948086866816e-14
831  7.318145990546729e-14
832  7.316251317724669e-14
833  7.314353482315759e-14
834  7.312573246085845e-14
835  7.310709921831446e-14
836  7.308916966575233e-14
837  7.306980578999814e-14
838  7.305094052344282e-14
839  7.30326988617151e-14
840  7.30146730311365e-14
841  7.299571666196064e-14
842  7.297799923155859e-14
843  7.29593069779339e-14
844  7.294069115534094e-14
845  7.292298152776672e-14
846  7.290391365660473e-14
847  7.288547804614713e-14
848  7.286724518581252e-14
849  7.284857507988393e-14
850  7.283022110330994e-14
851  7.281176966325259e-14
852  7.27927842317905e-14
853  7.277445940671109e-14
854  7.275601986933832e-14
855  7.273856602475912e-14
856  7.271949906557016e-14
857  7.270097669120965e-14
858  7.268321884748635e-14
859  7.266485106096959e-14
860  7.264690665331558e-14
861  7.262754209083624e-14
862  7.26094475350269e-14
863  7.259039487534122e-14
864  7.25724125379212e-14
865  7.255519373620907e-14
866  7.253569896149817e-14
867  7.251735774705183e-14
868  7.249819343819134e-14
869  7.24804286339207e-14
870  7.246150035666938e-14
871  7.244292997824577e-14
872  7.242539983070306e-14
873  7.240707103200388e-14
874  7.238881579415424e-14
875  7.236968484102851e-14
876  7.235119035740862e-14
877  7.233284843165133e-14
878  7.231486333319476e-14
879  7.229765877891343e-14
880  7.227861314174864e-14
881  7.225945910791477e-14
882  7.224164346513194e-14
883  7.222277622623392e-14
884  7.220407184795136e-14
885  7.218540668968471e-14
886  7.216800956828716e-14
887  7.214886276248637e-14
888  7.213146946823364e-14
889  7.211273338610036e-14
890  7.209401594928413e-14
891  7.207586978248991e-14
892  7.205702393983231e-14
893  7.203898352902058e-14
894  7.202036191015682e-14
895  7.200232523823854e-14
896  7.198531364930767e-14
897  7.196598070408566e-14
898  7.19477686531599e-14
899  7.192881740523341e-14
900  7.191010067990811e-14
901  7.189194360902346e-14
902  7.187342819185769e-14
903  7.185605400218887e-14
904  7.183638688424274e-14
905  7.181812231631978e-14
906  7.180010677560065e-14
907  7.178220736057305e-14
908  7.176334002795553e-14
909  7.174540342771972e-14
910  7.172755690691408e-14
911  7.170863522715431e-14
912  7.168905095734395e-14
913  7.167213006346736e-14
914  7.165297572309385e-14
915  7.163449232250937e-14
916  7.161556976881378e-14
917  7.159760462877514e-14
918  7.158012856295808e-14
919  7.156237670983567e-14
920  7.154334110692702e-14
921  7.152495324993281e-14
922  7.150692845578704e-14
923  7.14889228033559e-14
924  7.146910852468142e-14
925  7.14514380690533e-14
926  7.143336751607021e-14
927  7.141439637503856e-14
928  7.139671746920093e-14
929  7.137778778254774e-14
930  7.135864551195689e-14
931  7.134170745682403e-14
932  7.132291683173438e-14
933  7.130538923669964e-14
934  7.1286692291495e-14
935  7.126847465966178e-14
936  7.124956731846962e-14
937  7.123088117607169e-14
938  7.121212129070482e-14
939  7.119392141475399e-14
940  7.117570795597723e-14
941  7.115814408718653e-14
942  7.113956364341136e-14
943  7.112058650497214e-14
944  7.110319823902281e-14
945  7.108513238577767e-14
946  7.106669299768826e-14
947  7.104742408233414e-14
948  7.102949480160904e-14
949  7.101063877404734e-14
950  7.099277569217695e-14
951  7.097480205229214e-14
952  7.095624621746673e-14
953  7.093832741832406e-14
954  7.091927035382787e-14
955  7.090182941635734e-14
956  7.088270279266112e-14
957  7.086459734314984e-14
958  7.084675438251644e-14
959  7.082885761044614e-14
960  7.080976663378364e-14
961  7.079129945650581e-14
962  7.077347214518104e-14
963  7.075503070868882e-14
964  7.07367979163514e-14
965  7.071822209658179e-14
966  7.070049221513569e-14
967  7.068135145128908e-14
968  7.06636902812447e-14
969  7.064511288378819e-14
970  7.062614904690845e-14
971  7.060868224595802e-14
972  7.059096480472366e-14
973  7.057186207672861e-14
974  7.05537104660836e-14
975  7.053486233489118e-14
976  7.051747700241618e-14
977  7.04984113677208e-14
978  7.048030207185882e-14
979  7.046216505313708e-14
980  7.044418482031576e-14
981  7.042574426961406e-14
982  7.040628770119462e-14
983  7.038858081586197e-14
984  7.037118481844575e-14
985  7.035267149585368e-14
986  7.033414066319398e-14
987  7.031637301957291e-14
988  7.029716958503435e-14
989  7.02800956666227e-14
990  7.026091411973213e-14
991  7.024292428653723e-14
992  7.022444797400347e-14
993  7.020567182034534e-14
994  7.018760330212851e-14
995  7.017020964396153e-14
996  7.015231466145348e-14
997  7.01335624220675e-14
998  7.011460485253452e-14
999  7.009625835239542e-14
1000  7.007846907988602e-14
1001  7.005991595354813e-14
1002  7.004179442096915e-14
1003  7.002391281213018e-14
1004  7.000562697222035e-14
1005  6.998764471800401e-14
1006  6.996813159632783e-14
1007  6.995074455713725e-14
1008  6.993185268753834e-14
1009  6.991402597253989e-14
1010  6.989498169655363e-14
1011  6.987820136892204e-14
1012  6.985922687397007e-14
1013  6.984128201859786e-14
1014  6.982271410118724e-14
1015  6.980489349144762e-14
1016  6.978629894730154e-14
1017  6.976801962838451e-14
1018  6.975017314262008e-14
1019  6.973169636357322e-14
1020  6.971414137571324e-14
1021  6.969530729180879e-14
1022  6.967747358564512e-14
1023  6.965947018713608e-14
1024  6.964038668321424e-14
1025  6.962240859700688e-14
1026  6.96045993196856e-14
1027  6.958630187363483e-14
1028  6.956712215959422e-14
1029  6.95495507866864e-14
1030  6.953096904675305e-14
1031  6.951298532374562e-14
1032  6.949336700195646e-14
1033  6.947598023737582e-14
1034  6.945831339570608e-14
1035  6.94393656526101e-14
1036  6.942117946218966e-14
1037  6.940392037691529e-14
1038  6.93855742615178e-14
1039  6.936635478213191e-14
1040  6.934865128579349e-14
1041  6.932999912694083e-14
1042  6.931256106802529e-14
1043  6.929233228805044e-14
1044  6.927658630719728e-14
1045  6.92578192563589e-14
1046  6.924056322260559e-14
1047  6.922127459709751e-14
1048  6.920371794578139e-14
1049  6.918551063078066e-14
1050  6.916696462804447e-14
1051  6.914834999746672e-14
1052  6.913105376253661e-14
1053  6.911252101523066e-14
1054  6.90940313941054e-14
1055  6.907584234354705e-14
1056  6.905702203040909e-14
1057  6.903976977368288e-14
1058  6.902162472690448e-14
1059  6.900246529432397e-14
1060  6.898479943823759e-14
1061  6.896644261826234e-14
1062  6.894879877795694e-14
1063  6.893017427926067e-14
1064  6.891165453648265e-14
1065  6.889382863926138e-14
1066  6.887541279150225e-14
1067  6.885732752746597e-14
1068  6.883905064927073e-14
1069  6.882130441330543e-14
1070  6.880231475383233e-14
1071  6.878467676839143e-14
1072  6.8766369931424e-14
1073  6.874880498817165e-14
1074  6.872903776829918e-14
1075  6.87114956806811e-14
1076  6.869388609420217e-14
1077  6.867599356465124e-14
1078  6.865704196664231e-14
1079  6.86399315736377e-14
1080  6.862164199705098e-14
1081  6.860367277351566e-14
1082  6.858466311099851e-14
1083  6.856656870403818e-14
1084  6.85492930701418e-14
1085  6.853055845674279e-14
1086  6.85118929772583e-14
1087  6.849367623905546e-14
1088  6.847594658891431e-14
1089  6.845730423995614e-14
1090  6.843912239563928e-14
1091  6.842160557569002e-14
1092  6.840379993192994e-14
1093  6.83850723393202e-14
1094  6.836648081499948e-14
1095  6.834891665433937e-14
1096  6.833113641305389e-14
1097  6.831200183130042e-14
1098  6.829390596038156e-14
1099  6.827602062089136e-14
1100  6.825779792800697e-14
1101  6.824026850194391e-14
1102  6.822254599573255e-14
1103  6.820350488716145e-14
1104  6.818556320303266e-14
1105  6.816744226806868e-14
1106  6.815000780500423e-14
1107  6.813086064163709e-14
1108  6.811309788634276e-14
1109  6.809541005790874e-14
1110  6.807744810337082e-14
1111  6.805883526406242e-14
1112  6.804108982123951e-14
1113  6.802255522257013e-14
1114  6.800444461416017e-14
1115  6.798655526861466e-14
1116  6.796758925400802e-14
1117  6.795058816314055e-14
1118  6.793145268986947e-14
1119  6.791408745758841e-14
1120  6.789573975198231e-14
1121  6.787750453276071e-14
1122  6.78588213268771e-14
1123  6.784053280768226e-14
1124  6.782251485222095e-14
1125  6.780442337881562e-14
1126  6.77876994272322e-14
1127  6.776904292098865e-14
1128  6.77512987316247e-14
1129  6.773314814596642e-14
1130  6.771480872862908e-14
1131  6.769564436297303e-14
1132  6.767832787154162e-14
1133  6.765882886535231e-14
1134  6.764206988431955e-14
1135  6.762380302484374e-14
1136  6.760560833709079e-14
1137  6.758724094260835e-14
1138  6.756975070976402e-14
1139  6.755068168929772e-14
1140  6.753367583107734e-14
1141  6.751510663437273e-14
1142  6.749779146163081e-14
1143  6.748008304351282e-14
1144  6.746243950105189e-14
1145  6.744308125512808e-14
1146  6.742550258433344e-14
1147  6.740737528963246e-14
1148  6.738882792551052e-14
1149  6.737099315470843e-14
1150  6.735262268988366e-14
1151  6.73353595871329e-14
1152  6.731703587845701e-14
1153  6.729904365086664e-14
1154  6.728004617905693e-14
1155  6.726310990918112e-14
1156  6.724496734186914e-14
1157  6.722630123613723e-14
1158  6.720819814606496e-14
1159  6.71908012211943e-14
1160  6.717266698113005e-14
1161  6.715416267443564e-14
1162  6.713646963377137e-14
1163  6.711796819273153e-14
1164  6.710001208369612e-14
1165  6.708124178885884e-14
1166  6.706427350280136e-14
1167  6.704487539204644e-14
1168  6.702739177466043e-14
1169  6.700883749065204e-14
1170  6.699146448284145e-14
1171  6.697313811722147e-14
1172  6.695534959787976e-14
1173  6.693767839912087e-14
1174  6.691922791156986e-14
1175  6.689998820957594e-14
1176  6.688372932624595e-14
1177  6.686542308767065e-14
1178  6.684815414099169e-14
1179  6.682966874184602e-14
1180  6.681086963831214e-14
1181  6.679296330815593e-14
1182  6.677466568041692e-14
1183  6.675618348811389e-14
1184  6.673867745276802e-14
1185  6.672127903304101e-14
1186  6.670277139586715e-14
1187  6.668538530372564e-14
1188  6.666699917274672e-14
1189  6.664912526560553e-14
1190  6.663134648954967e-14
1191  6.661313982979808e-14
1192  6.659518265156857e-14
1193  6.657771643685587e-14
1194  6.656017435788652e-14
1195  6.654077407038267e-14
1196  6.652359808221797e-14
1197  6.650463534762183e-14
1198  6.64868680177636e-14
1199  6.646915633896018e-14
1200  6.645160420471858e-14
1201  6.643340069346466e-14
1202  6.641554330331496e-14
1203  6.639757768347463e-14
1204  6.637968100746621e-14
1205  6.63612301945044e-14
1206  6.634296608905068e-14
1207  6.632524980967368e-14
1208  6.630719742495902e-14
1209  6.628852822303603e-14
1210  6.627136342567813e-14
1211  6.625361377923239e-14
1212  6.623459221401662e-14
1213  6.621803982498816e-14
1214  6.620011650728113e-14
1215  6.618213423956703e-14
1216  6.616351418607367e-14
1217  6.614559127518886e-14
1218  6.612672690821268e-14
1219  6.610988421727237e-14
1220  6.609163659923074e-14
1221  6.607348525417395e-14
1222  6.605606833764727e-14
1223  6.603782110351877e-14
1224  6.601985468548863e-14
1225  6.600095005515817e-14
1226  6.598325692203549e-14
1227  6.596527173811971e-14
1228  6.594819391800703e-14
1229  6.593049403452067e-14
1230  6.591137651593664e-14
1231  6.58938160125798e-14
1232  6.587555885779297e-14
1233  6.585743658234869e-14
1234  6.583967636465665e-14
1235  6.582139240844368e-14
1236  6.580387948954514e-14
1237  6.578562850064714e-14
1238  6.576726695686326e-14
1239  6.5750283620017e-14
1240  6.573182354959887e-14
1241  6.571407810056808e-14
1242  6.56966093535042e-14
1243  6.567791278429504e-14
1244  6.566086193591106e-14
1245  6.564297917052828e-14
1246  6.562636986675557e-14
1247  6.56074687710067e-14
1248  6.558952176382113e-14
1249  6.557128753864819e-14
1250  6.555321779212615e-14
1251  6.553519084618686e-14
1252  6.55171965264139e-14
1253  6.549950830023807e-14
1254  6.548207992797232e-14
1255  6.546361012638409e-14
1256  6.544615781711126e-14
1257  6.542728587157925e-14
1258  6.540994994323578e-14
1259  6.539267950631889e-14
1260  6.537382999425931e-14
1261  6.5355431593049e-14
1262  6.53388202998432e-14
1263  6.531996380105187e-14
1264  6.530186878594131e-14
1265  6.528378504249695e-14
1266  6.526730582119031e-14
1267  6.524892024248396e-14
1268  6.523037880763338e-14
1269  6.521254904313145e-14
1270  6.519499871524461e-14
1271  6.517671406506939e-14
1272  6.51600537720143e-14
1273  6.514158844656077e-14
1274  6.51235051353725e-14
1275  6.510503250231926e-14
1276  6.508858825801249e-14
1277  6.506919903474948e-14
1278  6.505186970922942e-14
1279  6.503422879704499e-14
1280  6.501603075880088e-14
1281  6.499886156898036e-14
1282  6.498133322114184e-14
1283  6.496256391803711e-14
1284  6.494480999741101e-14
1285  6.492601431407639e-14
1286  6.49085828029567e-14
1287  6.489004577244843e-14
1288  6.487293702183128e-14
1289  6.485565681489427e-14
1290  6.483776638949715e-14
1291  6.48196199204429e-14
1292  6.480095454810495e-14
1293  6.478334681649362e-14
1294  6.476540134937344e-14
1295  6.474773853435487e-14
1296  6.473018965186321e-14
1297  6.47123762375769e-14
1298  6.469454895364057e-14
1299  6.467654932819735e-14
1300  6.465817362198915e-14
1301  6.464118553581365e-14
1302  6.462328083522179e-14
1303  6.46053517922113e-14
1304  6.458789761075902e-14
1305  6.457015202945903e-14
1306  6.455121047718566e-14
1307  6.453441152895466e-14
1308  6.451647028036493e-14
1309  6.449793431606238e-14
1310  6.44809242892185e-14
1311  6.44632833918118e-14
1312  6.444394407328299e-14
1313  6.442654768186278e-14
1314  6.440883176333343e-14
1315  6.439158624621876e-14
1316  6.437331249575708e-14
1317  6.435682951075304e-14
1318  6.433816438855487e-14
1319  6.43199330920687e-14
1320  6.43032735689918e-14
1321  6.428448188780277e-14
1322  6.426686177169542e-14
1323  6.424909363703873e-14
1324  6.42313814629451e-14
1325  6.421342219961267e-14
1326  6.41958057343426e-14
1327  6.417822447053953e-14
1328  6.41596602783158e-14
1329  6.414242790341796e-14
1330  6.41246972895217e-14
1331  6.410641675376634e-14
1332  6.408832822192828e-14
1333  6.407120169270899e-14
1334  6.405449188096066e-14
1335  6.403535234748124e-14
1336  6.401710163150614e-14
1337  6.399968805284424e-14
1338  6.398224128244982e-14
1339  6.396439522804482e-14
1340  6.394628016167831e-14
1341  6.392799741919601e-14
1342  6.391119188171848e-14
1343  6.38928780393332e-14
1344  6.387532942365192e-14
1345  6.385728686531797e-14
1346  6.38392461092786e-14
1347  6.38216900828655e-14
1348  6.380344799326524e-14
1349  6.378561157328398e-14
1350  6.376865282601082e-14
1351  6.37517341721831e-14
1352  6.373406491731013e-14
1353  6.371475917430249e-14
1354  6.369825973743303e-14
1355  6.367975517809131e-14
1356  6.366242136202718e-14
1357  6.364454039044447e-14
1358  6.362736537844237e-14
1359  6.360915493905827e-14
1360  6.359100320779868e-14
1361  6.357386736038592e-14
1362  6.355621866005265e-14
1363  6.353817970925268e-14
1364  6.352058318409595e-14
1365  6.350358031405818e-14
1366  6.348597837467047e-14
1367  6.346743747581078e-14
1368  6.344994604099462e-14
1369  6.343152587362748e-14
1370  6.341433162627672e-14
1371  6.33971194635889e-14
1372  6.337859848814186e-14
1373  6.336076691312899e-14
1374  6.33431203495788e-14
1375  6.332539976759085e-14
1376  6.330702213828676e-14
1377  6.328977534568324e-14
1378  6.327174122026685e-14
1379  6.325497167031191e-14
1380  6.323686490661175e-14
1381  6.321909549440322e-14
1382  6.32015152244294e-14
1383  6.318407163995697e-14
1384  6.31652263019259e-14
1385  6.314765698174758e-14
1386  6.313076084594401e-14
1387  6.31124475153439e-14
1388  6.30961056953552e-14
1389  6.307822129445155e-14
1390  6.306011797807094e-14
1391  6.304158679348611e-14
1392  6.302459411664451e-14
1393  6.300718928927694e-14
1394  6.298886225165498e-14
1395  6.297285400031162e-14
1396  6.295418830911462e-14
1397  6.293668831169419e-14
1398  6.291893957900533e-14
1399  6.290107776342393e-14
1400  6.28830807676848e-14
1401  6.286499170701006e-14
1402  6.284797282630098e-14
1403  6.28306457125218e-14
1404  6.281192512045373e-14
1405  6.27946335348132e-14
1406  6.277642526467214e-14
1407  6.275976913416112e-14
1408  6.274194943198577e-14
1409  6.272423269497066e-14
1410  6.270654437331514e-14
1411  6.268941896171435e-14
1412  6.267083607861105e-14
1413  6.265359322832839e-14
1414  6.263564959950083e-14
1415  6.261849113256665e-14
1416  6.260142683868491e-14
1417  6.25829121857232e-14
1418  6.256543447106889e-14
1419  6.254725963930813e-14
1420  6.25292231168703e-14
1421  6.251265398898906e-14
1422  6.249402241369502e-14
1423  6.247817789460084e-14
1424  6.245973705863795e-14
1425  6.244280854888625e-14
1426  6.242495448595035e-14
1427  6.240682036102289e-14
1428  6.239041279509603e-14
1429  6.237233463812187e-14
1430  6.23540639404124e-14
1431  6.233676461205576e-14
1432  6.231932612753555e-14
1433  6.230092685215633e-14
1434  6.228332822559552e-14
1435  6.226617839468116e-14
1436  6.224891595753716e-14
1437  6.22312040615976e-14
1438  6.221366421530654e-14
1439  6.219551761556835e-14
1440  6.217760461683466e-14
1441  6.216052672576505e-14
1442  6.214214477603966e-14
1443  6.212503816761758e-14
1444  6.210786287596984e-14
1445  6.209001239936999e-14
1446  6.207255577048235e-14
1447  6.205376964142464e-14
1448  6.203671238531848e-14
1449  6.201928527609379e-14
1450  6.200145374131126e-14
1451  6.198478856193749e-14
1452  6.196714955410512e-14
1453  6.19489393735529e-14
1454  6.193188648871185e-14
1455  6.191441015717237e-14
1456  6.189683605262487e-14
1457  6.187911955352534e-14
1458  6.186231036528688e-14
1459  6.184369825523068e-14
1460  6.18249178496942e-14
1461  6.180918832577151e-14
1462  6.17909903809981e-14
1463  6.177394987609302e-14
1464  6.175639919075701e-14
1465  6.173936277918645e-14
1466  6.17216486225095e-14
1467  6.170395059200046e-14
1468  6.168618308463478e-14
1469  6.166960208501405e-14
1470  6.16511218861705e-14
1471  6.163307491800294e-14
1472  6.161569913197368e-14
1473  6.15989927864798e-14
1474  6.158090780351424e-14
1475  6.156352261532058e-14
1476  6.154585662815344e-14
1477  6.152827721628538e-14
1478  6.151073466916515e-14
1479  6.149257708166901e-14
1480  6.147499991572981e-14
1481  6.145756952967847e-14
1482  6.144155511813165e-14
1483  6.142385368394242e-14
1484  6.140614242288015e-14
1485  6.138788765810041e-14
1486  6.137071224907788e-14
1487  6.135357932322426e-14
1488  6.133495543875371e-14
1489  6.13182009650873e-14
1490  6.130071501875982e-14
1491  6.12835206340626e-14
1492  6.12658550914243e-14
1493  6.124783089006598e-14
1494  6.123044608877441e-14
1495  6.121348110553767e-14
1496  6.119551770727815e-14
1497  6.117778080870497e-14
1498  6.115986542983851e-14
1499  6.114432906047547e-14
1500  6.11261036773602e-14
1501  6.11091671721008e-14
1502  6.109104991045809e-14
1503  6.107365191559048e-14
1504  6.105601852968026e-14
1505  6.103806250499357e-14
1506  6.102055604385895e-14
1507  6.100371083553796e-14
1508  6.098573531880494e-14
1509  6.096819342566577e-14
1510  6.095072627377721e-14
1511  6.093397511173977e-14
1512  6.091577296501232e-14
1513  6.089927081211412e-14
1514  6.088091977010219e-14
1515  6.086403371315072e-14
1516  6.08471268928603e-14
1517  6.082933902854709e-14
1518  6.08111307979166e-14
1519  6.07935087531949e-14
1520  6.077691502155865e-14
1521  6.07595423400076e-14
1522  6.074106418780314e-14
1523  6.072489435450709e-14
1524  6.070626197841213e-14
1525  6.068868089155924e-14
1526  6.06716265879641e-14
1527  6.065378285393269e-14
1528  6.06366733245183e-14
1529  6.062002893513843e-14
1530  6.060271977430814e-14
1531  6.058464351356595e-14
1532  6.05669343489797e-14
1533  6.054970527494261e-14
1534  6.05322232020958e-14
1535  6.051502064298801e-14
1536  6.049718593325331e-14
1537  6.048060370096144e-14
1538  6.046348357388173e-14
1539  6.044564559180713e-14
1540  6.042873642035e-14
1541  6.041069401247142e-14
1542  6.03937029184862e-14
1543  6.037588064836536e-14
1544  6.035862934157164e-14
1545  6.034144771689659e-14
1546  6.032399562963486e-14
1547  6.030709324371133e-14
1548  6.02892539706981e-14
1549  6.027238849475793e-14
1550  6.025534496895633e-14
1551  6.023754569478853e-14
1552  6.022068071553274e-14
1553  6.020255216892503e-14
1554  6.018440354476362e-14
1555  6.016774650757755e-14
1556  6.014930300940059e-14
1557  6.013286976884084e-14
1558  6.011483231038084e-14
1559  6.009783490963462e-14
1560  6.008121895327797e-14
1561  6.00630903407962e-14
1562  6.004595771017281e-14
1563  6.002800143891663e-14
1564  6.001115178332758e-14
1565  5.999432699603054e-14
1566  5.997657167954613e-14
1567  5.995864273892269e-14
1568  5.99415906682691e-14
1569  5.992484286894586e-14
1570  5.99069601578288e-14
1571  5.988948537148964e-14
1572  5.987203827655672e-14
1573  5.985580640296066e-14
1574  5.983820588423803e-14
1575  5.981986095744629e-14
1576  5.980284832988404e-14
1577  5.97864162721019e-14
1578  5.976846106068555e-14
1579  5.975159840292199e-14
1580  5.973356227617005e-14
1581  5.971735035363948e-14
1582  5.969941737257257e-14
1583  5.968182598006893e-14
1584  5.966433242575116e-14
1585  5.964811183865308e-14
1586  5.963030131628969e-14
1587  5.961286390600676e-14
1588  5.959576906110704e-14
1589  5.957849532589635e-14
1590  5.956128754429797e-14
1591  5.954370077446805e-14
1592  5.952611988507119e-14
1593  5.950864715602739e-14
1594  5.949142355550519e-14
1595  5.947493507541623e-14
1596  5.945727155097732e-14
1597  5.943968093018027e-14
1598  5.942225517374017e-14
1599  5.94059655947177e-14
1600  5.938858418688327e-14
1601  5.937007869176653e-14
1602  5.93534845449234e-14
1603  5.933608972262291e-14
1604  5.931909459057151e-14
1605  5.930097342850068e-14
1606  5.92846042544703e-14
1607  5.926733631372118e-14
1608  5.92501172835177e-14
1609  5.923264595816575e-14
1610  5.9215261364548e-14
1611  5.919826851302608e-14
1612  5.918077563043194e-14
1613  5.916327707020063e-14
1614  5.914675954796104e-14
1615  5.912869996988831e-14
1616  5.911294267747751e-14
1617  5.909532750471488e-14
1618  5.907812948880027e-14
1619  5.90609115041541e-14
1620  5.90434946207472e-14
1621  5.902613019285374e-14
1622  5.900861880240758e-14
1623  5.899103316444614e-14
1624  5.89738540333108e-14
1625  5.895718674421943e-14
1626  5.893986500618148e-14
1627  5.892292414183793e-14
1628  5.890550048512045e-14
1629  5.888791826676018e-14
1630  5.887162775233813e-14
1631  5.885412993298653e-14
1632  5.88365402004413e-14
1633  5.881896682191119e-14
1634  5.880217688706345e-14
1635  5.878501876371853e-14
1636  5.876795418307993e-14
1637  5.874989874448937e-14
1638  5.873287653602284e-14
1639  5.871664732570616e-14
1640  5.869904540640523e-14
1641  5.868170282314504e-14
1642  5.866387953381812e-14
1643  5.864675841770571e-14
1644  5.863002225186254e-14
1645  5.86124009845399e-14
1646  5.859574543172012e-14
1647  5.857839843145925e-14
1648  5.856156137931658e-14
1649  5.854410530182461e-14
1650  5.852691849243147e-14
1651  5.850993713875487e-14
1652  5.849254431275848e-14
1653  5.847577227020099e-14
1654  5.84583634755224e-14
1655  5.84404540529409e-14
1656  5.84236035616719e-14
1657  5.840716376564585e-14
1658  5.838984589509389e-14
1659  5.837305160847545e-14
1660  5.835550830086807e-14
1661  5.833906067541006e-14
1662  5.832223029048836e-14
1663  5.830427902325691e-14
1664  5.828731687152718e-14
1665  5.827007316244518e-14
1666  5.825300264281327e-14
1667  5.823622125904101e-14
1668  5.821891924530247e-14
1669  5.820168054239286e-14
1670  5.818473933807718e-14
1671  5.816705951205161e-14
1672  5.815029754927514e-14
1673  5.813274085145517e-14
1674  5.81153583027483e-14
1675  5.809922291314542e-14
1676  5.808152478584426e-14
1677  5.806408630440027e-14
1678  5.804733631294225e-14
1679  5.803096420136197e-14
1680  5.801376396888123e-14
1681  5.799622583415839e-14
1682  5.797931192696613e-14
1683  5.796213979170048e-14
1684  5.794561718115258e-14
1685  5.79279245184312e-14
1686  5.791011617741352e-14
1687  5.789353823069652e-14
1688  5.787653934702463e-14
1689  5.785896659046955e-14
1690  5.784272434260367e-14
1691  5.782529154482094e-14
1692  5.780817561851413e-14
1693  5.779169476349348e-14
1694  5.777401483255942e-14
1695  5.77567382972277e-14
1696  5.773967810954303e-14
1697  5.772356756148969e-14
1698  5.770642648386281e-14
1699  5.768872125706069e-14
1700  5.767219471968832e-14
1701  5.765501658447269e-14
1702  5.763883041024458e-14
1703  5.762100648620755e-14
1704  5.760329814911286e-14
1705  5.758659711368749e-14
1706  5.757010678697492e-14
1707  5.755188787406422e-14
1708  5.753515528498233e-14
1709  5.751862771768531e-14
1710  5.750137642234161e-14
1711  5.748409927317202e-14
1712  5.746674164973465e-14
1713  5.745124586850849e-14
1714  5.74326545166318e-14
1715  5.741653515648285e-14
1716  5.739912466610327e-14
1717  5.738240634045531e-14
1718  5.73657761943005e-14
1719  5.734841829677677e-14
1720  5.733227172835948e-14
1721  5.731424418308615e-14
1722  5.729643802457547e-14
1723  5.728028885833519e-14
1724  5.726386569570074e-14
1725  5.724551599665735e-14
1726  5.722950751440742e-14
1727  5.72116105630124e-14
1728  5.719503798883467e-14
1729  5.717811032006065e-14
1730  5.716146217946485e-14
1731  5.714446177020508e-14
1732  5.712730924793476e-14
1733  5.711036159091346e-14
1734  5.70946582927759e-14
1735  5.707625374437144e-14
1736  5.705975985954844e-14
1737  5.70421720007008e-14
1738  5.70257128262287e-14
1739  5.700904453047734e-14
1740  5.699214984935094e-14
1741  5.697556596998907e-14
1742  5.695684043834839e-14
1743  5.694102883433134e-14
1744  5.692462120660006e-14
1745  5.69068311583997e-14
1746  5.689014417132836e-14
1747  5.68731577188505e-14
1748  5.68565021048117e-14
1749  5.6839771347417483e-14
1750  5.682254613019754e-14
1751  5.6806143527679895e-14
1752  5.678863490039785e-14
1753  5.6771731712025485e-14
1754  5.675515601557727e-14
1755  5.673810960931323e-14
1756  5.672092191873509e-14
1757  5.670324607328354e-14
1758  5.668729318958818e-14
1759  5.666968874136464e-14
1760  5.6653213340351853e-14
1761  5.6636134060690844e-14
1762  5.661962500044163e-14
1763  5.6602042549148036e-14
1764  5.6585276921979315e-14
1765  5.656816969777212e-14
1766  5.655156939656715e-14
1767  5.6535067205043285e-14
1768  5.6518042936892674e-14
1769  5.6501094737008034e-14
1770  5.648356962833151e-14
1771  5.6467026160525145e-14
1772  5.6450240151930006e-14
1773  5.643343107924261e-14
1774  5.6416075971492234e-14
1775  5.6399379597661074e-14
1776  5.6382093422412735e-14
1777  5.63655904946587e-14
1778  5.6348573482101045e-14
1779  5.633103584625801e-14
1780  5.6314644987716444e-14
1781  5.6299437474550256e-14
1782  5.628199383217821e-14
1783  5.6265369180176913e-14
1784  5.6247820263583806e-14
1785  5.6231473368989585e-14
1786  5.6214601971491746e-14
1787  5.619732288477873e-14
1788  5.618160269382016e-14
1789  5.6163927993860577e-14
1790  5.6147530497976874e-14
1791  5.6130352848827154e-14
1792  5.611358318539814e-14
1793  5.609611390625456e-14
1794  5.607980394061963e-14
1795  5.606295087231057e-14
1796  5.6046761052010995e-14
1797  5.602909217505739e-14
1798  5.6011854349243964e-14
1799  5.599520187565965e-14
1800  5.597813959821885e-14
1801  5.596124122929593e-14
1802  5.59449287597267e-14
1803  5.5927631494994174e-14
1804  5.591158677979899e-14
1805  5.5895181128275205e-14
1806  5.587813793944774e-14
1807  5.586107803134823e-14
1808  5.584435082565137e-14
1809  5.5827584497252293e-14
1810  5.581038804459899e-14
1811  5.579365943803142e-14
1812  5.577737577882159e-14
1813  5.575975378255362e-14
1814  5.5743701185451386e-14
1815  5.5727395527377403e-14
1816  5.571035258984869e-14
1817  5.5692753926890646e-14
1818  5.567620632818576e-14
1819  5.5660070959600924e-14
1820  5.5643165417736415e-14
1821  5.562622363960059e-14
1822  5.560971129913612e-14
1823  5.5593902057175973e-14
1824  5.557551544344666e-14
1825  5.5559350267757e-14
1826  5.554287681359669e-14
1827  5.5525333550907885e-14
1828  5.550943689892498e-14
1829  5.549318885542771e-14
1830  5.5475363099802424e-14
1831  5.5459126328551294e-14
1832  5.544195765624836e-14
1833  5.542467369328027e-14
1834  5.540828238791815e-14
1835  5.5390758597052235e-14
1836  5.537540901421058e-14
1837  5.5357717673556834e-14
1838  5.534244744575386e-14
1839  5.532568816528267e-14
1840  5.530833465242841e-14
1841  5.5291059639553204e-14
1842  5.52754960205573e-14
1843  5.525849715289993e-14
1844  5.524145794828753e-14
1845  5.522443747811818e-14
1846  5.520819601090849e-14
1847  5.5191986845845186e-14
1848  5.517436865028872e-14
1849  5.515797370080626e-14
1850  5.5141310128688056e-14
1851  5.5124747819374114e-14
1852  5.51076904026659e-14
1853  5.5091256232995025e-14
1854  5.5074253213161037e-14
1855  5.5057295562688314e-14
1856  5.504088558695295e-14
1857  5.502458683601621e-14
1858  5.5007900416421077e-14
1859  5.49908437011006e-14
1860  5.4974078715745625e-14
1861  5.495717335810877e-14
1862  5.494109581463995e-14
1863  5.492493199596211e-14
1864  5.490744081046075e-14
1865  5.4890911707701015e-14
1866  5.487519745019758e-14
1867  5.4858134230301353e-14
1868  5.484146874873439e-14
1869  5.482497355566473e-14
1870  5.48076358575715e-14
1871  5.479123243158758e-14
1872  5.47749306775984e-14
1873  5.475834635062573e-14
1874  5.4741766603287947e-14
1875  5.472491485200413e-14
1876  5.470774439586299e-14
1877  5.4691595028197715e-14
1878  5.4674706235659606e-14
1879  5.465806561947085e-14
1880  5.464208807290926e-14
1881  5.46259693425643e-14
1882  5.4609043275251514e-14
1883  5.4592319535755265e-14
1884  5.4575699329476994e-14
1885  5.455838384359437e-14
1886  5.454251827113412e-14
1887  5.4525485427470605e-14
1888  5.4508788393977523e-14
1889  5.4492261497582195e-14
1890  5.44758117884493e-14
1891  5.446001422632814e-14
1892  5.4442724374280744e-14
1893  5.442673520229811e-14
1894  5.440994243556566e-14
1895  5.439191173022218e-14
1896  5.437620011978785e-14
1897  5.4359732343013356e-14
1898  5.4342759623993874e-14
1899  5.432662984675814e-14
1900  5.431056903264379e-14
1901  5.429384517833557e-14
1902  5.4277204907578686e-14
1903  5.426051588131257e-14
1904  5.4244063329150166e-14
1905  5.42273793950881e-14
1906  5.421094798301578e-14
1907  5.419422520835156e-14
1908  5.4177710896140894e-14
1909  5.416107545762017e-14
1910  5.4145004196958075e-14
1911  5.4127853512809325e-14
1912  5.4111343797115294e-14
1913  5.409514112575654e-14
1914  5.4077944541852784e-14
1915  5.406241062407324e-14
1916  5.404672752453794e-14
1917  5.4029653124509435e-14
1918  5.401278265341112e-14
1919  5.399595946776807e-14
1920  5.397965186768514e-14
1921  5.396320250472044e-14
1922  5.3946575367193905e-14
1923  5.3930090055882906e-14
1924  5.3914238044490955e-14
1925  5.3897119454314876e-14
1926  5.388060141956001e-14
1927  5.386396445408513e-14
1928  5.384719505675161e-14
1929  5.383106694408242e-14
1930  5.381439968182861e-14
1931  5.379830794230553e-14
1932  5.378125320691965e-14
1933  5.376527895384933e-14
1934  5.374784043905692e-14
1935  5.373234187202582e-14
1936  5.371614338245556e-14
1937  5.3699145389094645e-14
1938  5.368262849411696e-14
1939  5.366574271495295e-14
1940  5.364976615448306e-14
1941  5.3633142626162714e-14
1942  5.361680043544335e-14
1943  5.360032619221349e-14
1944  5.358391496508327e-14
1945  5.3567512532198515e-14
1946  5.355112707399687e-14
1947  5.3534304789010456e-14
1948  5.351759271326481e-14
1949  5.350156161678455e-14
1950  5.34840430427072e-14
1951  5.346881230697511e-14
1952  5.345251450336158e-14
1953  5.343642085300583e-14
1954  5.3419886416912474e-14
1955  5.3403335181542344e-14
1956  5.338719061701024e-14
1957  5.3370582580721527e-14
1958  5.3354560876287204e-14
1959  5.333777856159467e-14
1960  5.33224936841626e-14
1961  5.330571908362094e-14
1962  5.328883391012947e-14
1963  5.3272455253544385e-14
1964  5.325585833071344e-14
1965  5.3239681002281534e-14
1966  5.3223029183728396e-14
1967  5.32060850684564e-14
1968  5.319057358884125e-14
1969  5.317466136608538e-14
1970  5.315810761907397e-14
1971  5.3141633986740527e-14
1972  5.312555102324211e-14
1973  5.310793436108759e-14
1974  5.309222839843715e-14
1975  5.307497423981603e-14
1976  5.3059044569659247e-14
1977  5.304349853485789e-14
1978  5.3026720037482555e-14
1979  5.3010180768834155e-14
1980  5.2994354040931596e-14
1981  5.2977985015465765e-14
1982  5.296178229320256e-14
1983  5.2944811291039015e-14
1984  5.292781709055775e-14
1985  5.2912031870928906e-14
1986  5.289495550974813e-14
1987  5.2879637400311935e-14
1988  5.2863174178703473e-14
1989  5.2846686246118936e-14
1990  5.28310967845476e-14
1991  5.281457267123878e-14
1992  5.2798107238612747e-14
1993  5.2780987108985276e-14
1994  5.276502821812096e-14
1995  5.274856630020902e-14
1996  5.2732820358349006e-14
1997  5.271685327837142e-14
1998  5.269999540569662e-14
1999  5.268412479871617e-14
