10    3.330345856106993e-08
11    3.4495753665744746e-08
12    3.5480467870516066e-08
13    3.66834914213586e-08
14    3.7505886969524945e-08
15    3.820867814566385e-08
16    3.8845216583471675e-08
17    3.9434673156362084e-08
18    3.9944080161099727e-08
19    4.03863654589654e-08
20    4.0772929229734775e-08
21    4.111275070430259e-08
22    4.141159698071292e-08
23    4.1636157895068315e-08
24    4.1852301686318706e-08
25    4.209791726056585e-08
26    4.226435151708286e-08
27    4.25922362727516e-08
28    4.2648591627544276e-08
29    4.26683394040948e-08
30    4.2657234640001225e-08
31    4.2607003915967264e-08
32    4.2602775781674395e-08
33    4.257632787945046e-08
34    4.2530478879802956e-08
35    4.2468348434724015e-08
36    4.23930332012229e-08
37    4.230682083341955e-08
38    4.223383231801185e-08
39    4.211371585670315e-08
40    4.198487859154291e-08
41    4.184890612299559e-08
42    4.170682202054761e-08
43    4.1600325011212396e-08
44    4.1453762830433674e-08
45    4.118587103206979e-08
46    4.101287699715816e-08
47    4.0837172655325296e-08
48    4.065886487035124e-08
49    4.0591946331637996e-08
50    4.0419844560789575e-08
51    4.024036192828507e-08
52    4.0054522105630246e-08
53    3.98097476973876e-08
54    3.961214828544551e-08
55    3.9411104632038636e-08
56    3.9206656093124885e-08
57    3.8998832755540594e-08
58    3.8787620966031906e-08
59    3.857302470050339e-08
60    3.835510170163796e-08
61    3.813391978302161e-08
62    3.7909536519824203e-08
63    3.768209002968869e-08
64    3.745197871494635e-08
65    3.7219721701032716e-08
66    3.698589421277271e-08
67    3.6751105035478325e-08
68    3.65159361268444e-08
69    3.628090499608025e-08
70    3.604647749743982e-08
71    3.581311630544224e-08
72    3.558073166673578e-08
73    3.535041675192735e-08
74    3.5121651172654815e-08
75    3.489414619011771e-08
76    3.46909855879831e-08
77    3.445348270387228e-08
78    3.421795795819765e-08
79    3.3984669798391524e-08
80    3.375381758105952e-08
81    3.352550334167455e-08
82    3.335240215217554e-08
83    3.313840067311707e-08
84    3.292564228227346e-08
85    3.271402399703881e-08
86    3.250343176081103e-08
87    3.2112700902146676e-08
88    3.1890674774849606e-08
89    3.1671701079553614e-08
90    3.1455712495622014e-08
91    3.124263497714963e-08
92    3.1253317353098516e-08
93    3.104622564682163e-08
94    3.0839413408311006e-08
95    3.063294601913551e-08
96    3.042691744296156e-08
97    3.0221444300675506e-08
98    3.001666290196524e-08
99    2.9812724330603334e-08
100    2.960977982492284e-08
101    2.940799849287971e-08
102    2.9207529150797915e-08
103    2.9008492075989012e-08
104    2.881098628954467e-08
105    2.8615089707302505e-08
106    2.842086336470865e-08
107    2.8228361847588597e-08
108    2.803762719610202e-08
109    2.784870023455827e-08
110    2.7661597834009128e-08
111    2.7547921022193998e-08
112    2.736986647920651e-08
113    2.719284176604556e-08
114    2.701680264179255e-08
115    2.6841691775950505e-08
116    2.6667454345059384e-08
117    2.649403234752542e-08
118    2.6321386670639056e-08
119    2.6061105114463302e-08
120    2.5892492865672906e-08
121    2.5725687309460874e-08
122    2.5560658365691665e-08
123    2.539734644621384e-08
124    2.5235672189885632e-08
125    2.5075564565070508e-08
126    2.491699172518446e-08
127    2.480136936886048e-08
128    2.463669853740341e-08
129    2.44730162778453e-08
130    2.4310402585415036e-08
131    2.4148951162850817e-08
132    2.39887564698041e-08
133    2.3829906539389617e-08
134    2.367248033476661e-08
135    2.3516548565099433e-08
136    2.3362178712085886e-08
137    2.3209460232102066e-08
138    2.3058514680041896e-08
139    2.290944404495267e-08
140    2.276220238108946e-08
141    2.261667175915894e-08
142    2.247294331212312e-08
143    2.2331565756170983e-08
144    2.2256119260263875e-08
145    2.210812963003197e-08
146    2.196176491159367e-08
147    2.1817083743311052e-08
148    2.167413265219256e-08
149    2.1532954989409137e-08
150    2.139359985053228e-08
151    2.125610719379642e-08
152    2.1120503386251237e-08
153    2.098681086652496e-08
154    2.0903712181804158e-08
155    2.07843183961834e-08
156    2.0666312823807517e-08
157    2.0549631505009454e-08
158    2.0434227880172942e-08
159    2.032005807062174e-08
160    2.020707861581727e-08
161    2.0095233963881897e-08
162    1.9984466973957938e-08
163    1.9874723221756242e-08
164    1.9765950507256272e-08
165    1.9658103483390373e-08
166    1.955114316533787e-08
167    1.9445032393736294e-08
168    1.9339734192520426e-08
169    1.9235209047923937e-08
170    1.9131417355118164e-08
171    1.9028320850245634e-08
172    1.8925882901254338e-08
173    1.8824069381560075e-08
174    1.872285194889206e-08
175    1.8622209270448865e-08
176    1.8522123228722356e-08
177    1.8422571558995993e-08
178    1.8323528413054992e-08
179    1.822496466231009e-08
180    1.812685846966369e-08
181    1.8029195854144756e-08
182    1.793196613018224e-08
183    1.783516529938315e-08
184    1.773879614857009e-08
185    1.764286765650214e-08
186    1.7547390873112632e-08
187    1.745237608070889e-08
188    1.735783279239019e-08
189    1.7263770555293764e-08
190    1.7170203110325647e-08
191    1.7077154935928394e-08
192    1.6984654712169743e-08
193    1.689272904137142e-08
194    1.6801404001375412e-08
195    1.6710705094205243e-08
196    1.6620656242260502e-08
197    1.6531279830808822e-08
198    1.6442599172252116e-08
199    1.6354640448259948e-08
200    1.6267428068918472e-08
201    1.6180984421433735e-08
202    1.6095329720389202e-08
203    1.6010481776044794e-08
204    1.5926450270814463e-08
205    1.590711108314859e-08
206    1.5830615001600787e-08
207    1.5754678617336053e-08
208    1.5679291366328053e-08
209    1.5604442746573497e-08
210    1.55301214825072e-08
211    1.545631143146888e-08
212    1.5382995263826846e-08
213    1.5310156696871363e-08
214    1.523778257717071e-08
215    1.5057168919065788e-08
216    1.498309259059217e-08
217    1.4909805636513122e-08
218    1.483729629943686e-08
219    1.4765550681867399e-08
220    1.4694555940633149e-08
221    1.4624300963985811e-08
222    1.4554775419820703e-08
223    1.4485968550203413e-08
224    1.441786698572498e-08
225    1.4350456371972614e-08
226    1.428372238273734e-08
227    1.4217650928601755e-08
228    1.4152228266036081e-08
229    1.4087438521102654e-08
230    1.4023265580084073e-08
231    1.3959693759891877e-08
232    1.3896708157894378e-08
233    1.3834297325026616e-08
234    1.3772452449814816e-08
235    1.3711164452944353e-08
236    1.365042162383881e-08
237    1.3590210002016622e-08
238    1.3530517149598731e-08
239    1.347133070627467e-08
240    1.3412638401375546e-08
241    1.3354427585942253e-08
242    1.3296685721484108e-08
243    1.323940027957808e-08
244    1.3182557069962573e-08
245    1.3126141837096721e-08
246    1.3070140835463735e-08
247    1.3014543563341902e-08
248    1.2959343966837476e-08
249    1.2904536450666687e-08
250    1.285011562815577e-08
251    1.2796074672487754e-08
252    1.2742400879854807e-08
253    1.2689078061354753e-08
254    1.2636090457187913e-08
255    1.2583422931536458e-08
256    1.2531063330076593e-08
257    1.2479011808660038e-08
258    1.2427274149936817e-08
259    1.2375855506787066e-08
260    1.2324760521356583e-08
261    1.227398744693364e-08
262    1.222350417478804e-08
263    1.2173269499279877e-08
264    1.2123242303105686e-08
265    1.2073383295394083e-08
266    1.2023690710486632e-08
267    1.19742529359333e-08
268    1.1925168387024923e-08
269    1.1876531340432538e-08
270    1.1828414970526994e-08
271    1.1780495466975358e-08
272    1.1732624874452194e-08
273    1.1684819981939612e-08
274    1.1637099506670006e-08
275    1.1589483099505396e-08
276    1.1541989468486052e-08
277    1.1494635824513012e-08
278    1.1447439346249656e-08
279    1.1400416610949085e-08
280    1.1353583612161841e-08
281    1.1306957176335699e-08
282    1.1260546868086643e-08
283    1.1214348345358883e-08
284    1.1168356199699036e-08
285    1.1122565169788059e-08
286    1.1076969839845291e-08
287    1.1031565115616619e-08
288    1.0986348344156913e-08
289    1.0941319619762387e-08
290    1.089647947041035e-08
291    1.0773479431436161e-08
292    1.073418538937738e-08
293    1.0695325074872124e-08
294    1.0656872425919286e-08
295    1.0618802190403529e-08
296    1.0581090035021485e-08
297    1.0543712418855565e-08
298    1.0506646571228704e-08
299    1.0469870527018787e-08
300    1.0433363117119277e-08
301    1.0397104542225673e-08
302    1.0361074924156683e-08
303    1.0325258648300768e-08
304    1.028964621890443e-08
305    1.0254228101863979e-08
306    1.0218994841315103e-08
307    1.0183937204835043e-08
308    1.0149046191108998e-08
309    1.0114313038483778e-08
310    1.0079729196837806e-08
311    1.0045286202389116e-08
312    9.968123945692132e-09
313    9.929159039362556e-09
314    9.890512464958132e-09
315    9.852187019583699e-09
316    9.814185264043333e-09
317    9.77650945377177e-09
318    9.739161326458822e-09
319    9.702140684733237e-09
320    9.66544582328015e-09
321    9.629074784586825e-09
322    9.59302499124712e-09
323    9.557293739744e-09
324    9.521878378008977e-09
325    9.486776341342431e-09
326    9.451984555311578e-09
327    9.417498929578052e-09
328    9.383315348512836e-09
329    9.349429575299427e-09
330    9.315834883647079e-09
331    9.282523826381359e-09
332    9.24948964156111e-09
333    9.216725721955121e-09
334    9.184224846155534e-09
335    9.151979537768766e-09
336    9.119982541276585e-09
337    9.088226803087349e-09
338    9.056705279229308e-09
339    9.025410436117553e-09
340    8.994334357792504e-09
341    8.963468349867858e-09
342    8.93280328005703e-09
343    8.90233035351321e-09
344    8.872041374677548e-09
345    8.841929444745061e-09
346    8.81198833600094e-09
347    8.782212095352903e-09
348    8.752595076337237e-09
349    8.72313147484811e-09
350    8.69381531442089e-09
351    8.664640124466204e-09
352    8.635599386485164e-09
353    8.606686767387865e-09
354    8.5778960792396e-09
355    8.54922093585676e-09
356    8.520654998458883e-09
357    8.492192992657637e-09
358    8.463830274218063e-09
359    8.435562990862566e-09
360    8.407387491551908e-09
361    8.379300161930814e-09
362    8.351297386028389e-09
363    8.323375672405243e-09
364    8.295532367254795e-09
365    8.267765602709451e-09
366    8.240073764122664e-09
367    8.212455285675616e-09
368    8.184908621151534e-09
369    8.157432247829435e-09
370    8.130024679089002e-09
371    8.102684718873037e-09
372    8.075412030641563e-09
373    8.048206756323739e-09
374    8.021069105510219e-09
375    7.993999287816015e-09
376    7.966997492984194e-09
377    7.940063639902763e-09
378    7.913197293670984e-09
379    7.886398346647151e-09
380    7.859666980451957e-09
381    7.833003358500364e-09
382    7.806407935415356e-09
383    7.779881816042287e-09
384    7.753426326359586e-09
385    7.68098066096015e-09
386    7.653268426689803e-09
387    7.625761294136611e-09
388    7.59846163858114e-09
389    7.571371286656334e-09
390    7.544491711833443e-09
391    7.517824535423123e-09
392    7.49137123729487e-09
393    7.465132436999625e-09
394    7.439108366197719e-09
395    7.41329921255731e-09
396    7.387705102321969e-09
397    7.36232610118462e-09
398    7.337161985757199e-09
399    7.3122119130697086e-09
400    7.2874749855671295e-09
401    7.26295027089518e-09
402    7.2911705448065535e-09
403    7.266379498751974e-09
404    7.2416994746985995e-09
405    7.217135122086458e-09
406    7.1926911719552e-09
407    7.168372205364327e-09
408    7.144182487173185e-09
409    7.120121536429127e-09
410    7.096183710249335e-09
411    7.072363235676974e-09
412    7.048654473207696e-09
413    7.02505159624914e-09
414    7.001548873737274e-09
415    6.978140914605529e-09
416    6.9548269210133285e-09
417    6.931628323403781e-09
418    6.908572908837457e-09
419    6.885687653975263e-09
420    6.86299875548215e-09
421    6.840531729348794e-09
422    6.818311854633945e-09
423    6.796357205662764e-09
424    6.774533424371255e-09
425    6.752776629851305e-09
426    6.731094012461163e-09
427    6.709491879779801e-09
428    6.687976023882624e-09
429    6.666551906126944e-09
430    6.645224839097908e-09
431    6.623999997741687e-09
432    6.602882417812781e-09
433    6.5818769949821e-09
434    6.560988478184534e-09
435    6.540221413575564e-09
436    6.51958009383839e-09
437    6.4990686228621856e-09
438    6.478691051305504e-09
439    6.45845164971996e-09
440    6.438354541313448e-09
441    6.4184019458601735e-09
442    6.398591810434282e-09
443    6.3789213825869615e-09
444    6.359387960151838e-09
445    6.3399887882024165e-09
446    6.3207208234083746e-09
447    6.301581058332445e-09
448    6.282566550621379e-09
449    6.26367441171795e-09
450    6.2449017271954965e-09
451    6.226245293170633e-09
452    6.207701843712063e-09
453    6.189268160807713e-09
454    6.170940875335122e-09
455    6.1527166361358495e-09
456    6.134592119385412e-09
457    6.116563813175373e-09
458    6.0986283208635915e-09
459    6.08078345937428e-09
460    6.063028160734312e-09
461    6.045361435761049e-09
462    6.027782353902624e-09
463    6.010289999580753e-09
464    5.992883464502705e-09
465    5.9755618479834935e-09
466    5.958324191423312e-09
467    5.941169231367431e-09
468    5.924095592499221e-09
469    5.907101979166796e-09
470    5.890187187658389e-09
471    5.8733500618003764e-09
472    5.8565895910497435e-09
473    5.839904778337767e-09
474    5.823294516835346e-09
475    5.806757676316601e-09
476    5.790293227718983e-09
477    5.773899992834632e-09
478    5.757576604843075e-09
479    5.741321705338102e-09
480    5.725133954795036e-09
481    5.709012036534889e-09
482    5.692954661436864e-09
483    5.676960565496872e-09
484    5.661028506445387e-09
485    5.64515725733629e-09
486    5.629346330125728e-09
487    5.613593977777367e-09
488    5.619395573538913e-09
489    5.603364830381411e-09
490    5.58738549981898e-09
491    5.571459380464514e-09
492    5.555586144495626e-09
493    5.5397593393158495e-09
494    5.5239715658312555e-09
495    5.508215638122544e-09
496    5.4924848954788685e-09
497    5.476773080864078e-09
498    5.461074124227981e-09
499    5.4453823674306125e-09
