13.4731751602 10.013827
107.785401281 10.013827
363.775729325 10.013827
862.283210252 10.013827
1684.14689502 10.013827
2910.16878095 10.013827
4621.24864578 10.013827
6898.19980879 10.013827
9821.86132095 10.013827
13473.0722332 10.013827
17932.6715965 10.013827
23281.4984619 10.013827
29600.3918802 10.013827
36970.1909025 10.013827
45471.7345797 10.013827
55185.8619628 10.013827
66193.1146444 10.013827
78574.8905676 10.013827
92411.7652911 10.013827
107784.577866 10.013827
124774.167342 10.013827
143461.372772 10.013827
163927.033206 10.013827
186251.987695 10.013827
210517.07529 10.013827
236803.135042 10.013827
265191.006002 10.013827
295760.720274 10.013827
328594.672134 10.013827
363772.950297 10.013827
401376.393812 10.013827
441485.841732 10.013827
484182.133107 10.013827
529546.106987 10.013827
577658.602425 10.013827
628600.458471 10.013827
682452.514176 10.013827
739295.608591 10.013827
799209.01525 10.013827
862276.622926 10.013827
928577.784405 10.013827
998193.33874 10.013827
1071204.12498 10.013827
1147690.98218 10.013827
1227734.74938 10.013827
1311416.26565 10.013827
1398816.37003 10.013827
1490015.90156 10.013827
1585095.69931 10.013827
1684134.02915 10.013827
1787216.77252 10.013827
1894422.2972 10.013827
2005831.44223 10.013827
2121525.04667 10.013827
2241583.94957 10.013827
2366088.98998 10.013827
2495121.00695 10.013827
2628760.83953 10.013827
2767089.32678 10.013827
2910187.30774 10.013827
3058131.79156 10.013827
3211011.1505 10.013827
3368902.51825 10.013827
3531886.73385 10.013827
3700044.63637 10.013827
3873457.06485 10.013827
4052204.85834 10.013827
4236368.8559 10.013827
4426029.89657 10.013827
4621268.8194 10.013827
4822166.46345 10.013827
5028798.33205 10.013827
5241255.78644 10.013827
5459614.47714 10.013827
5683955.2432 10.013827
5914358.92368 10.013827
6150906.35761 10.013827
6393678.38407 10.013827
6642755.84208 10.013827
6898219.57072 10.013827
7160150.40902 10.013827
7428629.19604 10.013827
7703729.6802 10.013827
7985546.70992 10.013827
8274154.20345 10.013827
8569632.99984 10.013827
8872063.93815 10.013827
9181527.85743 10.013827
9498105.59672 10.013827
9821877.99508 10.013827
10152925.8916 10.013827
10491330.1252 10.013827
10837171.5351 10.013827
11190521.8656 10.013827
11551479.9505 10.013827
11920117.7268 10.013827
12296516.0334 10.013827
12680755.7094 10.013827
13072917.5939 10.013827
13473082.5259 10.013827
13881331.3445 10.013827
14297744.8887 10.013827
14722403.9975 10.013827
15155389.5101 10.013827
15596770.9178 10.013827
16046651.5378 10.013827
16505101.0766 10.013827
16972200.3733 10.013827
17448030.267 10.013827
17932671.5965 10.013827
18426205.2011 10.013827
18928711.9198 10.013827
19440272.5916 10.013827
19960968.0556 10.013827
20490879.1508 10.013827
21030072.8664 10.013827
21578657.5014 10.013827
22136700.2827 10.013827
22704282.0494 10.013827
23281483.6404 10.013827
23868385.895 10.013827
24465069.6521 10.013827
25071615.7507 10.013827
25688105.03 10.013827
26314618.3289 10.013827
26951236.4866 10.013827
27598023.741 10.013827
28255093.8708 10.013827
28922511.3745 10.013827
29600357.091 10.013827
30288711.8594 10.013827
30987656.5188 10.013827
31697271.9083 10.013827
32417638.8668 10.013827
33148838.2334 10.013827
33890950.8472 10.013827
34644057.5472 10.013827
35408219.5712 10.013827
36183556.6757 10.013827
36970130.3816 10.013827
37768021.5278 10.013827
38577310.9535 10.013827
39398079.4976 10.013827
40230407.9993 10.013827
41074377.2975 10.013827
41930068.2314 10.013827
42797561.6399 10.013827
43676938.3622 10.013827
44568256.3865 10.013827
45471641.9456 10.013827
46387153.3336 10.013827
47314871.3894 10.013827
48254876.9522 10.013827
49207250.8609 10.013827
50172073.9547 10.013827
51149427.0725 10.013827
52139391.0535 10.013827
53142046.7367 10.013827
54157474.9611 10.013827
55185730.2165 10.013827
56226945.7101 10.013827
57281176.26 10.013827
58348502.7054 10.013827
59429005.8851 10.013827
60522766.6383 10.013827
61629865.8041 10.013827
62750384.2214 10.013827
63884402.7294 10.013827
65032002.167 10.013827
66193263.3734 10.013827
67368237.0908 10.013827
68557063.9988 10.013827
69759795.1906 10.013827
70976511.5052 10.013827
72207293.7818 10.013827
73452222.8594 10.013827
74711379.577 10.013827
75984844.7738 10.013827
77272699.2886 10.013827
78575023.9606 10.013827
79891899.6289 10.013827
81223373.039 10.013827
82569592.8412 10.013827
83930606.1547 10.013827
85306493.8186 10.013827
86697336.672 10.013827
88103215.5538 10.013827
89524211.3032 10.013827
90960404.7591 10.013827
92411876.7607 10.013827
93878708.147 10.013827
95360979.757 10.013827
96858734.0906 10.013827
98372128.2669 10.013827
99901205.1821 10.013827
101446045.675 10.013827
103006730.585 10.013827
104583340.751 10.013827
106175957.012 10.013827
107784660.207 10.013827
109409531.175 10.013827
111050650.756 10.013827
112708099.787 10.013827
114381916.275 10.013827
116072266.306 10.013827
117779188.302 10.013827
119502763.104 10.013827
121243071.551 10.013827
123000194.481 10.013827
124774212.733 10.013827
126565207.147 10.013827
128373258.562 10.013827
130198447.816 10.013827
132040855.75 10.013827
133900515.623 10.013827
135777602.987 10.013827
137672151.545 10.013827
139584242.136 10.013827
141513955.598 10.013827
143461372.772 10.013827
145426574.496 10.013827
147409641.609 10.013827
149410654.95 10.013827
151429695.359 10.013827
153466843.673 10.013827
155522128.162 10.013827
157595734.34 10.013827
159687690.939 10.013827
161798078.799 10.013827
163926978.758 10.013827
166074471.656 10.013827
168240638.331 10.013827
170425559.622 10.013827
172629316.37 10.013827
174851989.412 10.013827
177093659.588 10.013827
179354349.923 10.013827
181634256.395 10.013827
183933402.515 10.013827
186251869.124 10.013827
188589737.059 10.013827
190947087.16 10.013827
193324000.266 10.013827
195720557.217 10.013827
198136838.85 10.013827
200572926.006 10.013827
203028899.523 10.013827
205504776.936 10.013827
208000765.181 10.013827
210516882.302 10.013827
213053209.139 10.013827
215609826.53 10.013827
218186815.315 10.013827
220784256.332 10.013827
223402230.421 10.013827
