1    6.253520780919026e-09
2    9.43524630507467e-09
3    1.1630965803675692e-08
4    1.3277943518600896e-08
5    1.4492555901116016e-08
6    1.5440914639376704e-08
7    1.63208323697803e-08
8    1.688517767544108e-08
9    1.740128715402004e-08
10    1.7770331419912334e-08
11    1.805720750824415e-08
12    1.8310674636529156e-08
13    1.835920169048319e-08
14    1.8726805147468618e-08
15    1.877159036217209e-08
16    1.8774716479645175e-08
17    1.8753255746479927e-08
18    1.8822694247490538e-08
19    1.8785349894908697e-08
20    1.8730644707766738e-08
21    1.8664196940601213e-08
22    1.8563345705430187e-08
23    1.8468013139092794e-08
24    1.8368217467198726e-08
25    1.8318530381363342e-08
26    1.8213689821070527e-08
27    1.8098974517310272e-08
28    1.8095353721953e-08
29    1.792081225467794e-08
30    1.7736899748082667e-08
31    1.7547478419301183e-08
32    1.73559626198206e-08
33    1.7165303411686913e-08
34    1.697811301197347e-08
35    1.6796620295395964e-08
36    1.662220871738339e-08
37    1.6455620274345114e-08
38    1.6296667097288828e-08
39    1.6144670783499485e-08
40    1.6127323350050156e-08
41    1.5964979608689944e-08
42    1.5805636782981016e-08
43    1.5649115253171362e-08
44    1.5495133764417596e-08
45    1.528767169436509e-08
46    1.5130480061594662e-08
47    1.5048065621240434e-08
48    1.4911768853630186e-08
49    1.4773681773327277e-08
50    1.4634205369086204e-08
51    1.449390942797703e-08
52    1.4325397888565676e-08
53    1.4185916733798165e-08
54    1.40476847725207e-08
55    1.3910535625098837e-08
56    1.3758973360419313e-08
57    1.3635575598506637e-08
58    1.3512328569951525e-08
59    1.3388665838519455e-08
60    1.3264262747810005e-08
61    1.3138880237807095e-08
62    1.3012368415672155e-08
63    1.288483207316677e-08
64    1.2756388203084836e-08
65    1.2627254956358472e-08
66    1.2497707791012787e-08
67    1.2367983452786514e-08
68    1.2238376090936151e-08
69    1.21090755016823e-08
70    1.1980303558653603e-08
71    1.1852303092293863e-08
72    1.172545057799831e-08
73    1.1600012181739027e-08
74    1.147631204807958e-08
75    1.135463470014545e-08
76    1.1235264315630733e-08
77    1.1118393456806164e-08
78    1.1004193528619863e-08
79    1.0892673038183595e-08
80    1.0783868042188345e-08
81    1.067766905743394e-08
82    1.0573971252722628e-08
83    1.0472666566142718e-08
84    1.0373645812304451e-08
85    1.0276788831218687e-08
86    1.0181990143701254e-08
87    1.0089146757398141e-08
88    9.923066490855874e-09
89    9.827938720748632e-09
90    9.735156195594758e-09
91    9.644647354824166e-09
92    9.556341075677921e-09
93    9.47016912521719e-09
94    9.484907723077605e-09
95    9.403990368905996e-09
96    9.324217171004889e-09
97    9.245561079950564e-09
98    9.167962306818505e-09
99    9.091403851567726e-09
100    9.01585902880035e-09
101    8.94131271139953e-09
102    8.867746448741914e-09
103    8.795127476548681e-09
104    8.723432410781223e-09
105    8.652648000365817e-09
106    8.58275297429505e-09
107    8.513716120201542e-09
108    8.445503720607771e-09
109    8.378061772840528e-09
110    8.311336625633904e-09
111    8.245281084469134e-09
112    8.179839833436763e-09
113    8.114955437696152e-09
114    8.050564000814214e-09
115    7.986598171047238e-09
116    7.9229996564271e-09
117    7.859726030986562e-09
118    7.796742201415868e-09
119    7.734012657974056e-09
120    7.671510198465722e-09
121    7.609214464090605e-09
122    7.547139368096667e-09
123    7.48531861608421e-09
124    7.423780137493174e-09
125    7.362548279124375e-09
126    7.301649104374308e-09
127    7.2411286817458905e-09
128    7.181047542226042e-09
129    7.121468149198408e-09
130    7.062448096103957e-09
131    7.004045624019572e-09
132    6.946325387133012e-09
133    6.889341748745426e-09
134    6.8331481749816246e-09
135    6.77779585951331e-09
136    6.723330914060775e-09
137    6.669801544995506e-09
138    6.617249932253947e-09
139    6.5657083250862575e-09
140    6.515197896908415e-09
141    6.465733500560146e-09
142    6.417324016860645e-09
143    6.369969210050427e-09
144    6.356298013904679e-09
145    6.304609461469626e-09
146    6.253775259687815e-09
147    6.203811720367964e-09
148    6.154744542400641e-09
149    6.106616310311752e-09
150    6.059449303165968e-09
151    6.013227851463843e-09
152    5.9679513213553875e-09
153    5.923640503196494e-09
154    5.8802892869280995e-09
155    5.837866109500244e-09
156    5.837276913910147e-09
157    5.801263714822717e-09
158    5.765766835063984e-09
159    5.730741666032793e-09
160    5.696145012807987e-09
161    5.66194601236264e-09
162    5.628117574988571e-09
163    5.594634853259777e-09
164    5.561475586271213e-09
165    5.528616787529299e-09
166    5.496029693790815e-09
167    5.463683638702209e-09
168    5.431552829724378e-09
169    5.399619202048318e-09
170    5.367866471364617e-09
171    5.3362715791704196e-09
172    5.304810418232399e-09
173    5.273461307543574e-09
174    5.24220589912824e-09
175    5.211033232711982e-09
176    5.179935733806084e-09
177    5.14890533095853e-09
178    5.117932452250237e-09
179    5.087004819336797e-09
180    5.056117659410966e-09
181    5.025274890271003e-09
182    4.994487183991692e-09
183    4.963765042474749e-09
184    4.933109361338828e-09
185    4.902520584133984e-09
186    4.872009196958231e-09
187    4.841598778403028e-09
188    4.811310658454912e-09
189    4.781151965115173e-09
190    4.7511286099085305e-09
191    4.721254454110796e-09
192    4.691556817279959e-09
193    4.662062650659545e-09
194    4.6327892012062575e-09
195    4.603747286265746e-09
196    4.574948975349717e-09
197    4.5464132561149865e-09
198    4.518161235558778e-09
199    4.490205698506717e-09
200    4.462552048587436e-09
201    4.435206318537765e-09
202    4.408181719268365e-09
203    4.3814928931422985e-09
204    4.3551440067371565e-09
205    4.3675070100599305e-09
206    4.344655232184214e-09
207    4.322001511948816e-09
208    4.299539620298692e-09
209    4.277262022764815e-09
210    4.255162757173992e-09
211    4.233235902972447e-09
212    4.211474428215615e-09
213    4.189869792298486e-09
214    4.110073324975257e-09
215    4.0873617402451095e-09
216    4.064954231814876e-09
217    4.042844451287808e-09
218    4.0210275508895605e-09
219    3.999497307548803e-09
220    3.978245495852856e-09
221    3.957263393205081e-09
222    3.936543771484185e-09
223    3.916080599302136e-09
224    3.895867807722059e-09
225    3.875899530031815e-09
226    3.856170043350436e-09
227    3.836672603174035e-09
228    3.817397675902495e-09
229    3.7983361536053775e-09
230    3.779480673823374e-09
231    3.760825260914974e-09
232    3.7423640585096536e-09
233    3.7240918112077814e-09
234    3.7060043602021073e-09
235    3.688097862031317e-09
236    3.6703676989581186e-09
237    3.6528089977405723e-09
238    3.6354164471860332e-09
239    3.6181847443663585e-09
240    3.60110827880599e-09
241    3.5841810071635667e-09
242    3.567397766203408e-09
243    3.5507558160689592e-09
244    3.5342528679292543e-09
245    3.5178868907981872e-09
246    3.5016557177993927e-09
247    3.4855556754238022e-09
248    3.469579477998409e-09
249    3.453719315237868e-09
250    3.437967998660806e-09
251    3.422319823132471e-09
252    3.406771596742785e-09
253    3.3913211723709965e-09
254    3.375964687655072e-09
255    3.3606998334271045e-09
256    3.345528283582645e-09
257    3.3304511984189338e-09
258    3.3154666947837045e-09
259    3.300570788696865e-09
260    3.285759385040128e-09
261    3.2710283535869363e-09
262    3.2563728409411324e-09
263    3.241787600920725e-09
264    3.227267631608964e-09
265    3.212809019133071e-09
266    3.1984090148018172e-09
267    3.1840639412297186e-09
268    3.1697698985128784e-09
269    3.1555233535586035e-09
270    3.1413209877821676e-09
271    3.127159683885877e-09
272    3.113036370314161e-09
273    3.0989488313071425e-09
274    3.084895619243685e-09
275    3.0708747729396234e-09
276    3.056885017875786e-09
277    3.042925699419699e-09
278    3.0289964421313277e-09
279    3.0150981178321957e-09
280    3.0012322991660335e-09
281    2.987400927331872e-09
282    2.973669821981627e-09
283    2.9600522062989045e-09
284    2.9464701813035085e-09
285    2.8952685797002615e-09
286    2.8838112331956982e-09
287    2.872522016387004e-09
288    2.8613948461624338e-09
289    2.8504233821651675e-09
290    2.8396009219992058e-09
291    2.8289193477834666e-09
292    2.8183690110555577e-09
293    2.8079397302945875e-09
294    2.7976224243709437e-09
295    2.7874087254219304e-09
296    2.7772912028010474e-09
297    2.767262395342382e-09
298    2.7573145617357205e-09
299    2.7474401622918305e-09
300    2.7376327289793796e-09
301    2.7278892183927153e-09
302    2.718207105348857e-09
303    2.708584023118727e-09
304    2.6990179707616095e-09
305    2.6895056761724487e-09
306    2.6800408946295477e-09
307    2.670617004939329e-09
308    2.66122763410391e-09
309    2.6518670332062282e-09
310    2.6161928190404978e-09
311    2.6048440986066853e-09
312    2.593622483695945e-09
313    2.5825291030425865e-09
314    2.571565023494898e-09
315    2.5607315895821493e-09
316    2.5500307482275823e-09
317    2.539464252832182e-09
318    2.529032961175749e-09
319    2.5187361163681473e-09
320    2.5085717754491697e-09
321    2.498537479535303e-09
322    2.488630690642295e-09
323    2.47884847658212e-09
324    2.46918792158578e-09
325    2.4596465930191722e-09
326    2.4502222261812136e-09
327    2.440912082729915e-09
328    2.431713275239124e-09
329    2.422622483076701e-09
330    2.4136363211421008e-09
331    2.4047513613157303e-09
332    2.3959642860905512e-09
333    2.3872720240199833e-09
334    2.378671095501535e-09
335    2.3701573134241115e-09
336    2.3617265047622616e-09
337    2.3533744929842634e-09
338    2.3450969538644397e-09
339    2.3368898559174286e-09
340    2.328749783656954e-09
341    2.3206733002204253e-09
342    2.3126567877207333e-09
343    2.304697123582267e-09
344    2.2967910068114136e-09
345    2.288934062320115e-09
346    2.281121525040673e-09
347    2.2733486303800507e-09
348    2.265611057438885e-09
349    2.257906776767558e-09
350    2.250235290429862e-09
351    2.2425960569367342e-09
352    2.234988537408294e-09
353    2.2274116356607417e-09
354    2.219861680515706e-09
355    2.21233393843686e-09
356    2.2048242211633667e-09
357    2.1973292813286605e-09
358    2.189846729170408e-09
359    2.1823765779090025e-09
360    2.1749195987946296e-09
361    2.1674762369328286e-09
362    2.1600466715526685e-09
363    2.1526306801360708e-09
364    2.14522690379434e-09
365    2.1378341775741037e-09
366    2.13045155018068e-09
367    2.1230782983968623e-09
368    2.1157141387255345e-09
369    2.108359581433391e-09
370    2.1010151659056413e-09
371    2.093681679436341e-09
372    2.0863603222079035e-09
373    2.079051742152318e-09
374    2.0717555854181923e-09
375    2.064471345851406e-09
376    2.057198502075009e-09
377    2.0499365472307083e-09
378    2.0426860405332803e-09
379    2.035448581516799e-09
380    2.0282260019013116e-09
381    2.0210201834592206e-09
382    2.013833208477536e-09
383    2.006665880140263e-09
384    1.9995181208894884e-09
385    1.992389960062019e-09
386    1.9852814112494152e-09
387    1.978192346688975e-09
388    1.9711236607328943e-09
389    1.96407679558468e-09
390    1.957053429647145e-09
391    1.9500552339938954e-09
392    1.9430837586698883e-09
393    1.9361400062770273e-09
394    1.9063992185403556e-09
395    1.8996375898895806e-09
396    1.8929568127390172e-09
397    1.886354538727057e-09
398    1.879828462932073e-09
399    1.873376313103291e-09
400    1.8669963022777067e-09
401    1.8606882407302246e-09
402    1.8544520275209524e-09
403    1.8482873149015007e-09
404    1.8421937374188536e-09
405    1.8361705311064097e-09
406    1.8302156641971976e-09
407    1.8243268737900243e-09
408    1.8185019403797793e-09
409    1.8127386866859419e-09
410    1.8070352389890028e-09
411    1.8013905508157104e-09
412    1.7958035866911125e-09
413    1.7902730338596435e-09
414    1.7984330251910567e-09
415    1.7923423139827861e-09
416    1.7862987890478048e-09
417    1.7803027742188565e-09
418    1.7743540460866286e-09
419    1.7684522837898784e-09
420    1.7625972383842793e-09
421    1.7567887935228389e-09
422    1.7510268734154118e-09
423    1.7453114034564034e-09
424    1.7396423161402915e-09
425    1.7340196477026023e-09
426    1.728443234497875e-09
427    1.7229125482924947e-09
428    1.7174270272380091e-09
429    1.7119861170340613e-09
430    1.7065892723406009e-09
431    1.701236075883349e-09
432    1.6959263515439444e-09
433    1.690660093756107e-09
434    1.6854373121785716e-09
435    1.6802579172278555e-09
436    1.675121537208498e-09
437    1.670027652228671e-09
438    1.6649758134391038e-09
439    1.6599655578600973e-09
440    1.6549961339022217e-09
441    1.6500667341720264e-09
442    1.6451767097398493e-09
443    1.6403254322021214e-09
444    1.6355122856038683e-09
445    1.6307366170360956e-09
446    1.6259974241059373e-09
447    1.621293562951541e-09
448    1.6166239636595688e-09
449    1.6119876048801183e-09
450    1.6073834657747056e-09
451    1.6028104504592915e-09
452    1.5982674583575015e-09
453    1.5937533977784121e-09
454    1.5892672023546471e-09
455    1.5848081433852332e-09
456    1.5803760657783631e-09
457    1.5759707432869877e-09
458    1.5715919326513687e-09
459    1.5672393931872915e-09
460    1.5629128699469855e-09
461    1.5620521782460332e-09
462    1.55772567794511e-09
463    1.553411290660185e-09
464    1.5491089344064168e-09
465    1.5448184905366782e-09
466    1.5405397150672862e-09
467    1.5362723386614737e-09
468    1.532016079138356e-09
469    1.527770632784833e-09
470    1.5235357573585125e-09
471    1.519311415942162e-09
472    1.5150976123067701e-09
473    1.5108943472086876e-09
474    1.5067016197173974e-09
475    1.5025194745270377e-09
476    1.4983479989950226e-09
477    1.494187273499931e-09
478    1.4900373685022454e-09
479    1.4858983747626667e-09
480    1.4817703998768798e-09
481    1.4769710569338591e-09
482    1.473066053836386e-09
483    1.4691758988273631e-09
484    1.4653005639740064e-09
485    1.4614396267222946e-09
486    1.4575924245982395e-09
487    1.4537582404249628e-09
488    1.4499363697225192e-09
489    1.4461261775135972e-09
490    1.442327143956946e-09
491    1.4385387715913391e-09
492    1.4347605751871404e-09
493    1.4309922062103657e-09
494    1.4272335681825351e-09
495    1.423484699912603e-09
496    1.4197456829184735e-09
497    1.4160165848454122e-09
498    1.412297477393697e-09
499    1.4085884988068353e-09
500    1.4048898022186657e-09
501    1.4012012787384821e-09
502    1.3975226615676518e-09
503    1.3938536908061603e-09
504    1.3901941233248956e-09
505    1.3865436547982588e-09
506    1.382901958814249e-09
507    1.3792687182069473e-09
508    1.375643661511946e-09
509    1.3720267189052899e-09
510    1.3684180056150977e-09
511    1.3648176668046667e-09
512    1.361225838444142e-09
513    1.357642667680076e-09
514    1.3540682899964587e-09
515    1.350502833959146e-09
516    1.3469464384160627e-09
517    1.3433992516766565e-09
518    1.3398613877504277e-09
519    1.336332889032585e-09
520    1.3328138353211197e-09
521    1.3293043423084384e-09
522    1.3258044699796439e-09
523    1.3223143934709606e-09
524    1.318834303277337e-09
525    1.3153643509178924e-09
526    1.3119046844488465e-09
527    1.3084554442182845e-09
528    1.305016680554826e-09
529    1.3015883615948811e-09
530    1.298170459754215e-09
531    1.2947631079250182e-09
532    1.2913666345819413e-09
533    1.287981368913695e-09
534    1.2846076278328105e-09
535    1.281245720242755e-09
536    1.2778959692436169e-09
537    1.2745587434961057e-09
538    1.271234521289637e-09
539    1.267923518184934e-09
540    1.2646257926640936e-09
541    1.2613413988734101e-09
542    1.258070343577697e-09
543    1.2548124555689011e-09
544    1.2515675215877144e-09
545    1.248335329601317e-09
546    1.2451158462588964e-09
547    1.2419095525113631e-09
548    1.2387171247286605e-09
549    1.2355392433835194e-09
550    1.2323765773885388e-09
551    1.2292297834828203e-09
552    1.2260994923011535e-09
553    1.2229862801357795e-09
554    1.2198903613567648e-09
555    1.216811635981189e-09
556    1.2137499724476793e-09
557    1.2107052280356984e-09
558    1.2076772518372267e-09
559    1.204665892742296e-09
560    1.201671008129887e-09
561    1.19869257660656e-09
562    1.1957310263178737e-09
563    1.1927868587791512e-09
564    1.1898605112076836e-09
565    1.186952393907596e-09
566    1.1840629052937392e-09
567    1.1811924520408406e-09
568    1.1783414353151397e-09
569    1.1755100758573765e-09
570    1.1726983572660126e-09
571    1.1699062406974637e-09
572    1.1671336631302012e-09
573    1.16438050410825e-09
574    1.1616465603401172e-09
575    1.1589316215113376e-09
576    1.156235494358517e-09
577    1.1535581274903376e-09
578    1.1508994829880671e-09
579    1.148259509301726e-09
580    1.1456381541730394e-09
581    1.1430353454346057e-09
582    1.1404509790042788e-09
583    1.1378849563163325e-09
584    1.1353370357482221e-09
585    1.132806730740692e-09
586    1.1302936071828499e-09
587    1.1277973194301346e-09
588    1.1253175321329546e-09
589    1.1228539260939841e-09
590    1.1204061966523813e-09
591    1.1179739886179216e-09
592    1.1155570893503575e-09
593    1.113155422733168e-09
594    1.1107689047390674e-09
595    1.1083974167811612e-09
596    1.1060407966424088e-09
597    1.1036988674646843e-09
598    1.1013714551091457e-09
599    1.0990582947157879e-09
