18  1.8785797392166797e-08  1.627711837186033e-09  5.834407001469093e-18
54  1.4034670854545576e-08  7.084965381574632e-10  6.482674446076769e-19
90  9.633851937678222e-09  3.7740654684111054e-10  2.33376280058764e-19
126  7.123661946600905e-09  2.360433615322337e-10  1.1906953064222642e-19
162  5.402004190888508e-09  1.5792903653373734e-10  7.202971606751969e-20
198  4.2607541602926426e-09  1.1270416686858728e-10  4.82182396815627e-20
234  3.4277429443953465e-09  8.342007458951773e-11  3.452311835188815e-20
270  2.8503651308880524e-09  6.458781811999922e-11  2.5930697784307042e-20
306  2.3716216090947423e-09  5.048518024464488e-11  2.0188259520654254e-20
342  2.002033248797483e-09  4.0315750572997134e-11  1.6161792247836818e-20
378  1.7271670402731501e-09  3.3085305685697065e-11  1.3229947849136263e-20
414  1.4804600898229958e-09  2.709993121412927e-11  1.1029124766482204e-20
450  1.2887442201156051e-09  2.2628360273119493e-11  9.335051202350539e-21
486  1.145393607298982e-09  1.935294598031142e-11  8.003301785279945e-21
522  1.009633788408163e-09  1.6460934266126075e-11  6.937463735397248e-21
558  8.940229613478772e-10  1.4098432717506e-11  6.071183144088556e-21
594  7.959936534038e-10  1.2166549498723988e-11  5.3575821868403e-21
