4.580e+03 0.039270
2.453e+04 0.078540
3.361e+04 0.117810
5.426e+04 0.157080
7.625e+04 0.196350
1.067e+05 0.235619
1.239e+05 0.274889
1.615e+05 0.314159
1.829e+05 0.353429
1.941e+05 0.392699
2.306e+05 0.431969
2.567e+05 0.471239
2.832e+05 0.510509
3.114e+05 0.549779
3.358e+05 0.589049
3.576e+05 0.628319
4.059e+05 0.667588
4.496e+05 0.706858
4.780e+05 0.746128
5.368e+05 0.785398
5.517e+05 0.824668
5.717e+05 0.863938
6.117e+05 0.903208
6.530e+05 0.942478
6.862e+05 0.981748
7.376e+05 1.021018
7.845e+05 1.060288
7.974e+05 1.099557
8.589e+05 1.138827
9.090e+05 1.178097
9.380e+05 1.217367
1.012e+06 1.256637
1.039e+06 1.295907
1.069e+06 1.335177
1.128e+06 1.374447
1.172e+06 1.413717
1.219e+06 1.452987
1.278e+06 1.492257
1.325e+06 1.531526
1.389e+06 1.570796
1.441e+06 1.610066
1.489e+06 1.649336
1.531e+06 1.688606
1.613e+06 1.727876
1.655e+06 1.767146
1.732e+06 1.806416
1.770e+06 1.845686
1.849e+06 1.884956
1.865e+06 1.924226
1.950e+06 1.963495
2.017e+06 2.002765
2.092e+06 2.042035
2.161e+06 2.081305
2.181e+06 2.120575
2.287e+06 2.159845
2.364e+06 2.199115
2.409e+06 2.238385
2.492e+06 2.277655
2.601e+06 2.316925
2.670e+06 2.356195
2.741e+06 2.395464
2.745e+06 2.434734
2.897e+06 2.474004
2.964e+06 2.513274
3.028e+06 2.552544
3.084e+06 2.591814
3.167e+06 2.631084
3.299e+06 2.670354
3.317e+06 2.709624
3.416e+06 2.748894
3.495e+06 2.788164
3.600e+06 2.827433
3.641e+06 2.866703
3.772e+06 2.905973
3.860e+06 2.945243
3.941e+06 2.984513
4.055e+06 3.023783
4.135e+06 3.063053
4.217e+06 3.102323
4.318e+06 3.141593
4.409e+06 3.180863
4.529e+06 3.220133
4.606e+06 3.259402
4.745e+06 3.298672
4.812e+06 3.337942
4.911e+06 3.377212
4.975e+06 3.416482
5.098e+06 3.455752
5.233e+06 3.495022
5.341e+06 3.534292
5.452e+06 3.573562
5.562e+06 3.612832
5.620e+06 3.652102
5.749e+06 3.691371
5.913e+06 3.730641
6.024e+06 3.769911
6.072e+06 3.809181
6.187e+06 3.848451
6.305e+06 3.887721
6.433e+06 3.926991
6.562e+06 3.966261
6.681e+06 4.005531
6.848e+06 4.044801
6.985e+06 4.084071
7.060e+06 4.123340
7.136e+06 4.162610
7.320e+06 4.201880
7.381e+06 4.241150
7.542e+06 4.280420
7.679e+06 4.319690
7.862e+06 4.358960
7.939e+06 4.398230
8.072e+06 4.437500
8.211e+06 4.476770
8.403e+06 4.516040
8.550e+06 4.555309
8.646e+06 4.594579
8.868e+06 4.633849
9.001e+06 4.673119
9.146e+06 4.712389
9.284e+06 4.751659
9.457e+06 4.790929
9.578e+06 4.830199
9.679e+06 4.869469
9.908e+06 4.908739
1.004e+07 4.948009
1.022e+07 4.987278
1.043e+07 5.026548
1.052e+07 5.065818
1.071e+07 5.105088
1.081e+07 5.144358
1.102e+07 5.183628
1.114e+07 5.222898
1.131e+07 5.262168
1.150e+07 5.301438
1.165e+07 5.340708
1.182e+07 5.379978
1.203e+07 5.419247
1.226e+07 5.458517
1.236e+07 5.497787
1.259e+07 5.537057
1.278e+07 5.576327
1.293e+07 5.615597
1.314e+07 5.654867
1.336e+07 5.694137
1.351e+07 5.733407
1.376e+07 5.772677
1.390e+07 5.811947
1.418e+07 5.851216
1.438e+07 5.890486
1.453e+07 5.929756
1.481e+07 5.969026
1.498e+07 6.008296
1.515e+07 6.047566
1.540e+07 6.086836
1.560e+07 6.126106
1.583e+07 6.165376
1.607e+07 6.204646
1.622e+07 6.243916
1.649e+07 6.283185
1.675e+07 6.322455
1.699e+07 6.361725
1.723e+07 6.400995
1.742e+07 6.440265
1.772e+07 6.479535
1.796e+07 6.518805
1.815e+07 6.558075
1.842e+07 6.597345
1.867e+07 6.636615
1.892e+07 6.675885
1.916e+07 6.715154
1.940e+07 6.754424
1.975e+07 6.793694
2.004e+07 6.832964
2.018e+07 6.872234
2.048e+07 6.911504
2.072e+07 6.950774
2.108e+07 6.990044
2.126e+07 7.029314
2.156e+07 7.068584
2.186e+07 7.107854
2.210e+07 7.147123
2.236e+07 7.186393
2.276e+07 7.225663
2.300e+07 7.264933
2.339e+07 7.304203
2.366e+07 7.343473
2.387e+07 7.382743
2.418e+07 7.422013
2.455e+07 7.461283
2.483e+07 7.500553
2.513e+07 7.539823
2.545e+07 7.579092
2.574e+07 7.618362
2.603e+07 7.657632
2.646e+07 7.696902
2.678e+07 7.736172
2.714e+07 7.775442
2.757e+07 7.814712
2.784e+07 7.853982
2.807e+07 7.893252
2.856e+07 7.932522
2.874e+07 7.971792
2.915e+07 8.011061
2.952e+07 8.050331
2.983e+07 8.089601
3.009e+07 8.128871
3.064e+07 8.168141
3.096e+07 8.207411
3.132e+07 8.246681
3.173e+07 8.285951
3.207e+07 8.325221
3.245e+07 8.364491
3.291e+07 8.403761
3.321e+07 8.443030
3.373e+07 8.482300
3.404e+07 8.521570
3.442e+07 8.560840
3.496e+07 8.600110
3.537e+07 8.639380
3.571e+07 8.678650
3.624e+07 8.717920
3.654e+07 8.757190
3.710e+07 8.796460
3.744e+07 8.835730
3.785e+07 8.874999
3.841e+07 8.914269
3.888e+07 8.953539
3.937e+07 8.992809
3.975e+07 9.032079
4.026e+07 9.071349
4.058e+07 9.110619
4.108e+07 9.149889
4.160e+07 9.189159
4.200e+07 9.228429
4.247e+07 9.267699
4.292e+07 9.306968
4.351e+07 9.346238
4.394e+07 9.385508
4.442e+07 9.424778
4.492e+07 9.464048
4.544e+07 9.503318
4.601e+07 9.542588
4.650e+07 9.581858
4.685e+07 9.621128
4.738e+07 9.660398
4.795e+07 9.699668
4.839e+07 9.738937
4.899e+07 9.778207
4.941e+07 9.817477
5.011e+07 9.856747
5.059e+07 9.896017
5.116e+07 9.935287
5.186e+07 9.974557
5.233e+07 10.013827
