82.1278978777 10.013827
657.023183022 10.013827
2217.4532427 10.013827
5256.18546418 10.013827
10265.9872347 10.013827
17739.4000751 10.013827
28169.5615426 10.013827
42049.0821726 10.013827
59870.7293527 10.013827
82127.2704699 10.013827
109311.472912 10.013827
141916.104065 10.013827
180433.931317 10.013827
225357.722056 10.013827
277180.243668 10.013827
336394.263542 10.013827
403490.735858 10.013827
478965.834821 10.013827
563310.721659 10.013827
657018.163759 10.013827
760580.928508 10.013827
874491.783293 10.013827
999243.495501 10.013827
1135328.83252 10.013827
1283240.56174 10.013827
1443471.45054 10.013827
1616514.26631 10.013827
1802856.85758 10.013827
2003001.47184 10.013827
2217436.30269 10.013827
2446654.11751 10.013827
2691147.68369 10.013827
2951409.76861 10.013827
3227933.13968 10.013827
3521210.56426 10.013827
3831734.80976 10.013827
4159998.64355 10.013827
4506494.83302 10.013827
4871706.60272 10.013827
5256145.31007 10.013827
5660294.66272 10.013827
6084647.42806 10.013827
6529696.37347 10.013827
6995934.26634 10.013827
7483853.87406 10.013827
7993947.96401 10.013827
8526709.30358 10.013827
9082630.66016 10.013827
9662204.80114 10.013827
10265908.8087 10.013827
10894266.187 10.013827
11547754.6392 10.013827
12226866.9329 10.013827
12932095.8353 10.013827
13663934.1139 10.013827
14422874.5361 10.013827
15209409.8692 10.013827
16024032.8807 10.013827
16867236.3379 10.013827
17739513.0081 10.013827
18641332.3131 10.013827
19573232.94 10.013827
20535685.0697 10.013827
21529181.4695 10.013827
22554214.9068 10.013827
23611278.1489 10.013827
24700863.9633 10.013827
25823465.1174 10.013827
26979574.3785 10.013827
28169684.5141 10.013827
29394288.2915 10.013827
30653845.9533 10.013827
31948914.4067 10.013827
33279954.7916 10.013827
34647459.8753 10.013827
36051922.4252 10.013827
37493835.2087 10.013827
38973690.9931 10.013827
40491982.546 10.013827
42049202.6346 10.013827
43645844.0263 10.013827
45282399.4886 10.013827
46959318.5668 10.013827
48677179.4245 10.013827
50436432.6424 10.013827
52237570.9878 10.013827
54081087.2281 10.013827
55967474.1307 10.013827
57897224.4631 10.013827
59870830.9925 10.013827
61888786.4863 10.013827
63951583.7121 10.013827
66059715.437 10.013827
68213618.991 10.013827
70413896.8308 10.013827
72660987.4595 10.013827
74955383.6444 10.013827
77297578.153 10.013827
79688063.7525 10.013827
82127333.2105 10.013827
84615879.2943 10.013827
87154194.7712 10.013827
89742772.4088 10.013827
92382104.9742 10.013827
95072616.0635 10.013827
97814935.4632 10.013827
100609488.08 10.013827
103456766.683 10.013827
106357264.037 10.013827
109311472.912 10.013827
112319886.073 10.013827
115382996.289 10.013827
118501296.327 10.013827
121675278.954 10.013827
124905436.938 10.013827
128192178.622 10.013827
131536164.159 10.013827
134937803.343 10.013827
138397588.94 10.013827
141916013.718 10.013827
145493570.445 10.013827
149130751.888 10.013827
152828050.814 10.013827
156585959.99 10.013827
160404972.185 10.013827
164285580.165 10.013827
168228175.503 10.013827
172233451.756 10.013827
176301802.084 10.013827
180433719.254 10.013827
184629696.034 10.013827
188890225.191 10.013827
193215799.493 10.013827
197606911.707 10.013827
202064054.6 10.013827
206587720.939 10.013827
211178403.493 10.013827
215836475.545 10.013827
220562667.091 10.013827
225357353.141 10.013827
230221026.462 10.013827
235154179.821 10.013827
240157305.987 10.013827
245230897.725 10.013827
250375447.805 10.013827
255591448.992 10.013827
260879394.054 10.013827
266239775.76 10.013827
271672947.585 10.013827
277179679.002 10.013827
282760325.352 10.013827
288415379.401 10.013827
294145333.918 10.013827
299950681.669 10.013827
305831915.423 10.013827
311789527.945 10.013827
317824012.005 10.013827
323935860.368 10.013827
330125565.803 10.013827
336393460.461 10.013827
342740356.327 10.013827
349166587.554 10.013827
355672646.91 10.013827
362259027.162 10.013827
368926221.077 10.013827
375674721.422 10.013827
382505020.966 10.013827
389417612.475 10.013827
396412988.717 10.013827
403491642.459 10.013827
410653883.009 10.013827
417900567.902 10.013827
425232008.585 10.013827
432648697.825 10.013827
440151128.389 10.013827
447739793.046 10.013827
455415184.562 10.013827
463177795.704 10.013827
471028119.241 10.013827
478966647.94 10.013827
486993874.567 10.013827
495110084.069 10.013827
503316182.566 10.013827
511612457.282 10.013827
519999400.984 10.013827
528477506.439 10.013827
537047266.415 10.013827
545709173.679 10.013827
554463720.998 10.013827
563311401.14 10.013827
572252706.873 10.013827
581288130.963 10.013827
590417932.476 10.013827
599643069.155 10.013827
608963802.482 10.013827
618380625.224 10.013827
627894030.147 10.013827
637504510.02 10.013827
647212557.61 10.013827
657018665.684 10.013827
666923327.01 10.013827
676927034.354 10.013827
687030280.485 10.013827
697233297.068 10.013827
707537096.508 10.013827
717941913.024 10.013827
728448239.383 10.013827
739056568.353 10.013827
749767392.701 10.013827
760581205.194 10.013827
771498498.6 10.013827
782519765.687 10.013827
793645499.221 10.013827
804876191.971 10.013827
816212046.684 10.013827
827654133.462 10.013827
839202657.744 10.013827
850858112.298 10.013827
862620989.892 10.013827
874491783.293 10.013827
886470985.268 10.013827
898559088.584 10.013827
910756586.01 10.013827
923063970.312 10.013827
935481734.257 10.013827
948010050.16 10.013827
960650048.853 10.013827
973401905.48 10.013827
986266112.807 10.013827
999243163.603 10.013827
1012333550.63 10.013827
1025537766.67 10.013827
1038856304.47 10.013827
1052289656.82 10.013827
1065838316.46 10.013827
1079502776.18 10.013827
1093283176.33 10.013827
1107180711.52 10.013827
1121195525.07 10.013827
1135328109.75 10.013827
1149578958.32 10.013827
1163948563.56 10.013827
1178437418.23 10.013827
1193046015.1 10.013827
1207774846.94 10.013827
1222624406.51 10.013827
1237595186.58 10.013827
1252687294.04 10.013827
1267901990.3 10.013827
1283239385.35 10.013827
1298699971.96 10.013827
1314284242.89 10.013827
1329992690.92 10.013827
1345825808.8 10.013827
1361784089.32 10.013827
