4.87410597115 10.013827
38.9928477692 10.013827
131.600861221 10.013827
311.942782154 10.013827
609.263246394 10.013827
1052.7934851 10.013827
1671.80010285 10.013827
2495.51842669 10.013827
3553.19309243 10.013827
4874.06873591 10.013827
6487.38999295 10.013827
8422.40149937 10.013827
10708.347891 10.013827
13374.4738037 10.013827
16450.0238733 10.013827
19964.2427355 10.013827
23946.2674166 10.013827
28425.5447394 10.013827
33431.2240177 10.013827
38992.5498873 10.013827
45138.7669839 10.013827
51899.1199436 10.013827
59302.853402 10.013827
67379.211995 10.013827
76157.4403584 10.013827
85666.7831282 10.013827
95936.4849399 10.013827
106995.498506 10.013827
118873.631085 10.013827
131599.855869 10.013827
145203.417494 10.013827
159713.560596 10.013827
175159.52981 10.013827
191570.569771 10.013827
208975.925117 10.013827
227404.840483 10.013827
246886.560504 10.013827
267450.329817 10.013827
289124.826711 10.013827
311940.399098 10.013827
335925.75394 10.013827
361110.135871 10.013827
387522.789529 10.013827
415192.959549 10.013827
444149.890565 10.013827
474422.827216 10.013827
506041.014135 10.013827
539033.69596 10.013827
573430.117325 10.013827
609258.591988 10.013827
646550.188735 10.013827
685333.258186 10.013827
725637.044976 10.013827
767490.793742 10.013827
810923.749118 10.013827
855965.155742 10.013827
902644.258248 10.013827
950990.301273 10.013827
1001032.52945 10.013827
1052800.18742 10.013827
1106321.1343 10.013827
1161627.33995 10.013827
1218746.70857 10.013827
1277708.48477 10.013827
1338541.91319 10.013827
1401276.23848 10.013827
1465940.70526 10.013827
1532564.55817 10.013827
1601177.04185 10.013827
1671807.40094 10.013827
1744484.88006 10.013827
1819236.79359 10.013827
1896096.19271 10.013827
1975090.44504 10.013827
2056248.7952 10.013827
2139600.48783 10.013827
2225174.76758 10.013827
2313000.87907 10.013827
2403108.06694 10.013827
2495525.57583 10.013827
2590282.65038 10.013827
2687408.53521 10.013827
2786929.90984 10.013827
2888881.08697 10.013827
2993288.80756 10.013827
3100182.31623 10.013827
3209590.85763 10.013827
3321543.67639 10.013827
3436070.01714 10.013827
3553199.12452 10.013827
3672960.24317 10.013827
3795382.61773 10.013827
3920495.49282 10.013827
4048324.82298 10.013827
4178906.36268 10.013827
4312266.13609 10.013827
4448433.38783 10.013827
4587437.36254 10.013827
4729307.30486 10.013827
4874072.45942 10.013827
5021762.07087 10.013827
5172405.38383 10.013827
5326031.64294 10.013827
5482670.09284 10.013827
5642345.87299 10.013827
5805096.35981 10.013827
5970946.77058 10.013827
6139926.34993 10.013827
6312064.34251 10.013827
6487389.99295 10.013827
6665932.54587 10.013827
6847721.24593 10.013827
7032785.33776 10.013827
7221154.06598 10.013827
7412856.67525 10.013827
7607917.39982 10.013827
7806375.41831 10.013827
8008255.05099 10.013827
8213585.54252 10.013827
8422396.13751 10.013827
8634716.08061 10.013827
8850574.61646 10.013827
9070000.98968 10.013827
9293024.44492 10.013827
9519674.22681 10.013827
9749979.57998 10.013827
9983963.74342 10.013827
10221667.8781 10.013827
10463115.3173 10.013827
10708335.3055 10.013827
10957357.0875 10.013827
11210209.9078 10.013827
11466923.0111 10.013827
11727525.6421 10.013827
11992047.0453 10.013827
12260516.4654 10.013827
12532963.147 10.013827
12809409.2438 10.013827
13089898.0792 10.013827
13374451.9094 10.013827
13663099.9789 10.013827
13955871.5324 10.013827
14252795.8145 10.013827
14553902.0698 10.013827
14859219.543 10.013827
15168777.4788 10.013827
15482605.1216 10.013827
15800731.7163 10.013827
16123178.2408 10.013827
16449990.3616 10.013827
16781189.1673 10.013827
17116803.9027 10.013827
17456863.8122 10.013827
17801398.1406 10.013827
18150436.1325 10.013827
18504007.0326 10.013827
18862140.0854 10.013827
19224864.5356 10.013827
19592209.6278 10.013827
19964195.0745 10.013827
20340869.0652 10.013827
20722251.431 10.013827
21108371.4167 10.013827
21499258.2669 10.013827
21894941.2262 10.013827
22295449.5392 10.013827
22700812.4506 10.013827
23111059.205 10.013827
23526219.0471 10.013827
23946321.2214 10.013827
24371384.0848 10.013827
24801458.5299 10.013827
25236563.0404 10.013827
25676726.861 10.013827
26121979.2364 10.013827
26572349.4111 10.013827
27027866.6298 10.013827
27488560.1371 10.013827
27954459.1777 10.013827
28425592.9962 10.013827
28901990.8372 10.013827
29383669.6116 10.013827
29870683.0957 10.013827
30363048.3355 10.013827
30860794.5756 10.013827
31363951.0607 10.013827
31872547.0353 10.013827
32386611.7443 10.013827
32906174.4321 10.013827
33431264.3434 10.013827
33961910.7228 10.013827
34498142.8151 10.013827
35039975.995 10.013827
35587467.1026 10.013827
36140631.6562 10.013827
36699498.9003 10.013827
37264098.0797 10.013827
37834458.4389 10.013827
38410609.2226 10.013827
38992579.6754 10.013827
39580399.042 10.013827
40174096.5669 10.013827
40773701.495 10.013827
41379227.5748 10.013827
41990734.8905 10.013827
42608237.3424 10.013827
43231764.1751 10.013827
43861344.6333 10.013827
44497007.9616 10.013827
45138783.4046 10.013827
45786700.207 10.013827
46440787.6135 10.013827
47101074.8685 10.013827
47767591.2168 10.013827
48440348.6911 10.013827
49119410.7995 10.013827
49804789.7342 10.013827
50496514.7401 10.013827
51194615.0616 10.013827
51899119.9436 10.013827
52610058.6305 10.013827
53327460.367 10.013827
54051354.3978 10.013827
54781769.9675 10.013827
55518736.3207 10.013827
56262263.6838 10.013827
57012419.1693 10.013827
57769213.1715 10.013827
58532674.9351 10.013827
59302833.7046 10.013827
60079718.7247 10.013827
60863359.24 10.013827
61653784.4952 10.013827
62451023.7349 10.013827
63255106.2038 10.013827
64066061.1464 10.013827
64883896.8929 10.013827
65708684.3401 10.013827
66540431.9943 10.013827
67379169.1001 10.013827
68224924.9021 10.013827
69077728.6449 10.013827
69937609.5732 10.013827
70804596.9316 10.013827
71678719.9648 10.013827
72560007.9174 10.013827
73448490.0341 10.013827
74344172.6582 10.013827
75247130.6518 10.013827
76157370.5425 10.013827
77074921.575 10.013827
77999812.9941 10.013827
78932074.0442 10.013827
79871733.97 10.013827
80818822.0162 10.013827
