615819.0554051022  0.03927
653745.7033695538  0.043197
684791.3013970562  0.047124
705869.6760349496  0.051051
718502.6715688404  0.054978
724690.03597751  0.058905
727493.4278412451  0.062832
730366.6696216869  0.066759
735978.6777565633  0.070686
746116.3837031783  0.074613
761268.6151812647  0.07854
772662.700288225  0.082467
785264.7154038199  0.086394
796263.507614525  0.090321
802196.2019957791  0.094248
799190.1477586377  0.098175
783975.3966844484  0.102102
754618.9080873068  0.106029
711724.4523035353  0.109956
657457.432509772  0.113883
594696.9676601681  0.11781
592236.1809004928  0.121737
589588.1839815935  0.125664
588305.7588683341  0.129591
589434.7304081642  0.133518
593465.0930440744  0.13744499999999998
600245.1823251984  0.141372
609055.6267302319  0.145299
618757.4284295475  0.149226
627827.0377970816  0.15315299999999998
634522.1770107206  0.15708
650898.896996625  0.161007
663007.0402294296  0.164934
670157.4878267207  0.168861
672373.9565801374  0.172788
670376.4845587817  0.17671499999999998
665412.6180963526  0.180642
658758.5178028959  0.184569
651665.0977217561  0.188496
645221.8501933077  0.19242299999999998
640175.8989897552  0.19635
649771.8444288446  0.200277
661834.8439932874  0.204204
675969.939771279  0.20813099999999998
691467.4864642473  0.212058
707409.085190545  0.215985
722817.1264858189  0.219912
736513.5769611228  0.22383899999999998
747843.6707578172  0.227766
756038.5637305029  0.231693
761211.6135402896  0.23562
760433.5272680321  0.23954699999999998
757242.8539771  0.243474
752385.7982346555  0.247401
746696.8137790617  0.251328
741003.260247763  0.255255
735844.2502298026  0.259182
731464.3239598131  0.26310900000000004
727802.4642322173  0.267036
724562.046091987  0.27096299999999995
721311.6240264873  0.27488999999999997
736030.8601860898  0.278817
750882.9385090171  0.282744
765305.0268333479  0.286671
778750.4540111028  0.290598
790816.5372589878  0.29452500000000004
801336.6032217838  0.29845200000000005
810369.0247088375  0.30237899999999995
818104.9405125228  0.30630599999999997
824921.8980709143  0.310233
831208.1385593344  0.31416
831870.2525199169  0.318087
832526.7430002994  0.322014
833466.9707422517  0.32594100000000004
834827.9306974146  0.32986800000000005
836548.2432261525  0.33379499999999995
838461.176624649  0.33772199999999997
840279.3140534827  0.341649
841720.6686164041  0.345576
842522.7490592465  0.349503
842295.9326796298  0.35343
843496.8826564258  0.35735700000000004
843455.3186516968  0.36128400000000005
842151.9352668261  0.36521099999999995
839678.2568428015  0.36913799999999997
836093.1055346663  0.373065
831653.3634813416  0.376992
826450.539844228  0.380919
820705.7554341457  0.384846
814517.0794284471  0.38877300000000004
808002.241101711  0.39270000000000005
814871.8936412006  0.39662699999999995
821958.8628733169  0.40055399999999997
829185.0383446168  0.404481
836398.0541828567  0.408408
843525.1585224735  0.412335
850394.6371919017  0.416262
856943.8630157199  0.42018900000000003
863124.2283647032  0.42411600000000005
868739.6289887724  0.42804299999999995
873844.0052582516  0.43196999999999997
877616.6278207703  0.435897
880869.5364463191  0.439824
883740.5718498959  0.443751
886321.04969819  0.447678
888645.6578934045  0.45160500000000003
890720.0907035236  0.45553200000000005
892626.7040232959  0.45945899999999995
894394.8107312019  0.46338599999999996
896032.2478911392  0.467313
897467.7543311332  0.47124
901655.7052613875  0.475167
905626.3797686363  0.479094
909324.4268775819  0.48302100000000003
912714.384332369  0.48694800000000005
915738.9820372465  0.49087499999999995
918379.7046237913  0.49480199999999996
920633.5513682278  0.498729
922490.0256806308  0.502656
923965.3875886078  0.506583
925095.7956919882  0.51051
929148.4887054838  0.514437
933024.3942867351  0.518364
936719.4168491386  0.522291
940246.3331149287  0.526218
943614.8558486047  0.530145
946830.5259985127  0.534072
949887.6963268633  0.537999
952763.7888464947  0.541926
955422.1638643838  0.545853
957826.2167697379  0.54978
960559.0758916776  0.5537070000000001
963023.2029252825  0.5576340000000001
965216.2677346073  0.561561
967131.6452609629  0.565488
968758.0128526123  0.569415
970089.3713410766  0.573342
971133.2128044794  0.577269
971907.6852656334  0.581196
972430.2953313766  0.5851230000000001
972706.8123685692  0.58905
974744.0243107514  0.592977
976576.1711579089  0.596904
978200.0316884777  0.600831
979617.8993489663  0.604758
980829.4966631674  0.608685
981824.02960057  0.612612
982579.9243161359  0.6165390000000001
983065.9455814718  0.6204660000000001
983268.4547458733  0.624393
983208.1372157973  0.62832
991009.0114575411  0.632247
998756.3719010645  0.636174
1006448.8704220946  0.640101
1014085.196270794  0.644028
1021664.4449702338  0.6479550000000001
1029187.7853178426  0.651882
1036658.4235558489  0.655809
1044047.1384429766  0.659736
1051391.0053008385  0.663663
1058689.3936263926  0.66759
1066362.2857000316  0.671517
1073998.5743224116  0.675444
1081597.6182528522  0.6793710000000001
1089133.184941866  0.6832980000000001
1096596.7443555405  0.687225
1104018.9026262274  0.691152
1111399.1246268612  0.695079
1118736.8952634519  0.699006
1126031.717929646  0.702933
1133218.556956701  0.70686
1135198.2897022523  0.7107870000000001
1137006.8005281673  0.714714
1138642.1373671584  0.718641
1140102.3309602072  0.722568
1141308.671650546  0.726495
1142332.029029091  0.730422
1143172.8742723574  0.734349
1143829.2281610088  0.738276
1144256.1576687428  0.7422030000000001
1144454.5552825367  0.7461300000000001
1153407.2417787511  0.750057
1162372.569077703  0.753984
1171317.849313898  0.757911
1180213.1230624758  0.761838
1189120.3615992658  0.765765
1198040.1981097767  0.769692
1206925.6528685216  0.7736190000000001
1215766.1231645732  0.777546
1224618.8063146053  0.781473
1233479.7770714567  0.7854
1233080.9949867208  0.789327
1232466.1905122746  0.793254
1231660.0487011573  0.797181
1230631.7754491721  0.801108
1229318.5704477562  0.8050350000000001
1227807.8514164067  0.8089620000000001
1226097.6143461494  0.812889
1224079.49812264  0.816816
1221841.5616812229  0.820743
1219400.138121774  0.82467
1220569.6550684753  0.828597
1221562.2460417447  0.832524
1222426.080462156  0.8364510000000001
1223099.1121065612  0.840378
1223570.578844933  0.844305
1223909.7418831298  0.848232
1224059.7383993103  0.852159
1223995.1748037073  0.856086
1223794.6745120585  0.860013
1223397.69878173  0.86394
1227328.3174418707  0.867867
1231210.6162262207  0.8717940000000001
1234965.4332140337  0.875721
1238606.1738986692  0.879648
1242197.6937405672  0.883575
1245632.1534105183  0.887502
1248975.5299608656  0.891429
1252268.7448695588  0.895356
1255364.327303797  0.899283
1258403.763909594  0.90321
1262883.199031359  0.907137
1267223.050032185  0.911064
1271540.938260935  0.914991
1275739.4169641968  0.918918
1279851.0179181923  0.922845
1283940.5881739373  0.926772
1287842.1804762578  0.930699
1291720.8511319894  0.9346260000000001
1295503.0887105844  0.938553
1299167.1855696756  0.94248
1304322.798709904  0.946407
1309323.6959501794  0.950334
1314315.792014226  0.954261
1319235.9520929744  0.958188
1324061.0493377645  0.962115
1328892.9925231147  0.966042
1333549.3346903266  0.969969
1338211.439766487  0.973896
1342771.432641903  0.977823
1347260.6340297353  0.98175
1352143.059387888  0.985677
1356887.946265607  0.989604
1361649.1184287092  0.993531
1366258.0400559425  0.9974580000000001
1370855.7295877773  1.001385
1375362.3077679258  1.005312
1379793.6203278066  1.009239
1384192.0698546853  1.013166
1388454.14323711  1.017093
1392734.6847461658  1.02102
1396846.74445978  1.024947
1400974.309152124  1.0288739999999998
1404963.7683296085  1.0328009999999999
1408917.9266071517  1.0367279999999999
1412778.9801713752  1.0406549999999999
1416557.1048311316  1.044582
1420283.9296921717  1.048509
1423883.4602179897  1.052436
1427470.219906248  1.056363
1430886.9000065238  1.06029
1430842.613647988  1.064217
1430536.1049411101  1.068144
1430193.0830451567  1.072071
1429615.54771095  1.075998
1428969.8688241863  1.0799249999999998
1428113.7570222805  1.0838519999999998
1427161.5291658256  1.0877789999999998
1426019.3191324922  1.0917059999999998
1424756.6740957936  1.0956329999999999
1423327.415823616  1.0995599999999999
1430378.5972376508  1.1034869999999999
1437407.6548042444  1.107414
1444417.2411802686  1.111341
1451416.4197173393  1.115268
1458384.2436686447  1.119195
1465350.0573139277  1.123122
1472276.01557962  1.127049
1479204.9734043053  1.130976
1486089.0250064507  1.134903
1492976.292798337  1.1388299999999998
1498049.544220894  1.1427569999999998
1503098.0478000832  1.1466839999999998
1508074.6872826605  1.1506109999999998
1513020.655253088  1.1545379999999998
1517900.0737589856  1.1584649999999999
1522739.3215563009  1.1623919999999999
1527520.9472832575  1.1663189999999999
1532249.3092131338  1.170246
1536932.6040847448  1.174173
1541543.5278201082  1.1781
1542952.2794779805  1.182027
1544223.351832186  1.185954
1545437.3820819377  1.189881
1546489.4869127397  1.193808
1547506.9998985203  1.197735
1548334.9637472774  1.201662
1549154.1487157617  1.2055889999999998
1549752.8462968504  1.2095159999999998
1550360.3473097826  1.2134429999999998
1550741.8124280854  1.2173699999999998
1558474.9378497698  1.2212969999999999
1566117.0104748618  1.2252239999999999
1573821.473983987  1.2291509999999999
1581473.4638470209  1.233078
1589146.5586559558  1.237005
1596809.7318445377  1.240932
1604448.756906142  1.244859
1612124.418219155  1.248786
1619726.6853615586  1.252713
1627411.395156456  1.25664
1628669.769981236  1.260567
1629945.9107157083  1.2644939999999998
1631019.9812425408  1.2684209999999998
1632073.7836313522  1.2723479999999998
1632983.3521631248  1.2762749999999998
1633810.4607348237  1.2802019999999998
1634554.2896176567  1.2841289999999999
1635150.4058783406  1.2880559999999999
1635727.205376296  1.2919829999999999
1636088.518779273  1.29591
1637021.7323837269  1.299837
1637760.8573149387  1.303764
1638466.8745481188  1.307691
1639051.0194696975  1.311618
1639525.8530169714  1.315545
1639953.8435812665  1.319472
1640193.564035412  1.323399
1640436.5141036622  1.327326
1640464.8936415324  1.3312529999999998
1640470.6034631638  1.3351799999999998
1646881.0064411992  1.3391069999999998
1653263.6102991018  1.3430339999999998
1659687.6486867033  1.3469609999999999
1665994.6686119784  1.3508879999999999
1672384.909078138  1.3548149999999999
1678662.911299287  1.358742
1684973.4618771183  1.362669
1691267.5064668523  1.366596
1697496.0787084328  1.370523
1703803.795002868  1.37445
1707262.7636768818  1.378377
1710764.5446362006  1.382304
1714172.7735127048  1.386231
1717516.6311600197  1.3901579999999998
1720874.4391798924  1.3940849999999998
1724057.694191708  1.3980119999999998
1727281.516934987  1.4019389999999998
1730385.3683537324  1.4058659999999998
1733443.4987298045  1.4097929999999999
1736496.5368395387  1.4137199999999999
1738408.2560719005  1.4176469999999999
1740344.0135775676  1.421574
1742138.0853155532  1.425501
1743875.9075552071  1.429428
1745595.2365537025  1.433355
1747132.490572985  1.437282
1748688.8077326233  1.441209
1750110.813069811  1.445136
1751461.2899852379  1.449063
1752811.9701474733  1.45299
1759331.4203177164  1.4569169999999998
1765930.5661013857  1.4608439999999998
1772485.3058878274  1.4647709999999998
1779002.6503496491  1.4686979999999998
1785599.3233631414  1.4726249999999999
1792049.0707435485  1.4765519999999999
1798560.47517078  1.4804789999999999
1805070.1314007055  1.484406
1811494.6734891785  1.488333
1817993.713715287  1.49226
1821062.6462901465  1.496187
1824097.2556100262  1.500114
1827150.4476282098  1.504041
1830013.7838134647  1.507968
1832910.9260683819  1.511895
1835741.6850115042  1.5158219999999998
1838463.2686930767  1.5197489999999998
1841216.8263654455  1.5236759999999998
1843823.4890511008  1.5276029999999998
1846399.7794026332  1.5315299999999998
1851503.9372331249  1.5354569999999998
1856436.4160180676  1.5393839999999999
1861425.9174950803  1.5433109999999999
1866392.8259884103  1.547238
1871255.0537444022  1.551165
1876173.193299703  1.555092
1881002.3222448  1.559019
1885789.6803496121  1.562946
1890631.7892543483  1.566873
1895322.9936630302  1.5708
1900294.6265519785  1.574727
1905302.9604445412  1.578654
1910144.9699123995  1.5825809999999998
1915041.4231923798  1.5865079999999998
1919922.2239600578  1.5904349999999998
1924685.7269821744  1.5943619999999998
1929502.4794527048  1.5982889999999998
1934255.6795366814  1.6022159999999999
1938936.1911099968  1.6061429999999999
1943666.551970548  1.61007
1946158.7532854686  1.613997
1948594.9181273717  1.617924
1951057.9894216184  1.621851
1953352.1497697074  1.625778
1955625.2645115738  1.629705
1957923.3290822841  1.633632
1960018.8438471071  1.637559
1962123.3833897142  1.6414859999999998
1964237.3222809054  1.6454129999999998
1966148.9734720476  1.6493399999999998
1969831.1048809001  1.6532669999999998
1973517.3514186102  1.6571939999999998
1977038.969941691  1.6611209999999998
1980598.2950510231  1.6650479999999999
1984142.7679458398  1.6689749999999999
1987538.5008285227  1.672902
1990970.3499846112  1.676829
1994373.2434631425  1.680756
1997638.474110019  1.684683
2000941.0715503509  1.68861
2007039.3253811144  1.692537
2013035.7571179175  1.696464
2019095.0951425347  1.700391
2025142.0842124422  1.704318
2031088.6595419182  1.7082449999999998
2037097.1799256487  1.7121719999999998
2043094.402500342  1.7160989999999998
2048987.718979001  1.7200259999999998
2054941.9873737723  1.7239529999999998
2060884.7429831624  1.7278799999999999
2060532.9127692569  1.7318069999999999
2060177.4701320666  1.7357339999999999
2059763.877056592  1.739661
2059161.5150983531  1.743588
2058553.0139420785  1.747515
2057901.2921464369  1.751442
2057042.747389434  1.755369
2056175.517887776  1.759296
2055284.7042448032  1.763223
2054173.964373532  1.7671499999999998
2062493.88126425  1.7710769999999998
2070897.7423415217  1.7750039999999998
2079162.7448210344  1.7789309999999998
2087497.790477575  1.7828579999999998
2095916.2825511075  1.7867849999999998
2104226.834790164  1.7907119999999999
2112574.7182685314  1.7946389999999999
2121005.521423924  1.7985659999999999
2129364.7844045544  1.802493
2137714.1512059015  1.80642
2137208.0981386253  1.810347
2136584.8108186135  1.814274
2135829.6568611935  1.818201
2135067.121431232  1.822128
2134233.4847892313  1.826055
2133219.254442162  1.829982
2132195.1909972792  1.8339089999999998
2131150.4796380284  1.8378359999999998
2129872.2021599477  1.8417629999999998
2128589.9605360976  1.8456899999999998
2135501.185656918  1.8496169999999998
2142292.958130959  1.8535439999999999
2149102.4382865196  1.8574709999999999
2155977.1571888523  1.8613979999999999
2162794.2793672136  1.865325
2169565.6283749742  1.869252
2176401.300487921  1.873179
2183246.700170415  1.877106
2189977.4197441787  1.881033
2196763.632084843  1.88496
2195833.454543643  1.888887
2194678.2262000754  1.8928139999999998
2193493.8628434353  1.8967409999999998
2192298.3902215194  1.9006679999999998
2190956.0869054315  1.9045949999999998
2189504.3398815156  1.9085219999999998
2188039.095439456  1.9124489999999998
2186508.972587354  1.9163759999999999
2184785.4345916244  1.9203029999999999
2183055.016576197  1.9242299999999999
2190177.9572900836  1.928157
2197174.4582243054  1.932084
2204197.6696663164  1.936011
2211285.310372761  1.939938
2218339.274347136  1.943865
2225325.906037917  1.947792
2232376.0473531103  1.951719
2239490.5682158936  1.955646
2246438.7389350818  1.9595729999999998
2253447.9260249636  1.9634999999999998
2259508.9261046355  1.9674269999999998
2265499.088270227  1.9713539999999998
2271436.6863655928  1.9752809999999998
2277427.5027995277  1.9792079999999999
2283457.4591829497  1.9831349999999999
2289323.672459899  1.9870619999999999
2295241.969735041  1.990989
2301213.047754087  1.994916
2307107.1949009807  1.998843
2312949.185818228  2.00277
2317670.3765993295  2.006697
2322425.9151714183  2.010624
2326997.7990066023  2.014551
2331609.679571773  2.018478
2336262.0840347684  2.022405
2340843.7913273983  2.026332
2345343.9074603477  2.030259
2349883.1809139205  2.034186
2354462.125006809  2.038113
2358869.830139839  2.04204
2362743.118856049  2.045967
2366649.924751767  2.049894
2370520.7135672714  2.053821
2374261.851630356  2.057748
2378035.0423581554  2.061675
2381840.699445634  2.065602
2385522.480540731  2.069529
2389159.6404617326  2.073456
2392827.78243823  2.077383
2396516.8955026194  2.08131
2395912.325834257  2.0852370000000002
2395302.658318365  2.0891640000000002
2394687.828202899  2.0930910000000003
2393988.506512754  2.0970180000000003
2393132.3294600723  2.1009450000000003
2392268.9763919814  2.1048720000000003
2391398.3567105574  2.1087990000000003
2390373.9692258094  2.1127260000000003
2389259.203439364  2.116653
2388145.362043749  2.12058
2395064.654166076  2.124507
2401834.044305732  2.128434
2408639.600708045  2.132361
2415501.490621974  2.136288
2422384.187596216  2.140215
2429131.8044027854  2.144142
2435934.6895749257  2.148069
2442793.524943022  2.151996
2449622.465110328  2.155923
2456363.3220244804  2.15985
2462011.9021867476  2.163777
2467706.6349569955  2.167704
2473316.988484184  2.171631
2478874.3743114937  2.175558
2484476.6823337963  2.179485
2490124.4594429755  2.183412
2495648.516763016  2.187339
2501156.7637497503  2.191266
2506709.234176259  2.195193
2512299.38151329  2.19912
2512155.8171166424  2.203047
2511983.3443032647  2.206974
2511809.496328374  2.2109010000000002
2511634.256679469  2.2148280000000002
2511231.234275731  2.2187550000000003
2510823.446421794  2.2226820000000003
2510412.430020142  2.2266090000000003
2509980.2013067817  2.2305360000000003
2509336.341789331  2.2344630000000003
2508694.40075131  2.23839
2513528.1612754813  2.242317
2518368.8508818233  2.246244
2523053.343566141  2.250171
2527774.249919258  2.254098
2532531.9961758675  2.258025
2537288.586633868  2.261952
2541895.215139587  2.265879
2546537.3887029495  2.269806
2551215.520319415  2.273733
2555895.376185843  2.27766
2564199.8036148706  2.281587
2572567.829807231  2.285514
2581000.1881700116  2.289441
2589463.1917803506  2.293368
2597798.7615206838  2.297295
2606197.6841912474  2.301222
2614660.6848002346  2.305149
2623165.4862338733  2.309076
2631530.0362131763  2.313003
2639949.3436641376  2.31693
2641876.630776122  2.320857
2643813.535786365  2.324784
2645542.1457627085  2.328711
2647283.6906883954  2.332638
2649038.3162943223  2.3365650000000002
2650806.1705087973  2.3404920000000002
2652379.863732747  2.3444190000000003
2653945.807351229  2.3483460000000003
2655523.4191837246  2.3522730000000003
2657115.119000458  2.3562000000000003
2660345.0978222056  2.3601270000000003
2663548.7547423467  2.3640540000000003
2666776.0904520475  2.367981
2670027.3684462006  2.371908
2673164.7035864447  2.375835
2676237.85191498  2.379762
2679333.528916929  2.383689
2682451.9832338756  2.387616
2685499.2263861746  2.391543
2688434.1674741926  2.39547
2688724.8024315685  2.399397
2689017.558064595  2.403324
2689268.4615974394  2.407251
2689341.853279618  2.411178
2689415.774063658  2.415105
2689490.2296919296  2.419032
2689565.225990204  2.422959
2689431.1986605916  2.426886
2689284.1041259016  2.430813
2689150.1856094254  2.43474
2698348.902633097  2.438667
2707467.18731644  2.442594
2716575.7644320675  2.446521
2725749.122542226  2.450448
2734987.955205361  2.454375
2744214.538885626  2.458302
2753362.0702180075  2.4622290000000002
2762574.093350649  2.4661560000000002
2771851.292715046  2.4700830000000003
2781180.5054030833  2.4740100000000003
2782978.45726747  2.4779370000000003
2784788.9734847858  2.4818640000000003
2786612.1862191493  2.4857910000000003
2788448.229494844  2.489718
2790154.53074441  2.493645
2791792.3023060183  2.497572
2793441.456485768  2.501499
2795102.1123623564  2.505426
2796721.522233182  2.509353
2798182.811247969  2.51328
2799473.099586029  2.517207
2800772.3053585687  2.521134
2802080.521331343  2.525061
2803219.8661643285  2.528988
2804324.2194269877  2.532915
2805436.1353385933  2.536842
2806555.691849968  2.540769
2807607.6926008523  2.544696
2808522.7254253277  2.548623
2809446.0096758944  2.55255
2811715.2724519265  2.556477
2814000.0369948205  2.560404
2816114.913612904  2.564331
2818211.1752152154  2.568258
2820321.574653968  2.572185
2822446.255438006  2.576112
2824514.8845450967  2.580039
2826450.5053485977  2.583966
2828399.057455621  2.587893
2830369.8907831693  2.5918200000000002
2838399.4438376427  2.5957470000000002
2846316.250143019  2.5996740000000003
2854235.1429210673  2.6036010000000003
2862206.610028877  2.6075280000000003
2870231.1767796874  2.6114550000000003
2878270.1129093207  2.6153820000000003
2886183.3815373713  2.619309
2894148.6813313835  2.623236
2902166.527155446  2.627163
2910232.8703138917  2.63109
2915233.399000125  2.635017
2920170.159232564  2.638944
2925139.169433943  2.642871
2930140.7466549394  2.646798
2935175.2121158135  2.650725
2940043.5986416987  2.654652
2944923.4184336234  2.658579
2949834.905687018  2.662506
2954778.369663083  2.666433
2959698.39237943  2.67036
2960111.351093129  2.674287
2960526.9630929297  2.678214
2960945.2540325467  2.682141
2961366.2498974768  2.686068
2961679.6698417207  2.689995
2961887.8236198793  2.693922
2962097.3056503655  2.697849
2962308.128687459  2.701776
2962520.3056492615  2.705703
2962575.9848287585  2.70963
2966367.1701920726  2.713557
2970182.3789715744  2.7174840000000002
2974021.8402350084  2.7214110000000002
2977885.7859716783  2.7253380000000003
2981564.0036187754  2.7292650000000003
2985260.0905950353  2.7331920000000003
2988979.432267554  2.7371190000000003
2992722.2487965263  2.741046
2996454.3729459103  2.744973
3000027.1256588423  2.7489
3002226.935252379  2.752827
3004440.485527791  2.756754
3006667.905631157  2.760681
3008842.764862282  2.764608
3010883.4673296893  2.768535
3012936.7840027343  2.772462
3015002.832202409  2.776389
3017081.730709115  2.780316
3019082.322672725  2.784243
3020976.9080931786  2.78817
3025289.679824933  2.792097
3029628.993317433  2.796024
3033995.094342835  2.799951
3038279.3192722667  2.803878
3042485.6667576674  2.807805
3046717.626682965  2.811732
3050975.433693668  2.815659
3055259.3253103  2.819586
3059450.2265405725  2.823513
3063568.9788407884  2.82744
3065410.8592775394  2.831367
3067263.902614097  2.835294
3069128.2106397143  2.839221
3070881.8849791694  2.8431480000000002
3072556.242704181  2.8470750000000002
3074240.6386123123  2.8510020000000003
3075935.163247014  2.8549290000000003
3077639.908243944  2.8588560000000003
3079237.72459471  2.8627830000000003
3080761.526252507  2.8667100000000003
3087893.2155805067  2.870637
3095067.4498977372  2.874564
3102284.6110544098  2.878491
3109439.116754708  2.882418
3116530.7908682264  2.886345
3123664.307507285  2.890272
3130840.038088544  2.894199
3138058.3584375675  2.898126
3145232.2592331995  2.902053
3152315.3714584154  2.90598
3154692.3347960855  2.909907
3157083.2496837513  2.913834
3159488.239315571  2.917761
3161846.6172285248  2.921688
3164068.2681039064  2.925615
3166302.8137495937  2.929542
3168550.3667568923  2.933469
3170811.0410317285  2.937396
3173058.08323038  2.941323
3175138.308328663  2.94525
3179280.3916749554  2.949177
3183446.3845959883  2.953104
3187636.494712815  2.957031
3191850.9320573327  2.960958
3195894.061611081  2.964885
3199945.9316954724  2.9688120000000002
3204020.992560223  2.9727390000000002
3208119.4438745393  2.9766660000000003
3212241.487606389  2.9805930000000003
3216243.471800518  2.9845200000000003
3221804.736386676  2.9884470000000003
3227397.5579075892  2.992374
3233022.2057283185  2.996301
3238678.9522883478  3.000228
3244277.675979565  3.004155
3249788.432863856  3.008082
3255330.1888604597  3.012009
3260903.2062714575  3.015936
3266507.7503666324  3.019863
3272109.975838645  3.02379
3273247.0308213257  3.027717
3274390.425849159  3.031644
3275540.214097078  3.035571
3276696.4493363346  3.039498
3277859.1859428766  3.043425
3278864.800256269  3.047352
3279830.837662359  3.051279
3280802.228550072  3.055206
3281779.0175440744  3.059133
3282763.8491214914  3.06306
3285129.9068021295  3.066987
3287385.4602468093  3.070914
3289653.4008639543  3.074841
3291933.8309773705  3.078768
3294226.854040966  3.082695
3296532.5746543934  3.086622
3298646.647900574  3.090549
3300769.9607909066  3.0944760000000002
3302904.860161392  3.0984030000000002
3305057.4730215427  3.1023300000000003
3310609.034435675  3.1062570000000003
3316080.955382453  3.1101840000000003
3321486.6031430666  3.1141110000000003
3326921.4768638457  3.1180380000000003
3332385.814205125  3.121965
3337879.855411056  3.125892
3343394.890912064  3.129819
3348742.535965851  3.133746
3354118.824591039  3.137673
3359517.804892673  3.1416
3361474.2540696408  3.145527
3363441.26744556  3.149454
3365313.335325852  3.153381
3367095.188923934  3.157308
3368886.522224294  3.161235
3370687.4110786505  3.165162
3372497.9321501227  3.169089
3374318.162924107  3.173016
3375954.572830215  3.176943
3377594.881436734  3.18087
3382858.289952779  3.184797
3388149.5814624354  3.188724
3393468.978120064  3.192651
3398747.5479753627  3.196578
3403918.5666429885  3.200505
3409116.6439553546  3.204432
3414341.9928562623  3.208359
3419594.8285297975  3.212286
3424875.3684298717  3.216213
3430033.5790811083  3.2201400000000002
3430379.3634951212  3.2240670000000002
3430726.9444276774  3.2279940000000003
3431076.335915927  3.2319210000000003
3431427.5521436394  3.2358480000000003
3431778.937639076  3.2397750000000003
3431930.730247853  3.243702
3432083.3037639693  3.247629
3432236.6642291113  3.251556
3432390.817747451  3.255483
3432562.2206265405  3.25941
3440756.736244979  3.263337
3448848.6253973786  3.267264
3456981.8377246177  3.271191
3465156.6905770823  3.275118
3473373.504563044  3.279045
3481632.6035905792  3.282972
3489828.8278772607  3.286899
3497969.063301502  3.290826
3506150.5580255333  3.294753
3514357.3902567606  3.29868
3514632.0250078263  3.302607
3514908.062426822  3.306534
3515040.3465613616  3.310461
3515115.5373600596  3.314388
3515191.106372825  3.318315
3515267.056460507  3.322242
3515343.390512889  3.326169
3515420.1114490395  3.330096
3515321.858498032  3.334023
3515204.295627333  3.33795
3518564.9075149414  3.341877
3521942.3349994165  3.3458040000000002
3525336.7046083882  3.3497310000000002
3528748.1441420806  3.3536580000000002
3531978.9042402683  3.3575850000000003
3535222.9567424757  3.3615120000000003
3538483.0742460247  3.3654390000000003
3541759.376381324  3.3693660000000003
3545051.9839695357  3.373293
3548348.4198040846  3.37722
3551261.155558045  3.381147
3554188.1658404623  3.385074
3557129.5558424857  3.389001
3560085.43179137  3.392928
3563055.900963259  3.396855
3566022.3484393405  3.400782
3568822.936245868  3.404709
3571637.1385494433  3.408636
3574465.05486819  3.412563
3577306.82041778  3.41649
3580179.5548007726  3.420417
3583049.3592827064  3.424344
3585751.7436927184  3.428271
3588467.1580278794  3.432198
3591195.6967543447  3.436125
3593937.4552536486  3.440052
3596692.5298338146  3.443979
3599453.890063454  3.447906
3602038.052441425  3.451833
3604644.1373294583  3.45576
3611959.913393925  3.459687
3619310.839890671  3.463614
3626697.1707630134  3.467541
3634119.162406318  3.471468
3641389.8640588066  3.4753950000000002
3648683.990523787  3.4793220000000002
3656012.7857809584  3.4832490000000003
3663376.4975889083  3.4871760000000003
3670775.376072653  3.4911030000000003
3678198.5663562687  3.49503
3680042.179698382  3.498957
3681856.683704669  3.502884
3683679.73864359  3.506811
3685511.4051028937  3.510738
3687351.744244079  3.514665
3689200.8178092022  3.518592
3690933.6172447475  3.522519
3692601.9856842128  3.526446
3694278.148678361  3.530373
3695962.3360263444  3.5343
3697740.3813939765  3.538227
3699526.79234834  3.542154
3701240.412433309  3.546081
3702846.7286192086  3.550008
3704460.484046709  3.553935
3706081.730515168  3.557862
3707710.5203059684  3.561789
3709346.906188133  3.565716
3710961.4698814056  3.569643
3712426.075519584  3.57357
3718038.7000665744  3.577497
3723677.148143168  3.581424
3729341.598380315  3.585351
3735032.2310603177  3.589278
3740749.228135953  3.593205
3746327.618421983  3.597132
3751901.0717371865  3.6010590000000002
3757499.939218684  3.6049860000000002
3763124.395091253  3.6089130000000003
3768764.036254738  3.6128400000000003
3769235.3247606163  3.6167670000000003
3769612.3279306055  3.6206940000000003
3769892.4510855526  3.624621
3770173.8400254194  3.628548
3770456.5033491366  3.632475
3770740.4497336987  3.636402
3771025.6879350515  3.640329
3771292.7076419163  3.644256
3771386.9955307636  3.648183
3771487.3226251723  3.65211
3774345.9205517606  3.656037
3777217.375210189  3.659964
3780101.7735319403  3.663891
3782999.203233992  3.667818
3785782.242929141  3.671745
3788512.6495594494  3.675672
3791255.1955870185  3.679599
3794009.9621499223  3.683526
3796777.031110935  3.687453
3799562.9161915365  3.69138
3805132.8418228263  3.695307
3810570.0438430244  3.699234
3816031.194067539  3.703161
3821516.4510656977  3.707088
3827025.974809845  3.711015
3832559.926690898  3.714942
3838118.469534106  3.718869
3843576.6487726006  3.722796
3848991.7309476966  3.7267230000000002
3854422.049950869  3.7306500000000002
3856193.525353482  3.7345770000000003
3857972.780629793  3.7385040000000003
3859759.8671434596  3.7424310000000003
3861539.860006541  3.746358
3863151.250241792  3.750285
3864769.619197055  3.754212
3866395.0123065994  3.758139
3868027.475399944  3.762066
3869667.054706167  3.765993
3871319.408180909  3.76992
3875339.7584856604  3.773847
3879274.462546276  3.777774
3883226.079679277  3.781701
3887194.7191691683  3.785628
3891180.491244019  3.789555
3895183.507085664  3.793482
3899203.87884004  3.797409
3903090.728857098  3.801336
3906955.0691344957  3.805263
3910831.301928389  3.80919
3912720.9166269116  3.813117
3914618.626430581  3.817044
3916524.48347018  3.820971
3918422.7571557937  3.824898
3920155.7299180757  3.828825
3921896.0224280343  3.832752
3923643.6811596532  3.836679
3925398.752981175  3.840606
3927161.2851592936  3.844533
3928933.3525201385  3.84846
3931536.114731349  3.8523870000000002
3934022.9350115536  3.8563140000000002
3936520.176884797  3.8602410000000003
3939027.905999764  3.8641680000000003
3941546.1885576905  3.8680950000000003
3944075.0913181803  3.8720220000000003
3946614.6816051137  3.875949
3949067.4378287247  3.879876
3951440.667861789  3.883803
3953836.9801191823  3.88773
3962008.4968939004  3.891657
3970214.1279405067  3.895584
3978454.0873351516  3.899511
3986728.590948918  3.903438
3994912.131131729  3.907365
4003067.332530097  3.911292
4011256.1651800275  3.915219
4019478.8375493526  3.919146
4027735.559832425  3.923073
4036005.3505554325  3.927
4035064.1475750105  3.930927
4033974.2213244867  3.934854
4032836.585980562  3.938781
4031694.2974959933  3.942708
4030547.3272639564  3.946635
4029395.6464426536  3.950562
4028239.2259528935  3.954489
4027078.0364756454  3.958416
4025758.9658911875  3.962343
4024411.807331435  3.96627
4027510.3534270413  3.970197
4030621.493671697  3.974124
4033745.305005805  3.9780510000000002
4036881.8649977744  3.9819780000000002
4040031.2518504416  3.9859050000000003
4043040.294090328  3.9898320000000003
4046029.5056678066  3.9937590000000003
4049030.740551777  3.997686
4052044.0714292396  4.001613
4055074.0673250626  4.00554
4060077.434671219  4.009467
4065101.089933838  4.013394
4070000.363164625  4.017321
4074879.1984667447  4.021248
4079777.490699218  4.025175
4084695.3564867615  4.029102
4089632.9133880236  4.033029
4094590.2799049476  4.036956
4099567.5754922554  4.040883
4104432.844114987  4.04481
4107298.944494453  4.048737
4110176.3765468835  4.052664
4113065.20760828  4.056591
4115965.5055492036  4.060518
4118877.338780101  4.064445
4121800.7762566744  4.068372
4124634.9462285843  4.072299
4127397.2298505954  4.076226
4130170.3395145037  4.080153
4132953.6205578386  4.08408
4135434.480095407  4.088007
4137925.1202059826  4.091934
4140425.5988423903  4.095861
4142870.5593858003  4.099788
4145207.334347275  4.103715
4147553.186933479  4.107642
4149908.1701428643  4.111569
4152272.337387252  4.115496
4154645.7424958725  4.119423
4157023.669382888  4.12335
4157517.5939126736  4.127277
4157852.3914304003  4.131204
4158188.4779315568  4.135131
4158525.8608744573  4.139058
4158864.5477750637  4.142985
4159204.5462075486  4.146912
4159545.86380486  4.150839
4159888.5082592904  4.154766
4160083.5808455786  4.158693
4160261.163505652  4.16262
4165748.2730705556  4.1665470000000004
4171256.397921119  4.1704740000000005
4176785.6590198223  4.1744010000000005
4182336.1782592637  4.1783280000000005
4187908.07847112  4.1822550000000005
4193414.537638459  4.1861820000000005
4198848.387470817  4.190109
4204302.819167207  4.194036
4209777.9498868035  4.197963
4215264.901532663  4.20189
4217242.252455823  4.205817
4219227.150187207  4.209744
4221203.650129128  4.213671
4223023.54599682  4.217598
4224850.271508566  4.221525
4226683.86518173  4.225452
4228524.365823854  4.229379
4230371.812535401  4.233306
4232226.244712527  4.237233
4234090.774613011  4.24116
4237052.82544941  4.245087
4239962.156483041  4.249014
4242882.323944762  4.252941
4245813.388491443  4.256868
4248755.4112335  4.260795
4251708.453739148  4.264722
4254672.57803869  4.268649
4257621.446969221  4.272576
4260429.283144227  4.276503
4263254.169166398  4.28043
4268714.841538666  4.284357
4274195.736186403  4.288284
4279696.965650431  4.292211
4285218.643308205  4.296138
4290760.883381601  4.300065
4296216.832428492  4.303992
4301621.3731158385  4.307919
4307045.70070123  4.311846
4312489.924048505  4.315773
4317948.729492792  4.3197
4321299.402779385  4.323627
4324662.433911245  4.327554
4328037.891381389  4.331481
4331247.692726961  4.335408
4334469.031540938  4.339335
4337702.071898007  4.343262
4340946.877673127  4.347189
4344203.513207  4.351116
4347472.043310328  4.355043
4350745.382137843  4.35897
4351163.138626498  4.362897
4351466.299090374  4.366824
4351770.5500737745  4.370751
4352075.8974714745  4.374678
4352382.347220817  4.378605
4352689.905302086  4.382532
4352998.577738903  4.386459
4353308.3705986235  4.390386
4353506.807566924  4.394313
4353649.147737709  4.39824
4356404.623975365  4.402167
4359169.949953204  4.406094
4361945.178579191  4.410021
4364730.363140895  4.413948
4367525.557308905  4.417875
4370330.815140276  4.4218020000000005
4372992.156650467  4.4257290000000005
4375641.834528275  4.4296560000000005
4378300.889942396  4.4335830000000005
4380971.569459754  4.43751
4384513.708368218  4.441437
4388068.450247685  4.445364
4391635.862480309  4.449291
4395204.509243635  4.453218
4398622.89835738  4.457145
4402053.264554395  4.461072
4405495.670891695  4.464999
4408950.180869711  4.468926
4412416.858436205  4.472853
4415904.910821316  4.47678
4422992.868594155  4.480707
4430071.47047317  4.484634
4437035.163642103  4.488561
4444023.051720687  4.492488
4451035.261023874  4.496415
4458071.918747425  4.500342
4465133.152975596  4.504269
4472219.092688911  4.508196
4479329.86777202  4.512123
4486403.091986291  4.51605
4487714.17544847  4.519977
4489029.775632556  4.523904
4490349.915919187  4.527831
4491674.61985065  4.531758
4493003.911132285  4.535685
4494337.8136338955  4.539612
4495676.351391177  4.543539
4496967.889956194  4.547466
4498142.010874234  4.551393
4499321.604116239  4.55532
4501026.629763429  4.559247
4502737.4989103805  4.563174
4504454.241649104  4.567101
4506176.88827859  4.571028
4507905.469306581  4.574955
4509594.352740927  4.578882
4511162.2638838645  4.582809
4512735.483825474  4.586736
4514314.039574114  4.590663
4515903.682839817  4.59459
4519540.132156185  4.598517
4523188.978093185  4.602444
4526850.284148992  4.606371
4530493.853773302  4.610298
4534008.421041008  4.614225
4537534.78394456  4.618152
4541073.001966772  4.622079
4544623.134991078  4.626006
4548185.243304909  4.629933
4551755.128591689  4.63386
4553818.322601114  4.637787
4555883.071725036  4.641714
4557789.24778352  4.645641
4559701.764642311  4.649568
4561620.653992657  4.653495
4563545.947737345  4.657422
4565477.677992477  4.661349
4567415.877089249  4.665276
4569360.577575757  4.669203
4571318.459100544  4.6731300000000005
4575511.957950679  4.6770570000000005
4579690.461043384  4.6809840000000005
4583882.761860213  4.6849110000000005
4588088.9288558345  4.6888380000000005
4592309.0309385  4.692765
4596543.137473807  4.696692
4600791.318288497  4.700619
4605053.643674299  4.704546
4609233.07289159  4.708473
4613347.190677369  4.7124
4615194.894251668  4.716327
4617048.653622605  4.720254
4618908.4986106055  4.724181
4620774.4592322055  4.728108
4622646.565701672  4.732035
4624524.848432629  4.735962
4626366.004038868  4.739889
4628087.712087839  4.743816
4629815.002109502  4.747743
4631553.4010258885  4.75167
4635258.543105509  4.755597
4638975.756380091  4.759524
4642705.099937047  4.763451
4646446.633250051  4.767378
4650200.416182211  4.771305
4653817.8528697975  4.775232
4657427.366464792  4.779159
4661048.492813578  4.783086
4664681.288048376  4.787013
4668317.510247824  4.79094
4669006.476467701  4.794867
4669697.673628008  4.798794
4670391.112582321  4.802721
4671011.160821869  4.806648
4671541.581590697  4.810575
4672073.692884275  4.814502
4672607.502797411  4.818429
4673143.019476672  4.822356
4673680.251120808  4.826283
4674221.686399504  4.83021
4675649.308568511  4.834137
4677081.524692618  4.838064
4678358.564139129  4.841991
4679633.471844233  4.845918
4680912.410818643  4.849845
4682195.400212999  4.853772
4683482.459299436  4.857699
4684773.607472543  4.861626
4686068.864250346  4.865553
4687381.842189127  4.86948
4693477.550606091  4.873407
4699495.775242019  4.877334
4705532.8477859665  4.881261
4711588.856918763  4.885188
4717663.891878454  4.889115
4723758.042464669  4.893042
4729871.399043054  4.896969
4736004.05254974  4.900896
4742156.094495845  4.904823
4748182.915313441  4.90875
4750108.277893101  4.912677
4752039.621503767  4.916604
4753976.974058402  4.920531
4755920.363643927  4.9244580000000004
4757869.818522582  4.9283850000000005
4759825.367133296  4.9323120000000005
4761787.038093067  4.9362390000000005
4763732.122502638  4.940166
4765541.699833542  4.944093
4767358.074443086  4.94802
4769618.829616017  4.951947
4771886.560798832  4.955874
4774161.300330227  4.959801
4776443.080749089  4.963728
4778731.9347960455  4.967655
4781027.895415039  4.971582
4783263.936694907  4.975509
4785410.490519532  4.979436
4787563.592753325  4.983363
4789728.903642668  4.98729
4793740.5149887465  4.991217
4797764.420661963  4.995144
4801800.677266422  4.999071
4805849.341754242  5.002998
4809910.471428239  5.006925
4813882.795952188  5.010852
4817805.59352039  5.014779
4821740.25756171  5.018706
4825686.84200188  5.022633
4829643.186897566  5.02656
4832888.075170185  5.030487
4836142.838985583  5.034414
4839407.523495531  5.038341
4842682.174127475  5.042268
4845841.312340168  5.046195
4848973.016513655  5.050122
4852114.1134250285  5.054049
4855264.645394394  5.057976
4858424.654996469  5.061903
4861593.168221401  5.06583
4864438.997025487  5.069757
4867293.425640399  5.073684
4870156.493106781  5.077611
4872888.751684092  5.081538
4875606.810355072  5.085465
4878332.950875011  5.089392
4881067.209343311  5.093319
4883809.6220746925  5.097246
4886560.225600799  5.101173
4889319.165352609  5.1051
4892121.8801626265  5.109027
4894933.003543217  5.112954
4897609.283038262  5.116881
4900275.640908369  5.120808
4902949.857759577  5.124735
4905631.968389208  5.128662
4908322.007800317  5.132589
4911020.011203216  5.136516
4913726.014017008  5.140443
4916437.007187196  5.14437
4918161.257090825  5.148297
4919753.658108258  5.152224
4921327.398097197  5.156151
4922905.735704479  5.160078
4924488.691107216  5.164005
4926076.284600757  5.167932
4927668.536599555  5.171859
4929265.467638047  5.175786
4930867.098371534  5.1797130000000005
4932474.75505206  5.1836400000000005
4934393.154135558  5.1875670000000005
4936278.403590953  5.1914940000000005
4938169.111603676  5.195421
4940065.301915185  5.199348
4941966.998404815  5.203275
4943874.2250907915  5.207202
4945787.006131231  5.211129
4947705.365825166  5.215056
4949629.328613573  5.218983
4951460.621586273  5.22291
4951949.184132142  5.226837
4952439.148510366  5.230764
4952930.520763031  5.234691
4953423.306966994  5.238618
4953917.513234136  5.242545
4954413.145711612  5.246472
4954910.21058211  5.250399
4955408.714064105  5.254326
4955850.295427864  5.258253
4956212.451619526  5.26218
4962415.134715785  5.266107
4968635.478136888  5.270034
4974873.557414269  5.273961
4981129.448510702  5.277888
4987403.227823377  5.281815
4993694.972187013  5.285742
5000004.758876997  5.289669
5006319.489842773  5.293596
5012508.320503832  5.297523
5018692.790332386  5.30145
5017774.146316411  5.305377
5016852.907175466  5.309304
5015929.061897344  5.313231
5015002.59940744  5.317158
5014073.508568317  5.321085
5013141.77817925  5.325012
5012207.3969757855  5.328939
5011156.541256995  5.332866
5010060.874424989  5.336793
5008987.009456349  5.34072
5016033.349296551  5.344647
5023099.43681274  5.348574
5030185.355136997  5.352501
5037291.187868675  5.356428
5044417.0190776875  5.360355
5051562.933307822  5.364282
5058680.224486173  5.368209
5065710.472516152  5.372136
5072760.183437586  5.376063
5079806.864013007  5.37999
5079498.060455294  5.383917
5079188.3984253565  5.387844
5078877.874338392  5.391771
5078566.484589607  5.395698
5078254.225554085  5.399625
5077941.093586638  5.403552
5077498.544321193  5.407479
5077028.56681442  5.411406
5076557.298768916  5.415333
5076098.214097033  5.41926
5079701.739304116  5.423187
5083315.20056787  5.427114
5086938.6390403  5.4310410000000005
5090572.096100972  5.4349680000000005
5094215.613358595  5.4388950000000005
5097825.874197553  5.442822
5101335.516292072  5.446749
5104854.7033992  5.450676
5108383.474510656  5.454603
5111918.621916021  5.45853
5114484.517188916  5.462457
5117057.428974454  5.466384
5119637.386092317  5.470311
5122224.417520235  5.474238
5124818.552395069  5.478165
5127317.64697958  5.482092
5129772.440618185  5.486019
5132233.854891072  5.489946
5134701.916618406  5.493873
5137182.075435999  5.4978
5141303.802019806  5.501727
5145436.70528147  5.505654
5149580.8307435615  5.509581
5153736.224176204  5.513508
5157902.931598761  5.517435
5161930.48608675  5.521362
5165966.5642411625  5.525289
5170013.436117967  5.529216
5174071.145073771  5.533143
5178137.515508758  5.53707
5181545.760883487  5.540997
5184963.1699746335  5.544924
5188389.779789542  5.548851
5191825.6275350945  5.552778
5195234.786207953  5.556705
5198536.785934217  5.560632
5201847.5294012865  5.564559
5205167.051385525  5.568486
5208495.386847958  5.572413
5211824.190937289  5.57634
5212635.474309805  5.580267
5213448.920288406  5.584194
5214264.53753179  5.588121
5215082.334744947  5.592048
5215838.818451692  5.595975
5216509.486553676  5.599902
5217181.915311401  5.603829
5217856.111667155  5.607756
5218532.082599781  5.611683
5219222.638629131  5.61561
5223774.943370892  5.619537
5228339.277896409  5.623464
5232915.689953087  5.627391
5237504.227541353  5.631318
5242024.376074627  5.635245
5246486.320328544  5.639172
5250959.876284998  5.643099
5255445.089330249  5.647026
5259942.005087396  5.650953
5264454.615235787  5.65488
5270168.578978839  5.658807
5275897.510039635  5.662734
5281641.467304017  5.666661
5287400.509967134  5.670588
5293087.10802349  5.674515
5298725.469396603  5.678442
5304378.3749351315  5.6823690000000004
5310045.880986812  5.6862960000000005
5315728.044190825  5.6902230000000005
5321407.208815065  5.6941500000000005
5321761.310510681  5.698077
5322116.331540955  5.702004
5322472.275490766  5.705931
5322829.14596366  5.709858
5323103.069631556  5.713785
5323311.66889692  5.717712
5323520.8014637  5.721639
5323730.46937966  5.725566
5323940.674703059  5.729493
5324150.801383612  5.73342
5324175.127517863  5.737347
5324199.516243958  5.741274
5324223.967803784  5.745201
5324248.482440478  5.749128
5324203.6258714  5.753055
5324079.633899013  5.756982
5323955.327775742  5.760909
5323830.706306156  5.764836
5323705.76828875  5.768763
5323599.070345982  5.77269
5329086.549262395  5.776617
5334588.020094935  5.780544
5340103.536426575  5.784471
5345633.152114239  5.788398
5351131.727828465  5.792325
5356541.656424005  5.796252
5361965.167605052  5.800179
5367402.3125881385  5.804106
5372853.142847616  5.808033
5378310.409154835  5.81196
5381580.521383414  5.815887
5384858.895667279  5.819814
5388145.563357602  5.823741
5391440.555964372  5.827668
5394733.031806538  5.831595
5397897.177868789  5.835522
5401069.195400972  5.839449
5404249.113812542  5.843376
5407436.962659639  5.847303
5410628.48776766  5.85123
5412629.151389903  5.855157
5414634.823225498  5.859084
5416645.5221034195  5.863011
5418661.266947151  5.866938
5420682.076775274  5.870865
5422594.923220326  5.874792
5424478.776271195  5.878719
5426367.278254617  5.882646
5428260.446400658  5.886573
5430162.705921384  5.8905
5433303.210188601  5.894427
5436451.502966198  5.898354
5439607.613263628  5.902281
5442771.570234591  5.906208
5445943.403177929  5.910135
5449065.4136734875  5.914062
5452106.800403727  5.917989
5455155.622595942  5.921916
5458211.907550384  5.925843
5461268.317942506  5.92977
5462271.252523466  5.933697
5463276.651086911  5.9376240000000005
5464284.522724179  5.9415510000000005
5465294.876571382  5.945478
5466307.721809698  5.949405
5467323.067665634  5.953332
5468203.269753443  5.957259
5469078.165010643  5.961186
5469955.181621754  5.965113
5470847.159007709  5.96904
5475332.122090157  5.972967
5479827.999534902  5.976894
5484334.831231378  5.980821
5488852.657263638  5.984748
5493381.517911544  5.988675
5497921.453651962  5.992602
5502410.466230324  5.996529
5506827.797935335  6.000456
5511255.73857726  6.004383
5515696.20553941  6.00831
5520673.2085764455  6.012237
5525662.207908228  6.016164
5530663.24695991  6.020091
5535676.369366487  6.024018
5540701.618974064  6.027945
5545739.039841144  6.031872
5550788.67623991  6.035799
5555729.614753144  6.039726
5560658.769995795  6.043653
5565581.905985174  6.04758
5565547.500609896  6.051507
5565513.013102834  6.055434
5565478.443169544  6.059361
5565443.790514169  6.063288
5565409.054839436  6.067215
5565374.235846646  6.071142
5565339.333235664  6.075069
5565279.811828551  6.078996
5565101.354637371  6.082923
5564947.420038274  6.08685
5571773.05550761  6.090777
5578614.8271493055  6.094704
5585472.792251256  6.098631
5592347.008372864  6.102558
5599237.533346642  6.106485
5606144.425279845  6.110412
5613067.742556099  6.114339
5620007.5438370425  6.118266
5626902.0111407535  6.122193
5633699.117842902  6.12612
5631569.836815371  6.130047
5629435.571186856  6.133974
5627296.303433582  6.137901
5625152.015949531  6.141828
5623002.6910459725  6.145755
5620848.310950958  6.149682
5618688.85780885  6.153609
5616524.313679815  6.157536
5614354.660539337  6.161463
5612117.327152431  6.16539
5616776.85096358  6.169317
5621447.175357062  6.173244
5626128.3379294025  6.177171
5630820.376451823  6.181098
5635523.328871265  6.185025
5640237.233311404  6.1889520000000005
5644962.128073685  6.1928790000000005
5649698.051638359  6.1968060000000005
5654445.042665529  6.200733
5659189.919250003  6.20466
5660143.435399704  6.208587
5661060.605847253  6.212514
5661979.88361985  6.216441
5662901.275988648  6.220368
5663824.790258296  6.224295
5664750.43376712  6.228222
5665678.213887329  6.232149
5666608.138025203  6.236076
5667540.213621289  6.240003
5668464.7999537075  6.24393
5666691.732600019  6.247857
5664807.615297137  6.251784
5662885.931254001  6.255711
5660959.870986096  6.259638
5659029.419527504  6.263565
5657094.561843992  6.267492
5655155.282832616  6.271419
5653211.567321328  6.275346
5651263.400068586  6.279273
5649349.444234566  6.2832
5657530.018324187  6.287127
5665729.3931821445  6.291054
5673847.295080119  6.294981
5681944.855884574  6.298908
5690060.692180979  6.302835
5698194.865908524  6.306762
5706347.439286619  6.310689
5714518.474816479  6.314616
5722708.03528271  6.318543
5730888.207731334  6.32247
5731782.5315073915  6.326397
5732678.889765364  6.330324
5733577.289455472  6.334251
5734393.702866684  6.338178
5735156.856209579  6.342105
5735921.716364513  6.346032
5736688.2890638895  6.349959
5737456.580065809  6.353886
5738226.59515422  6.357813
5739013.198047159  6.36174
5743680.870092328  6.365667
5748359.052022707  6.369594
5753047.779374912  6.373521
5757747.087845956  6.377448
5762400.364224964  6.381375
5766982.237095174  6.385302
5771574.26399665  6.389229
5776176.478720834  6.393156
5780788.915209267  6.397083
5785405.1704959255  6.40101
5788351.048208337  6.404937
5791303.490743428  6.408864
5794262.520070017  6.412791
5797228.15825506  6.416718
5800200.427464186  6.420645
5803160.447628661  6.424572
5806007.907397691  6.428499
5808861.619439554  6.432426
5811721.604369403  6.436353
5814589.931189546  6.4402800000000004
5817999.361036084  6.4442070000000005
5821416.310114467  6.448134
5824840.803326779  6.452061
5828272.865685178  6.455988
5831712.52231252  6.459915
5835159.79844296  6.463842
5838614.719422575  6.467769
5841969.151120209  6.471696
5845301.493812273  6.475623
5848637.968417709  6.47955
5851165.830373042  6.483477
5853699.209315869  6.487404
5856238.123326925  6.491331
5858782.590566039  6.495258
5861332.629272565  6.499185
5863888.257765824  6.503112
5866449.494445536  6.507039
5869016.357792263  6.510966
5871540.027856848  6.514893
5873973.0876576295  6.51882
5874312.386369194  6.522747
5874652.417841147  6.526674
5874993.184449795  6.530601
5875334.688581727  6.534528
5875676.932633879  6.538455
5876019.91901358  6.542382
5876363.6501386175  6.546309
5876708.128437287  6.550236
5877053.356348451  6.554163
5877412.726432143  6.55809
5881153.687889568  6.562017
5884882.047182701  6.565944
5888618.382157791  6.569871
5892362.718434532  6.573798
5896115.081742463  6.577725
5899875.497921557  6.581652
5903643.992922819  6.585579
5907420.592808876  6.589506
5911205.3237545835  6.593433
5914997.088992902  6.59736
5918503.826903752  6.601287
5921983.013809475  6.605214
5925369.415377041  6.609141
5928762.9919968  6.613068
5932163.766496509  6.616995
5935571.761800866  6.620922
5938987.000932025  6.624849
5942409.507010108  6.628776
5945839.303253739  6.632703
5949271.382516781  6.63663
5951397.44274141  6.640557
5953528.046131568  6.644484
5955663.207265231  6.648411
5957723.338857026  6.652338
5959732.61559302  6.656265
5961746.113041587  6.660192
5963763.844515837  6.664119
5965785.823384926  6.668046
5967812.063074354  6.671973
5969824.988382201  6.6759
5967250.1922599925  6.679827
5964669.953187312  6.683754
5962084.2538868375  6.687681
5959493.077008044  6.6916080000000004
5956896.405126818  6.6955350000000005
5954182.095900421  6.6994620000000005
5951440.88377766  6.703389
5948693.963337867  6.707316
5945941.316731903  6.711243
5943220.128036697  6.71517
5949596.316891859  6.719097
5955985.83909291  6.723024
5962388.736505965  6.726951
5968805.051172602  6.730878
5975234.825310784  6.734805
5981678.101315775  6.738732
5988133.680412554  6.742659
5994471.18810465  6.746586
6000821.764080828  6.750513
6007184.937182402  6.75444
6013436.0698759975  6.758367
6019700.132737809  6.762294
6025977.165927523  6.766221
6032267.209771303  6.770148
6038570.30476266  6.774075
6044886.491563315  6.778002
6051215.81100408  6.781929
6057558.304085732  6.785856
6063901.278704417  6.789783
6070111.888894621  6.79371
6070186.197772812  6.797637
6070260.658683319  6.801564
6070335.2720932  6.805491
6070410.038471421  6.809418
6070484.958288878  6.813345
6070560.032018396  6.817272
6070635.260134753  6.821199
6070710.643114672  6.825126
6070786.181436851  6.829053
6070870.4034415055  6.83298
6073028.362431892  6.836907
6075071.978334921  6.840834
6077119.733918338  6.844761
6079171.641773302  6.848688
6081227.714542087  6.852615
6083287.96491834  6.856542
6085352.405647343  6.860469
6087421.049526278  6.864396
6089493.909404487  6.868323
6091574.125131133  6.87225
6094423.712777106  6.876177
6097279.125833368  6.880104
6100137.749877709  6.884031
6102873.7063764855  6.887958
6105615.155236755  6.891885
6108362.113013791  6.895812
6111114.596329475  6.899739
6113872.621872622  6.903666
6116636.206399324  6.907593
6119403.34553879  6.91152
6121681.51865902  6.915447
6123964.297513135  6.919374
6126251.696082242  6.923301
6128543.728404088  6.927228
6130840.4085733555  6.931155
6133029.999789093  6.935082
6135205.260578924  6.939009
6137384.852911363  6.942936
6139568.789737243  6.9468630000000005
6141761.141668655  6.95079
6144950.694659202  6.954717
6148146.6243225625  6.958644
6151348.94980059  6.962571
6154557.690311834  6.966498
6157772.865151918  6.970425
6160994.493693926  6.974352
6164222.5953888  6.978279
6167378.139661567  6.982206
6170489.157343671  6.986133
6173601.287280555  6.99006
6175489.802378412  6.993987
6177382.05102795  6.997914
6179278.044311842  7.001841
6181177.793356671  7.005768
6183081.309333147  7.009695
6184988.603456317  7.013622
6186899.686985803  7.017549
6188814.5712260045  7.021476
6190733.267526331  7.025403
6192625.173880126  7.02933
6195658.333925989  7.033257
6198697.423501435  7.037184
6201742.460010947  7.041111
6204793.4609271865  7.045038
6207850.443791337  7.048965
6210913.426213427  7.052892
6213982.425872682  7.056819
6217057.460517848  7.060746
6220138.547967554  7.064673
6223228.585455465  7.0686
6227029.231181693  7.072527
6230837.380136902  7.076454
6234542.740509233  7.080381
6238237.050783791  7.084308
6241938.522970329  7.088235
6245647.177915534  7.092162
6249363.036547075  7.096089
6253086.119874003  7.100016
6256816.448987144  7.103943
6260530.577763191  7.10787
6258510.068949098  7.111797
6256485.616350418  7.115724
6254457.208409199  7.119651
6252424.83352228  7.123578
6250343.373762664  7.127505
6248175.448030414  7.131432
6246003.358825451  7.135359
6243827.094142403  7.139286
6241646.641929704  7.143213
6239505.7296569  7.14714
6247430.48786472  7.151067
6255370.538890065  7.154994
6263325.927042704  7.158921
6271296.696803754  7.162848
6279282.892826501  7.166775
6287284.55993724  7.170702
6295301.743136112  7.174629
6303237.410507486  7.178556
6311157.978820076  7.182483
6319072.505943928  7.18641
6322139.089351109  7.190337
6325211.523262925  7.194264
6328289.824437973  7.1981910000000005
6331374.009698912  7.2021180000000005
6334464.095932779  7.206045
6337560.1000912925  7.209972
6340662.039191162  7.213899
6343769.930314402  7.217826
6346883.790608638  7.221753
6349989.862306683  7.22568
6352271.742263126  7.229607
6354557.926068141  7.233534
6356848.425909442  7.237461
6359143.254020801  7.241388
6361442.42268227  7.245315
6363745.944220403  7.249242
6366053.831008465  7.253169
6368366.095466667  7.257096
6370682.750062381  7.261023
6373004.852089944  7.26495
6375571.899176528  7.268877
6378143.8340590615  7.272804
6380680.593003044  7.276731
6383135.959449644  7.280658
6385595.916942349  7.284585
6388060.478369719  7.288512
6390529.656668605  7.292439
6393003.464824371  7.296366
6395481.9158711275  7.300293
6397959.044392666  7.30422
6399064.483152233  7.308147
6400172.002477915  7.312074
6401281.608249046  7.316001
6402393.306367141  7.319928
6403507.102755991  7.323855
6404565.015641019  7.327782
6405557.46885833  7.331709
6406551.761583727  7.335636
6407547.898936237  7.339563
6408555.019987434  7.34349
6411666.769996532  7.347417
6414784.309081941  7.351344
6417907.653413634  7.355271
6421036.819221859  7.359198
6424171.822797425  7.363125
6427312.680491979  7.367052
6430459.408718297  7.370979
6433612.023950563  7.374906
6436705.908743849  7.378833
6439747.273536496  7.38276
6443230.376419474  7.386687
6446719.88430495  7.390614
6450215.814876207  7.394541
6453718.185881692  7.398468
6457227.015135303  7.402395
6460742.320516696  7.406322
6464264.119971587  7.410249
6467792.4315120615  7.414176
6471327.2732168725  7.418103
6474865.595495049  7.42203
6477704.245014388  7.425957
6480487.9933549  7.429884
6483212.683658006  7.433811
6485942.33531112  7.437738
6488676.96187767  7.441665
6491416.576970567  7.445592
6494161.194252432  7.4495190000000004
6496910.827435829  7.453446
6499665.490283481  7.457373
6502427.109905736  7.4613
6505634.251954004  7.465227
6508847.2766886335  7.469154
6512066.200309924  7.473081
6515291.039077709  7.477008
6518477.316835235  7.480935
6521590.101377723  7.484862
6524708.503224789  7.488789
6527832.537595576  7.492716
6530962.219764257  7.496643
6534095.546605595  7.50057
6536769.883324195  7.504497
6539449.067999603  7.508424
6542133.113826126  7.512351
6544822.034045988  7.516278
6547515.84194956  7.520205
6550214.550875566  7.524132
6552918.174211319  7.528059
6555608.986972808  7.531986
6558199.18716573  7.535913
6560793.040890676  7.53984
6563166.268819324  7.543767
6565543.748422103  7.547694
6567925.491134668  7.551621
6570311.508433715  7.555548
6572701.81183718  7.559475
6575096.412904411  7.563402
6577495.32323636  7.567329
6579898.554475778  7.571256
6582306.118307384  7.575183
6584733.183367267  7.57911
6590459.179754091  7.583037
6596092.868409574  7.586964
6601716.5174853355  7.590891
6607350.140791481  7.594818
6612993.764887345  7.598745
6618647.416426637  7.602672
6624311.122157871  7.606599
6629984.908924777  7.610526
6635668.803666735  7.614453
6641339.320540504  7.61838
6641909.187571918  7.622307
6642480.072554147  7.626234
6643051.9782171715  7.630161
6643624.907300742  7.634088
6644145.410535306  7.638015
6644597.95497639  7.641942
6645051.29469999  7.645869
6645505.431804342  7.649796
6645960.368395072  7.653723
6646420.3686325485  7.65765
6647807.570867041  7.661577
6649197.221669766  7.665504
6650589.327529446  7.669431
6651983.894957758  7.673358
6653380.930489415  7.677285
6654780.440682294  7.681212
6656182.432117518  7.685139
6657586.911399569  7.689066
6658879.265806046  7.692993
6660193.031005446  7.69692
6667137.039152486  7.700847
6674093.158758849  7.7047740000000005
6681061.421538667  7.708701
6688041.859316901  7.712628
6695034.50402982  7.716555
6702039.387725479  7.720482
6709056.542564223  7.724409
6716086.00081917  7.728336
6723127.79487671  7.732263
6730146.903009763  7.73619
6729559.049432867  7.740117
6728926.691591357  7.744044
6728215.327362257  7.747971
6727502.735025781  7.751898
6726788.911398859  7.755825
6726073.853287401  7.759752
6725357.557486267  7.763679
6724640.020779206  7.767606
6723921.239938822  7.771533
6723214.348707197  7.77546
6725361.621600625  7.779387
6727512.627348402  7.783314
6729667.37569288  7.787241
6731825.876410343  7.791168
6733988.13931115  7.795095
6736072.672314107  7.799022
6738122.013530604  7.802949
6740174.862575923  7.806876
6742231.228464231  7.810803
6744296.020588596  7.81473
6747429.461449997  7.818657
6750568.284202704  7.822584
6753712.502724265  7.826511
6756862.130939982  7.830438
6760017.182823113  7.834365
6763177.672395082  7.838292
6766343.613725692  7.842219
6769515.020933318  7.846146
6772691.908185135  7.850073
6775767.102559043  7.854
6779024.524286867  7.857927
6782287.473702879  7.861854
6785555.964889359  7.865781
6788830.011976464  7.869708
6792109.629142428  7.873635
6795394.830613769  7.877562
6798685.630665491  7.881489
6801982.043621301  7.885416
6805284.083853803  7.889343
6808590.688213139  7.89327
6811668.734189294  7.897197
6814752.048159264  7.901124
6817836.89963211  7.905051
6820811.461865035  7.908978
6823791.023743785  7.912905
6826775.59788407  7.916832
6829765.196944089  7.920759
6832759.833624692  7.924686
6835759.520669571  7.928613
6838767.045540155  7.93254
6842382.72690173  7.936467
6846004.521465267  7.940394
6849632.444747699  7.944321
6853266.512318518  7.948248
6856906.7398  7.952175
6860553.142867422  7.956102
6864198.116033783  7.960029
6867737.979858268  7.963956
6871283.741410805  7.967883
6874841.88176427  7.97181
6879811.40141973  7.975737
6884789.221480863  7.979664
6889775.36276085  7.983591
6894769.846142506  7.987518
6899772.692578583  7.991445
6904783.9230920635  7.995372
6909803.558776449  7.999299
6914831.62079606  8.003226
6919868.130386335  8.007152999999999
6924901.817199709  8.01108
6927619.5047862325  8.015006999999999
6930222.986408656  8.018934
6932830.767377675  8.022860999999999
6935442.8583518965  8.026788
6938059.270025185  8.030714999999999
6940680.0131268175  8.034642
6943305.09842162  8.038568999999999
6945934.5367101235  8.042496
6948568.338828703  8.046423
6951201.545894906  8.05035
6952816.080577254  8.054277
6954433.30143713  8.058204
6956053.215183796  8.062131
6957675.828548875  8.066058
6959301.148286447  8.069985
6960830.196471314  8.073912
6962342.637667603  8.077839
6963857.556287021  8.081766
6965374.958421699  8.085693
6966895.943569201  8.08962
6968644.503037707  8.093547
6970395.936112115  8.097474
6972150.249882036  8.101401
6973907.451460417  8.105328
6975667.547983646  8.109255
6977430.546611642  8.113182
6979196.454527955  8.117109
6980965.278939864  8.121036
6982737.027078473  8.124963
6984453.733041091  8.12889
6988147.5660461765  8.132817
6991847.395347823  8.136744
6995553.235558808  8.140671
6999265.101339432  8.144598
7002983.0073977085  8.148525
7006706.968489559  8.152452
7010436.999419005  8.156379
7014173.115038368  8.160306
7017915.330248466  8.164233
7021660.563442955  8.16816
7024774.487703114  8.172087
7027893.508243298  8.176014
7031017.637584687  8.179941
7034121.26071481  8.183868
7037138.605576487  8.187795
7040160.804270801  8.191722
7043187.868519309  8.195649
7046219.810081342  8.199576
7049256.640754156  8.203503
7052301.159927158  8.20743
7055924.415305897  8.211357
7059553.527475848  8.215284
7063188.510649257  8.219211
7066829.379084407  8.223138
7070476.147085772  8.227065
7074128.829004235  8.230992
7077787.43923725  8.234919
7081451.992229054  8.238846
7085033.827960997  8.242773
7088591.383482396  8.2467
7091724.691049333  8.250627
7094863.00103764  8.254554
7098006.325436662  8.258481
7101154.676274097  8.262408
7104308.065616131  8.266335
7107466.505567606  8.270262
7110630.008272168  8.274189
7113798.585912433  8.278116
7116972.250710122  8.282043
7120149.0004331535  8.28597
7122916.176059876  8.289897
7125687.8051173175  8.293824
7128440.484109787  8.297751
7131104.862309468  8.301678
7133773.45185236  8.305605
7136446.2627311  8.309532
7139123.304969965  8.313459
7141804.588624987  8.317386
7144490.1237841  8.321313
7147184.591268199  8.32524
7150844.790239455  8.329167
7154510.80674171  8.333094000000001
7158182.654655594  8.337021
7161860.347905934  8.340948
7165543.900461927  8.344875
7169233.326337315  8.348802
7172928.639590568  8.352729
7176567.20184343  8.356656
7180158.478725555  8.360583
7183758.959348917  8.36451
7188101.0606627185  8.368437
7192449.977749659  8.372364
7196805.72667037  8.376291
7201168.32353598  8.380218
7205537.784508315  8.384145
7209914.125800098  8.388072
7214297.3636751585  8.391999
7218687.514448615  8.395926
7223084.594487098  8.399853
7227458.479149665  8.40378
7225634.838029561  8.407707
7223808.311705327  8.411634
7221889.042144733  8.415561
7219941.457382019  8.419488
7217990.846337957  8.423415
7216037.201953421  8.427342
7214080.517147309  8.431269
7212120.784816465  8.435196
7210157.997835589  8.439123
7208235.702641172  8.44305
7214825.240356728  8.446977
7221425.0733068865  8.450904
7228035.225637818  8.454831
7234655.7215712555  8.458758
7241286.585404799  8.462685
7247927.841512208  8.466612
7254579.514343706  8.470539
7261136.643921559  8.474466
7267694.260183437  8.478393
7274238.082393206  8.48232
7276120.296860524  8.486247
7278005.415356701  8.490174
7279893.444607772  8.494101
7281784.3913605595  8.498028
7283678.262382754  8.501955
7285575.064462992  8.505882
7287474.804410945  8.509809
7289377.489057387  8.513736
7291283.125254291  8.517663
7293196.597019527  8.52159
7296066.532010999  8.525517
7298940.929389025  8.529444
7301711.584080432  8.533371
7304480.642212984  8.537298
7307253.929122652  8.541225
7310031.454503822  8.545152
7312813.228080546  8.549079
7315599.259606633  8.553006
7318389.558865784  8.556933
7321190.771866386  8.56086
7325293.657515242  8.564787
7329402.842571281  8.568714
7333518.341553443  8.572641
7337640.169025307  8.576568
7341768.339595291  8.580495
7345902.8679167945  8.584422
7350043.768688399  8.588349
7354091.278897588  8.592276
7358131.029338764  8.596203
7362160.441113522  8.60013
7362979.207870856  8.604057
7363799.215974974  8.607984
7364620.46825106  8.611911
7365442.967532877  8.615838
7366266.716662799  8.619765
7367091.718491848  8.623692
7367917.97587972  8.627619
7368745.491694828  8.631546
7369574.26881432  8.635473
7370424.400789651  8.6394
7375203.537628146  8.643327
7379989.97554715  8.647254
7384704.424688424  8.651181
7389392.313235631  8.655108
7394087.236020159  8.659035
7398789.208886345  8.662962
7403498.247726139  8.666889
7408214.368479299  8.670816
7412937.587133555  8.674743
7417660.045111391  8.67867
7420850.156168666  8.682597
7424045.079300823  8.686524
7427244.825404133  8.690451
7430449.405407792  8.694378
7433658.830274033  8.698305
7436873.110998277  8.702232
7440092.258609225  8.706159
7443268.832912774  8.710086
7446384.932407238  8.714013
7449517.707118118  8.71794
7455009.077749821  8.721867
7460508.627468465  8.725794
7466016.374561095  8.729721
7471532.3373693265  8.733648
7477056.534289521  8.737575
7482588.983773017  8.741502
7488129.704326313  8.745429
7493678.714511292  8.749356
7499236.032945409  8.753283
7504778.8991384925  8.75721
7505876.830943072  8.761137
7506976.410325041  8.765064
7508073.779635569  8.768991
7509064.161174456  8.772918
7510056.002508981  8.776845
7511049.306869071  8.780772
7512044.07749419  8.784699
7513040.317633377  8.788626
7514038.030545272  8.792553
7515049.405943958  8.79648
7518444.663169285  8.800407
7521844.950863764  8.804334
7525250.2802155195  8.808261
7528660.662445887  8.812188
7532076.108809514  8.816115
7535496.630594513  8.820042
7538922.239122556  8.823969
7542352.945749023  8.827896
7545728.296457218  8.831823
7549055.190777719  8.835749999999999
7551996.895027547  8.839677
7554942.90265825  8.843604
7557893.223119787  8.847531
7560847.865889791  8.851458
7563806.840473698  8.855385
7566770.1564048305  8.859312
7569737.823244509  8.863239
7572709.850582144  8.867166
7575686.248035359  8.871093
7578664.038349137  8.87502
7581090.241070425  8.878947
7583520.019204233  8.882874
7585953.380659837  8.886801
7588390.333369852  8.890728
7590726.250873965  8.894655
7593058.799206819  8.898582
7595394.728945717  8.902509
7597734.047448832  8.906436
7600076.7620957075  8.910363
7602426.672571614  8.91429
7605485.8771634195  8.918217
7608549.532697936  8.922144
7611617.648895984  8.926071
7614690.235506707  8.929998
7617767.302307682  8.933925
7620848.859105017  8.937852
7623934.915733466  8.941779
7627025.482056516  8.945706
7630120.5679665115  8.949633
7633205.023569975  8.95356
7638128.430242858  8.957487
7643058.909273184  8.961414
7647996.475910818  8.965341
7652941.145449499  8.969268
7657892.933227002  8.973195
7662851.854625289  8.977122
7667817.925070678  8.981049
7672791.160033994  8.984976
7677771.575030738  8.988903
7682739.9381228285  8.99283
7684132.861835035  8.996757
7685527.8009244725  9.000684
7686924.759768292  9.004611
7688323.742756317  9.008538
7689724.754291115  9.012465
7691082.332080964  9.016392
7692376.765467155  9.020319
7693673.042576844  9.024246
7694971.167351994  9.028173
7696282.510376217  9.0321
7699711.427360461  9.036027
7703145.242268163  9.039954
7706583.965601245  9.043881
7710027.607891665  9.047808
7713476.179701539  9.051735
7716929.691623242  9.055662
7720388.154279517  9.059589
7723851.578323587  9.063516
7727319.974439262  9.067443
7730768.943754759  9.07137
7729679.4248437295  9.075297
7728535.228609311  9.079224
7727332.563639424  9.083151
7726128.20022991  9.087078
7724922.134780344  9.091005
7723714.363680119  9.094932
7722504.883308409  9.098859
7721293.690034131  9.102786
7720080.780215911  9.106713
7718917.579405198  9.11064
7727325.347644291  9.114567
7735745.057041115  9.118494
7744176.733052938  9.122421
7752620.401209458  9.126348
7761076.087113026  9.130275
7769543.816438943  9.134202
7778023.614935685  9.138129
7786466.797550299  9.142056
7794860.923526612  9.145983
7803228.1686197715  9.14991
7804416.230886455  9.153837
7805605.958922868  9.157764
7806797.356234802  9.161691
7807990.426337902  9.165618
7809185.172757683  9.169545
7810381.599029581  9.173472
7811579.708698976  9.177399
7812779.505321236  9.181326
7813980.992461746  9.185253
7815223.696893103  9.18918
7823824.655765713  9.193107
7832437.759091223  9.197034
7841063.0326095335  9.200961
7849668.310904077  9.204888
7858208.392891571  9.208815
7866760.328860582  9.212742
7875324.143508958  9.216669
7883899.861603219  9.220596
7892487.507978766  9.224523
7901054.355762189  9.22845
7903537.06280731  9.232377
7906023.230360877  9.236304
7908512.86566305  9.240231
7911005.975974206  9.244158
7913502.568575001  9.248085
7916002.650766447  9.252012
7918506.229869977  9.255939
7921013.313227521  9.259866
7923523.908201577  9.263793
7926029.020484629  9.26772
7927412.531710973  9.271647
7928797.946615862  9.275574
7930185.269131122  9.279501
7931574.50319942  9.283428
7932965.652774292  9.287355
7934358.721820188  9.291282
7935753.714312499  9.295209
7937150.634237609  9.299136
7938549.485592918  9.303063
7939956.978893897  9.30699
7942557.650018625  9.310917
7945161.924394913  9.314844
7947769.809516451  9.318771
7950381.312897731  9.322698
7952996.442074101  9.326625
7955615.204601862  9.330552
7958166.191088636  9.334479
7960683.411626066  9.338406
7963204.067835048  9.342333
7965739.362613594  9.34626
7970266.745526962  9.350187
7974800.32039321  9.354114
7979340.099923835  9.358041
7983886.096865137  9.361968
7988438.32399836  9.365895
7992996.794139806  9.369822
7997561.520140953  9.373749
8002132.514888572  9.377676
8006709.791304861  9.381603
8011301.419233047  9.38553
8017330.447048074  9.389457
8023367.777341517  9.393384
8029395.122461285  9.397311
8035340.455546636  9.401238
8041293.83170901  9.405165
8047255.267280933  9.409092
8053224.778639186  9.413019
8059202.382204942  9.416946
8065188.094443936  9.420873
8071177.685033182  9.4248
8076421.086690829  9.428727
8081671.615572405  9.432654
8086929.286219579  9.436581
8092194.113213599  9.440508
8097466.111175448  9.444435
8102745.294765948  9.448362
8108031.678685928  9.452289
8113325.277676333  9.456216
8118626.106518385  9.460143
8123850.133992839  9.46407
8125025.988516895  9.467997
8126203.420733292  9.471924
8127382.433819439  9.475851
8128563.030961291  9.479778
8129745.215353368  9.483705
8130928.99019878  9.487632
8132114.358709266  9.491559
8133301.324105219  9.495486
8134489.889615714  9.499413
8135701.278760293  9.50334
8140683.4454118395  9.507267
8145672.34199023  9.511194
8150667.982140896  9.515121
8155670.379546174  9.519048
8160679.547925448  9.522975
8165695.50103526  9.526902
8170626.536235568  9.530829
8175547.637017261  9.534756
8180475.2860462405  9.538683
8185392.691530635  9.54261
8187331.797304894  9.546537
8189273.488504588  9.550464
8191217.770303919  9.554391
8193164.647890905  9.558318
8195114.126467429  9.562245
8197066.211249276  9.566172
8199020.907466194  9.570099
8200978.220361927  9.574026
8202938.1551942695  9.577953
8204910.715945032  9.58188
8208661.883913101  9.585807
8212418.086910024  9.589734
8216177.890053419  9.593660999999999
8219836.420213761  9.597588
8223499.774839081  9.601515
8227167.963478638  9.605442
8230840.995706897  9.609369
8234518.881123635  9.613296
8238201.629354007  9.617223
8241880.916875382  9.62115
8244084.958115813  9.625077
8246291.919278735  9.629004
8248501.806170485  9.632931
8250714.624612799  9.636858
8252930.380442871  9.640785
8255149.079513403  9.644712
8257370.727692656  9.648639
8259595.3308645  9.652566
8261822.894928469  9.656493
8264060.173044726  9.66042
8268587.038768409  9.664347
8273119.823942685  9.668274
8277658.540185793  9.672201
8282203.199146409  9.676128
8286753.812503718  9.680055
8291310.391967541  9.683982
8295872.949278415  9.687909
8300441.496207711  9.691836
8305016.04455772  9.695763
8309586.462833609  9.69969
8312361.268018173  9.703617
8315139.7254913  9.707544
8317921.842468626  9.711471
8320707.626184816  9.715398
8323497.083893605  9.719325
8326290.222867885  9.723252
8329087.050399751  9.727179
8331781.184092772  9.731106
8334478.151251599  9.735033
8337193.36040728  9.73896
8342416.166393155  9.742887
8347645.757346615  9.746814
8352882.146497817  9.750741
8358125.347111343  9.754668
8363375.372486302  9.758595
8368632.235956452  9.762522
8373895.950890301  9.766449
8379166.530691236  9.770376
8384443.988797617  9.774303
8389719.59615686  9.77823
8393517.1790399  9.782157
8397319.727632504  9.786084
8401127.251680769  9.790011
8404939.760956313  9.793938
8408670.986019274  9.797865
8412386.343892047  9.801792
8416106.481094036  9.805719
8419831.406853167  9.809646
8423561.13042113  9.813573
8427305.515998317  9.8175
8432728.575717319  9.821427
8438158.634010859  9.825354
8443595.704435391  9.829281
8449039.800582424  9.833208
8454490.936078593  9.837135
8459949.124585811  9.841061999999999
8465414.379801365  9.844989
8470886.715458024  9.848916
8476366.14532417  9.852843
8481845.832698517  9.85677
8486169.079514837  9.860697
8490444.448399132  9.864624
8494671.877147686  9.868551
8498904.697320167  9.872478
8503142.919237036  9.876405
8507386.55324511  9.880332
8511635.609717645  9.884259
8515890.099054422  9.888186
8520150.031681843  9.892113
8524403.323451871  9.89604
8526607.821911132  9.899967
8528815.14627927  9.903894
8531025.3019935  9.907821
8533238.294504989  9.911748
8535454.12927891  9.915675
8537672.811794482  9.919602
8539894.347545015  9.923529
8542118.742037958  9.927456
8544338.107588153  9.931383
8546471.59440743  9.93531
8550290.929211747  9.939237
8554115.096002763  9.943164
8557944.103955988  9.947091
8561777.962270165  9.951018
8565616.680167362  9.954945
8569460.266893037  9.958872
8573308.73171612  9.962799
8577162.083929084  9.966726
8581020.332848014  9.970653
8584893.113542363  9.97458
8590405.724327793  9.978507
8595925.353725782  9.982434
8601452.015148936  9.986361
8606985.722044049  9.990288
8612526.487892233  9.994215
8618074.326209  9.998142
8620728.622364255  10.002069
8620779.779036963  10.005996
8620830.935709672  10.009923
8620881.792763468  10.01385
8620881.792763468  10.017777
8620881.792763468  10.021704
8620881.792763468  10.025631
8620881.792763468  10.029558
8620881.792763468  10.033485
8620881.792763468  10.037412
8620881.792763468  10.041339
8620881.792763468  10.045266
8620881.792763468  10.049193
