10    5.483123345918137e-09
11    5.683093021663839e-09
12    5.860231464243627e-09
13    6.0054287796433705e-09
14    6.168984875426871e-09
15    6.316047057579201e-09
16    6.422112269192868e-09
17    6.5138189990181646e-09
18    6.603853637562218e-09
19    6.681595651072484e-09
20    6.748692272932887e-09
21    6.80687440380402e-09
22    6.857580177083637e-09
23    6.901926414811115e-09
24    6.940610565063997e-09
25    6.967357555467819e-09
26    6.9942175510215676e-09
27    7.0268262386558745e-09
28    7.047399247010771e-09
29    7.062916411826389e-09
30    7.104488206154452e-09
31    7.1035220314639604e-09
32    7.097774602067838e-09
33    7.079062663313333e-09
34    7.075071433685236e-09
35    7.0677748719209324e-09
36    7.057454360013623e-09
37    7.044502728581263e-09
38    7.029354667376806e-09
39    7.0124209411914e-09
40    6.994005365154777e-09
41    6.974306864059666e-09
42    6.956211839419085e-09
43    6.9317934242100164e-09
44    6.906393473830465e-09
45    6.880187022946719e-09
46    6.85329320985785e-09
47    6.8329873653576974e-09
48    6.805807067664107e-09
49    6.757269651401771e-09
50    6.7262906314490886e-09
51    6.695055721729747e-09
52    6.663591708633169e-09
53    6.654753642349415e-09
54    6.621320406761615e-09
55    6.590525018053991e-09
56    6.558832116685827e-09
57    6.517914607204402e-09
58    6.484444072499372e-09
59    6.450578284871248e-09
60    6.4163217517511e-09
61    6.381677178587046e-09
62    6.346644779509895e-09
63    6.311219870764403e-09
64    6.275399475928656e-09
65    6.239188141695227e-09
66    6.202589519480348e-09
67    6.1655992814452926e-09
68    6.128233916966096e-09
69    6.090536294318949e-09
70    6.052551435484063e-09
71    6.014346781428917e-09
72    5.976011235716846e-09
73    5.937625710160827e-09
74    5.899266449745405e-09
75    5.860998134178349e-09
76    5.822877478544249e-09
77    5.784960120365693e-09
78    5.747278704473863e-09
79    5.709869311974203e-09
80    5.6727901682031895e-09
81    5.636001692879479e-09
82    5.605202159722345e-09
83    5.566888015985908e-09
84    5.52888350275121e-09
85    5.491234743412749e-09
86    5.453972238473877e-09
87    5.4171226970916644e-09
88    5.380696755405661e-09
89    5.3532388257470314e-09
90    5.31919086307934e-09
91    5.285375648437528e-09
92    5.2517827959283985e-09
93    5.218395695986132e-09
94    5.1851896172774826e-09
95    5.118975329362581e-09
96    5.084086460983766e-09
97    5.049686425991035e-09
98    5.015767237167437e-09
99    4.982319774085371e-09
100    4.988561934151962e-09
101    4.956094585063461e-09
102    4.92370242735199e-09
103    4.891392608338496e-09
104    4.859174464483227e-09
105    4.827061200913254e-09
106    4.795068445193259e-09
107    4.7632155727773515e-09
108    4.731522095012888e-09
109    4.700007738886682e-09
110    4.66869273964214e-09
111    4.637594719617714e-09
112    4.606727205648138e-09
113    4.576099737035661e-09
114    4.545724053735287e-09
115    4.515610368674465e-09
116    4.4857666236691624e-09
117    4.45619952082651e-09
118    4.426914368202409e-09
119    4.3979144448375235e-09
120    4.369200466344153e-09
121    4.3538914861585864e-09
122    4.326595488885563e-09
123    4.299468460818614e-09
124    4.272503083060143e-09
125    4.245690472568533e-09
126    4.219022191907034e-09
127    4.1924898480034385e-09
128    4.166087954039977e-09
129    4.123815314408418e-09
130    4.097982968693797e-09
131    4.072425406966783e-09
132    4.0471356810312365e-09
133    4.022106014852574e-09
134    3.997330027429609e-09
135    3.972801633468346e-09
136    3.948513815479683e-09
137    3.9244602464422925e-09
138    3.90063445265451e-09
139    3.877030487456757e-09
140    3.8536419793847485e-09
141    3.830463235180154e-09
142    3.80952501771569e-09
143    3.7851485054536405e-09
144    3.760964949128474e-09
145    3.736987930224467e-09
146    3.713229829631066e-09
147    3.68970059360483e-09
148    3.666409930739098e-09
149    3.6433690710854977e-09
150    3.6205905225473602e-09
151    3.598086001330386e-09
152    3.5758619676266314e-09
153    3.553919190831413e-09
154    3.532258826584089e-09
155    3.5239480095584386e-09
156    3.501333460918702e-09
157    3.4789426261588887e-09
158    3.456784441004675e-09
159    3.4348665551811114e-09
160    3.4131957702460293e-09
161    3.39177892414186e-09
162    3.3706239873375354e-09
163    3.349738680486603e-09
164    3.3291286184412535e-09
165    3.3087973557498854e-09
166    3.2950027538281728e-09
167    3.2769390809847433e-09
168    3.2590964776839014e-09
169    3.2414644473682098e-09
170    3.224031737786866e-09
171    3.2067891493124925e-09
172    3.189729308841504e-09
173    3.172845400353277e-09
174    3.1561299981857674e-09
175    3.1395751300058966e-09
176    3.123173207460617e-09
177    3.1069173847551956e-09
178    3.0908023405277224e-09
179    3.074823389463574e-09
180    3.058975352365431e-09
181    3.0432527967962756e-09
182    3.027650054851272e-09
183    3.0121613209896026e-09
184    2.9967809600642477e-09
185    2.9815034099834243e-09
186    2.9663234141751886e-09
187    2.951236327882867e-09
188    2.936238104790916e-09
189    2.921324441605497e-09
190    2.906491315392114e-09
191    2.8917352618327e-09
192    2.8770520877207383e-09
193    2.862437458836429e-09
194    2.8478874483077628e-09
195    2.833398831916617e-09
196    2.81896984238272e-09
197    2.8045994665690533e-09
198    2.7902870006008195e-09
199    2.7760323189650945e-09
200    2.7618356552632418e-09
201    2.7476982182691306e-09
202    2.733621468837183e-09
203    2.7196068001505122e-09
204    2.705655546108968e-09
205    2.6917692432837354e-09
206    2.6779501581482083e-09
207    2.6642017055532742e-09
208    2.6505277658617917e-09
209    2.636932110424049e-09
210    2.6234182818635046e-09
211    2.609989702605502e-09
212    2.5966497060440177e-09
213    2.583401368744624e-09
214    2.570247450952957e-09
215    2.557191302759563e-09
216    2.544236377190611e-09
217    2.5313860620177906e-09
218    2.5186437156558368e-09
219    2.506012043792829e-09
220    2.4934930081759933e-09
221    2.481088209144521e-09
222    2.468798677751346e-09
223    2.469244919852305e-09
224    2.4580700221098847e-09
225    2.446968523096287e-09
226    2.4359390328260545e-09
227    2.4249801677019253e-09
228    2.4140904945677044e-09
229    2.403268203414685e-09
230    2.3925116744960176e-09
231    2.3818194754948118e-09
232    2.371190261498678e-09
233    2.3413369543987306e-09
234    2.3304413156736615e-09
235    2.319656978875421e-09
236    2.3089827297618088e-09
237    2.2984171145395103e-09
238    2.2879583984489114e-09
239    2.277604843927833e-09
240    2.2673547433886695e-09
241    2.2572065650252123e-09
242    2.2471585570330265e-09
243    2.2372087870727176e-09
244    2.227355360782223e-09
245    2.217596406952712e-09
246    2.207930073933933e-09
247    2.1983544081058598e-09
248    2.1888672593008644e-09
249    2.179466558381941e-09
250    2.1701504288144124e-09
251    2.160917067551379e-09
252    2.1517646562361815e-09
253    2.142691705310926e-09
254    2.133696901919217e-09
255    2.1247786917858283e-09
256    2.115934851825019e-09
257    2.107163088680705e-09
258    2.0984614231498996e-09
259    2.0898282134578963e-09
260    2.0812618864281645e-09
261    2.072760922381104e-09
262    2.064323805257443e-09
263    2.055948990137308e-09
264    2.0476347369699463e-09
265    2.039379323805107e-09
266    2.031181084624845e-09
267    2.0230383953578946e-09
268    2.0149497405115492e-09
269    2.006913917747077e-09
270    1.998929813776459e-09
271    1.9909963221506075e-09
272    1.9831122392771565e-09
273    1.9752763591156527e-09
274    1.967487509404694e-09
275    1.9597445787255246e-09
276    1.952046634991488e-09
277    1.944392891542544e-09
278    1.936782562953141e-09
279    1.929214905186692e-09
280    1.92168906625448e-09
281    1.914204094614483e-09
282    1.9067588967375507e-09
283    1.8993521809205067e-09
284    1.8919823334290633e-09
285    1.884647265155686e-09
286    1.8773449012739776e-09
287    1.8700733575855512e-09
288    1.862831185180469e-09
289    1.855618043227647e-09
290    1.8484360762078455e-09
291    1.8412877666107277e-09
292    1.8341755532616433e-09
293    1.8271018425331854e-09
294    1.8200655840101222e-09
295    1.8130531405384176e-09
296    1.806061512779399e-09
297    1.7990907375254458e-09
298    1.7921407655118006e-09
299    1.7852118021972848e-09
300    1.7783041540764193e-09
301    1.7714180893226338e-09
302    1.764553845775219e-09
303    1.7577116561891132e-09
304    1.7508918468548419e-09
305    1.744095044525174e-09
306    1.7373219155314163e-09
307    1.7305728186161778e-09
308    1.7238477466333595e-09
309    1.7016235276461155e-09
310    1.695549398734493e-09
311    1.6895391542814547e-09
312    1.683591643012207e-09
313    1.6777055564625992e-09
314    1.671879608042599e-09
315    1.66611256274335e-09
316    1.660403179953846e-09
317    1.654749509059634e-09
318    1.6491488528476516e-09
319    1.6435985219618158e-09
320    1.6380959435291587e-09
321    1.6326387251707159e-09
322    1.6272245572468389e-09
323    1.6218511926594232e-09
324    1.6165164459722816e-09
325    1.6112181913949118e-09
326    1.6059543283506131e-09
327    1.600722647961083e-09
328    1.5953205946541623e-09
329    1.5892283820202715e-09
330    1.583173622604318e-09
331    1.5771570600690513e-09
332    1.5711794557186236e-09
333    1.565241621925571e-09
334    1.5593443330715046e-09
335    1.553488315939814e-09
336    1.547674252995667e-09
337    1.541902753886258e-09
338    1.5361743405696052e-09
339    1.5304894913880893e-09
340    1.524848651737718e-09
341    1.519252236760964e-09
342    1.5137006613213806e-09
343    1.5081943407907514e-09
344    1.5027334673953834e-09
345    1.4973179494223754e-09
346    1.4919474731839788e-09
347    1.4866216947141479e-09
348    1.4813402771449698e-09
349    1.4761029224639656e-09
350    1.4709093427070284e-09
351    1.4657592516328761e-09
352    1.4606523604331336e-09
353    1.4555883189321831e-09
354    1.450566629049413e-09
355    1.4455867477000187e-09
356    1.4406479929810583e-09
357    1.4357496559282078e-09
358    1.4308910455572534e-09
359    1.4260714235424249e-09
360    1.4212900147788108e-09
361    1.41654600216024e-09
362    1.4118383390532916e-09
363    1.407165956797689e-09
364    1.402527828680343e-09
365    1.397922954620221e-09
366    1.3933503536223584e-09
367    1.3888089420707264e-09
368    1.3842975879681399e-09
369    1.3798151903317734e-09
370    1.3753606646287955e-09
371    1.3709330274358497e-09
372    1.3665313308918833e-09
373    1.3621546581931106e-09
374    1.357802130054484e-09
375    1.3534728918551793e-09
376    1.3491661114414603e-09
377    1.3448809751918274e-09
378    1.3406166372899288e-09
379    1.3363721881958486e-09
380    1.3321466691976733e-09
381    1.3279391335961858e-09
382    1.323748656691251e-09
383    1.3195743370749373e-09
384    1.3154153112024261e-09
385    1.3112708544356692e-09
386    1.3071403511354317e-09
387    1.3030232457575494e-09
388    1.2989190549431385e-09
389    1.294827374825236e-09
390    1.2907477599318867e-09
391    1.2866797506654166e-09
392    1.2826228968946791e-09
393    1.2785767652681667e-09
394    1.2745409989375534e-09
395    1.2705153414492883e-09
396    1.2664995486578786e-09
397    1.2624933660496273e-09
398    1.258496517084309e-09
399    1.2545087453385705e-09
400    1.250529868609799e-09
401    1.2465597108576838e-09
402    1.2425981143137205e-09
403    1.2386450165167774e-09
404    1.2347003744730907e-09
405    1.2307641492278483e-09
406    1.2268363230009902e-09
407    1.2229169031627644e-09
408    1.2190058974681528e-09
409    1.215103310782937e-09
410    1.2112091585651725e-09
411    1.2073235054548608e-09
412    1.2034464510844128e-09
413    1.1995781706314453e-09
414    1.1957188845743798e-09
415    1.1918688614771223e-09
416    1.1880283739379909e-09
417    1.1841976925214475e-09
418    1.1718965545071893e-09
419    1.1678979008203944e-09
420    1.1639289899876498e-09
421    1.1599900980999211e-09
422    1.1560814853732335e-09
423    1.152203395148362e-09
424    1.1483560240797332e-09
425    1.1445394259365547e-09
426    1.1407536127691643e-09
427    1.1369985892727145e-09
428    1.1332743530053898e-09
429    1.1295808958240684e-09
430    1.1259182114800007e-09
431    1.1222862906803687e-09
432    1.1186851175689546e-09
433    1.115114654674913e-09
434    1.111574718527795e-09
435    1.1080649732410121e-09
436    1.1136072293582624e-09
437    1.1100249174236172e-09
438    1.1064582806113385e-09
439    1.1029077659241195e-09
440    1.0993738119687615e-09
441    1.0958568447990593e-09
442    1.092357273748687e-09
443    1.0888752865479836e-09
444    1.085410767203127e-09
445    1.0819635725312672e-09
446    1.0785335712649531e-09
447    1.0751206752205234e-09
448    1.071724813936713e-09
449    1.0683459281414122e-09
450    1.0649839651445434e-09
451    1.061639221279425e-09
452    1.0583126291884113e-09
453    1.0550051653582934e-09
454    1.0517177740285257e-09
455    1.0484513841850336e-09
456    1.0452068996684563e-09
457    1.0419851996683588e-09
458    1.0387871005819695e-09
459    1.035612020899405e-09
460    1.0324556817831348e-09
461    1.0293165513654922e-09
462    1.0261947124662926e-09
463    1.0230902570072164e-09
464    1.0200032608274218e-09
465    1.0169337887173293e-09
466    1.0138819018104744e-09
467    1.010847660444293e-09
468    1.00783113276074e-09
469    1.0048324245730121e-09
470    1.0018516457559258e-09
471    9.988888997996987e-10
472    9.959442757035768e-10
473    9.93017796223191e-10
474    9.901094454175985e-10
475    9.87219204976292e-10
476    9.84347056067862e-10
477    9.814929626984698e-10
478    9.786568587539853e-10
479    9.758386023234202e-10
480    9.730379578536801e-10
481    9.702546431708468e-10
482    9.674883640534667e-10
483    9.647388310569758e-10
484    9.620057594622054e-10
485    9.59288872684014e-10
486    9.565879096879208e-10
487    9.539026420518614e-10
488    9.512328402295861e-10
489    9.485782743210898e-10
490    9.459387166069629e-10
491    9.433139291078665e-10
492    9.407036312405078e-10
493    9.381075136344954e-10
494    9.355252735021344e-10
495    9.32956613023916e-10
496    9.304012393451151e-10
497    9.278588652401968e-10
498    9.253292562317975e-10
499    9.228122566061601e-10
500    9.203077128011546e-10
501    9.178154433433669e-10
502    9.153352449586358e-10
503    9.12866882886536e-10
504    9.104100888607542e-10
505    9.079646233936878e-10
506    9.055302738798139e-10
507    9.031068355115922e-10
508    9.006941060233953e-10
509    8.982918856399269e-10
510    8.958999794935778e-10
511    8.935182025211703e-10
512    8.911463733686027e-10
513    8.887843130960217e-10
514    8.864318426700495e-10
515    8.871394696902701e-10
516    8.847541358254638e-10
517    8.823741855820775e-10
518    8.799996099095509e-10
519    8.776304080799703e-10
520    8.752665784311206e-10
521    8.729081181997098e-10
522    8.705550369832585e-10
523    8.682074110845908e-10
524    8.658653353567461e-10
525    8.635289012671262e-10
526    8.611981970749321e-10
527    8.588733130033767e-10
528    8.56554344605954e-10
529    8.542413850600525e-10
530    8.519345244924698e-10
531    8.496338526431229e-10
532    8.455385960842083e-10
533    8.433390531433383e-10
534    8.411464265384679e-10
535    8.389606504965018e-10
536    8.367816603387323e-10
537    8.346093956301146e-10
538    8.324438071752657e-10
539    8.302848255604631e-10
540    8.281323597469717e-10
541    8.259862959004384e-10
542    8.238465123628817e-10
543    8.217128872115077e-10
544    8.195853016782524e-10
545    8.174636426702664e-10
546    8.153478260852624e-10
547    8.132378167712682e-10
548    8.111336075356505e-10
549    8.090352250965888e-10
550    8.069427172264503e-10
551    8.048561313227872e-10
552    8.027755069772127e-10
553    8.007008698246713e-10
554    7.986322424477114e-10
555    7.965696473746813e-10
556    7.945131070193701e-10
557    7.924626435732336e-10
558    7.904182557445376e-10
559    7.88379908951813e-10
560    7.863475682361891e-10
561    7.843212320665127e-10
562    7.82300920233165e-10
563    7.802866526187961e-10
564    7.782784488428972e-10
565    7.762763285505149e-10
566    7.74280311351094e-10
567    7.722904168734169e-10
568    7.703066729544966e-10
569    7.683291208038943e-10
570    7.663577945841746e-10
571    7.643927267941613e-10
572    7.624339746759351e-10
573    7.604816039590573e-10
574    7.585356812989236e-10
575    7.565962774919011e-10
576    7.546634588723277e-10
577    7.527372718623272e-10
578    7.508177549721836e-10
579    7.489049407723159e-10
580    7.469988590336026e-10
581    7.450995382080033e-10
582    7.432070072249373e-10
583    7.413213120804218e-10
584    7.394425115148083e-10
585    7.375706627078447e-10
586    7.357058211440526e-10
587    7.338480411381734e-10
588    7.319973759785542e-10
589    7.301538852262082e-10
590    7.283176410760956e-10
591    7.264887197256152e-10
592    7.246671951100646e-10
593    7.228531379561633e-10
594    7.210466078319607e-10
595    7.192476576624896e-10
596    7.174563500796353e-10
597    7.156727477033006e-10
598    7.138969081466946e-10
599    7.121288828816403e-10
600    7.103687208754529e-10
601    7.086164688650922e-10
602    7.06872171376431e-10
603    7.051358712872756e-10
604    7.034076092058394e-10
605    7.016874241722061e-10
606    6.999753974901907e-10
607    6.982716301996166e-10
608    6.965762132761521e-10
609    6.948892314350103e-10
610    6.932107679512212e-10
611    6.915409039387139e-10
612    6.898797098604169e-10
613    6.882272491631192e-10
614    6.865835827718686e-10
615    6.849487694636854e-10
616    6.833228642784925e-10
617    6.817058555877823e-10
618    6.800976479413977e-10
619    6.784981453063026e-10
620    6.769072422877776e-10
621    6.753248291165907e-10
622    6.737507967571782e-10
623    6.721850374275903e-10
624    6.706274447306219e-10
625    6.690779136697219e-10
626    6.675363396060787e-10
627    6.660026171367794e-10
628    6.644767123979899e-10
629    6.629588510339894e-10
630    6.614493183451852e-10
631    6.599483902075049e-10
632    6.584563311549568e-10
633    6.569733996895624e-10
634    6.554998356461502e-10
635    6.540358536376052e-10
636    6.525816621741091e-10
637    6.511374651786144e-10
638    6.497034599053663e-10
639    6.482797189927714e-10
640    6.468648643294663e-10
641    6.454568298211484e-10
642    6.440550340218829e-10
643    6.426594489556084e-10
644    6.412700503486304e-10
645    6.398868142578453e-10
646    6.385097173948408e-10
647    6.371387399669983e-10
648    6.357738755232369e-10
649    6.344151060650793e-10
650    6.330624034836799e-10
651    6.317157382810122e-10
652    6.303750643044026e-10
653    6.290403263871149e-10
654    6.277114697645036e-10
655    6.263884295650989e-10
656    6.250711287307085e-10
657    6.237594962550453e-10
658    6.22453466490423e-10
659    6.211529749427879e-10
660    6.198579582011262e-10
661    6.185683540364392e-10
662    6.172841012479029e-10
663    6.16005136371694e-10
664    6.147313835410924e-10
665    6.134627709663372e-10
666    6.121992506875278e-10
667    6.109407586931439e-10
668    6.096871833452392e-10
669    6.08438409110355e-10
670    6.071943221995981e-10
671    6.059548100614402e-10
672    6.047197583670536e-10
673    6.018519684240137e-10
674    6.007031372577443e-10
675    5.995592019860933e-10
676    5.984199793320567e-10
677    5.972852908828516e-10
678    5.961549750956042e-10
679    5.950288759143161e-10
680    5.939068300314034e-10
681    5.92788673485761e-10
682    5.916742443811623e-10
683    5.905633828618652e-10
684    5.894559310896876e-10
685    5.883517332228762e-10
686    5.872506353966025e-10
687    5.861524857339376e-10
688    5.85057136315455e-10
689    5.839644444076641e-10
690    5.828742694537054e-10
691    5.817864728221826e-10
692    5.807009177078705e-10
693    5.796174690027837e-10
694    5.785359949749851e-10
695    5.774563713083292e-10
696    5.763784761791288e-10
697    5.753021892331165e-10
698    5.742273902290957e-10
699    5.731539599857058e-10
700    5.720817838659399e-10
701    5.710107517686869e-10
702    5.699407570694801e-10
703    5.688716954553581e-10
704    5.678034641361153e-10
705    5.667359631522181e-10
706    5.656691014485693e-10
707    5.646027929817293e-10
708    5.635369668736766e-10
709    5.624715766976598e-10
710    5.614065914054427e-10
711    5.603419810257858e-10
712    5.592777161346854e-10
713    5.582137678560722e-10
714    5.571501078661531e-10
715    5.560867083986734e-10
716    5.550235422503618e-10
717    5.539605827863936e-10
718    5.528978039458483e-10
719    5.518351802472614e-10
720    5.507726867941967e-10
721    5.497102992804963e-10
722    5.486479939956575e-10
723    5.475857510070429e-10
724    5.465235709007774e-10
725    5.454614611674801e-10
726    5.443994205866833e-10
727    5.433374541049059e-10
728    5.422756010155998e-10
729    5.412139138061552e-10
730    5.401524444674185e-10
731    5.390912444609589e-10
732    5.380303647329186e-10
733    5.369698567627901e-10
734    5.359097777226744e-10
735    5.348501864416145e-10
736    5.33791141082566e-10
737    5.327326991531283e-10
738    5.316749217147062e-10
739    5.306178798313493e-10
740    5.29561645351614e-10
741    5.285062891992504e-10
742    5.274518813802936e-10
743    5.263984909617792e-10
744    5.253461852281392e-10
745    5.242950295596125e-10
746    5.232450897133333e-10
747    5.221964445771044e-10
748    5.211491803045907e-10
749    5.201033803541284e-10
750    5.190591136557011e-10
751    5.180164411876888e-10
752    5.169754232615967e-10
753    5.159361267633826e-10
754    5.148986259434576e-10
755    5.13862994360989e-10
756    5.128293045024453e-10
757    5.117976291190135e-10
758    5.107680411247489e-10
759    5.097406123167116e-10
760    5.087154136161654e-10
761    5.076925173289852e-10
762    5.066719996209697e-10
763    5.056539364361751e-10
764    5.046384021167551e-10
765    5.036254697313241e-10
766    5.02615213920067e-10
767    5.016077155694514e-10
768    5.006030541234459e-10
769    4.996013069452023e-10
770    4.986025499946401e-10
771    4.976068578465501e-10
772    4.966143037038375e-10
773    4.956249585265853e-10
774    4.946388830791301e-10
775    4.936561318322099e-10
776    4.926767580943748e-10
777    4.917008140875276e-10
778    4.907283509538403e-10
779    4.89759418765168e-10
780    4.887940664984791e-10
781    4.878323413696541e-10
782    4.868742934926685e-10
783    4.859199873123933e-10
784    4.849694891756757e-10
785    4.840228642229106e-10
786    4.830801785245054e-10
787    4.821414911747503e-10
788    4.81206848167236e-10
789    4.802762938536001e-10
790    4.793498752465218e-10
791    4.784276397853748e-10
792    4.775096356398461e-10
793    4.765959123453685e-10
794    4.756865184452145e-10
795    4.747815013297619e-10
796    4.738809065638709e-10
797    4.72984743774538e-10
798    4.720929691244055e-10
799    4.712055332236188e-10
800    4.703223870658878e-10
801    4.69443482052557e-10
802    4.68568769984825e-10
803    4.676982030566124e-10
804    4.669930616073189e-10
805    4.661667187482336e-10
806    4.653433087245756e-10
807    4.645227807515024e-10
808    4.637050815379157e-10
809    4.6289015175760157e-10
810    4.620779835463723e-10
811    4.6126865692532197e-10
812    4.6046226031651784e-10
813    4.5965887888131145e-10
814    4.588585911978997e-10
815    4.580614735523277e-10
816    4.5726760086392255e-10
817    4.564770467410264e-10
818    4.556898844487865e-10
819    4.549070316549416e-10
820    4.5414064463094156e-10
821    4.533778515797021e-10
822    4.526187271272647e-10
823    4.5186334470617324e-10
824    4.511117349812974e-10
825    4.5036337875410537e-10
826    4.496173824100068e-10
827    4.4887317677405436e-10
828    4.481307017166219e-10
829    4.4738994227919845e-10
830    4.4665088457653886e-10
831    4.4591351564825003e-10
832    4.4517782357281084e-10
833    4.4444379748499544e-10
834    4.437114266292108e-10
835    4.4298070013707827e-10
836    4.4225160708392476e-10
837    4.41524136544949e-10
838    4.4079827759727783e-10
839    4.4007401835602825e-10
840    4.3935134479737816e-10
841    4.3863024299313847e-10
842    4.379106990648569e-10
843    4.37192699787027e-10
844    4.3647624023431155e-10
845    4.357613221870266e-10
846    4.350479475776838e-10
847    4.3433611817739283e-10
848    4.3362583618059253e-10
849    4.329171049180324e-10
850    4.3220992768189824e-10
851    4.315043075357857e-10
852    4.3080024630817575e-10
853    4.300977440304032e-10
854    4.293968004836199e-10
855    4.286974169902699e-10
856    4.279995979846392e-10
857    4.2730334812865787e-10
858    4.26608671930914e-10
859    4.25915573600171e-10
860    4.2522404607080147e-10
861    4.2453406329307005e-10
862    4.238456003617546e-10
863    4.231586375791767e-10
864    4.224731557701373e-10
865    4.217891358030986e-10
866    4.211065581785636e-10
867    4.204254034231878e-10
868    4.197456522029693e-10
869    4.190672853608753e-10
870    4.183902839325078e-10
871    4.177146291463919e-10
872    4.1704030242441274e-10
873    4.163672853823901e-10
874    4.156955598307898e-10
875    4.15025107774485e-10
876    4.1435591138430866e-10
877    4.1368795316879737e-10
878    4.1302121700126585e-10
879    4.123556915924155e-10
880    4.116913721864047e-10
881    4.1102825475052544e-10
882    4.1036633123866775e-10
883    4.097055926670866e-10
884    4.090460304551773e-10
885    4.08387636205035e-10
886    4.0773040162912267e-10
887    4.070743185838774e-10
888    4.064193790500651e-10
889    4.0576557511309867e-10
890    4.0511289896293606e-10
891    4.0446134269667486e-10
892    4.0381089752414767e-10
893    4.0316155469592136e-10
894    4.025133094438341e-10
895    4.0186617152092063e-10
896    4.0122015525314534e-10
897    4.0057527551841153e-10
898    3.9993154991558964e-10
899    3.992889982244405e-10
900    3.986476401135812e-10
901    3.9800749501391133e-10
902    3.9736858185260315e-10
903    3.967309185147569e-10
904    3.9609452266912644e-10
905    3.9545941179505747e-10
906    3.948256031385142e-10
907    3.941931136960604e-10
908    3.93561959585942e-10
909    3.929321537144562e-10
910    3.9230370787379987e-10
911    3.9167663368441694e-10
912    3.9105094144530964e-10
913    3.9042663574978703e-10
914    3.898037194444439e-10
915    3.8918219578122256e-10
916    3.88562070976674e-10
917    3.8794335264924127e-10
918    3.8732604861894626e-10
919    3.8671016694444965e-10
920    3.8609571563531925e-10
921    3.8548270254751314e-10
922    3.848711353680114e-10
923    3.84261020138287e-10
924    3.8365235913246743e-10
925    3.8304515411683375e-10
926    3.824394079887018e-10
927    3.818351251283487e-10
928    3.812323099476169e-10
929    3.806309670036058e-10
930    3.800311030384815e-10
931    3.7943272869862814e-10
932    3.7883585549448805e-10
933    3.7824049490540907e-10
934    3.776466581048251e-10
935    3.770543559869484e-10
936    3.764635991605756e-10
937    3.758743974207387e-10
938    3.752867597498202e-10
939    3.7470069330391946e-10
940    3.741162045352817e-10
941    3.7551726304577554e-10
942    3.7494079217001156e-10
943    3.7436487755410464e-10
944    3.7378953726055584e-10
945    3.732147890697336e-10
946    3.7264065048652367e-10
947    3.72067138743234e-10
948    3.714942708020043e-10
949    3.709220628720604e-10
950    3.7035052943551696e-10
951    3.6977968446543994e-10
952    3.692095417095537e-10
953    3.686401146927e-10
954    3.6807141671936056e-10
955    3.675034608762427e-10
956    3.669362600354859e-10
957    3.6636982734281454e-10
958    3.6580417649104083e-10
959    3.65239320754497e-10
960    3.6467527318617466e-10
961    3.6411204709461467e-10
962    3.635496609365123e-10
963    3.6298813629830166e-10
964    3.6242749449589294e-10
965    3.6186775672663457e-10
966    3.613089451124607e-10
967    3.6075108245093654e-10
968    3.601941912609304e-10
969    3.5963829261639745e-10
970    3.5908340384129955e-10
971    3.5852954138091974e-10
972    3.579767214161734e-10
973    3.5742495986696393e-10
974    3.5687427239534856e-10
975    3.5632467440874e-10
976    3.557761810631302e-10
977    3.5522880726632684e-10
978    3.5468256767999054e-10
979    3.5413747672218936e-10
980    3.535935484313183e-10
981    3.530507960604261e-10
982    3.5250923489312946e-10
983    3.5196888053667597e-10
984    3.514297483513825e-10
985    3.508918535342248e-10
986    3.5035521134969554e-10
987    3.4981983697162405e-10
988    3.492857453292678e-10
989    3.4750465530517887e-10
990    3.470016209618983e-10
991    3.465001880803716e-10
992    3.460004022505695e-10
993    3.45502308504901e-10
994    3.450059514043589e-10
995    3.4451137503656056e-10
996    3.4401862445839764e-10
997    3.435277440228842e-10
998    3.4303877579174596e-10
999    3.425517606588737e-10
