-5.0   nan
-4.993993993993994   nan
-4.987987987987988   nan
-4.981981981981982   nan
-4.975975975975976   nan
-4.96996996996997   nan
-4.963963963963964   nan
-4.957957957957958   nan
-4.951951951951952   nan
-4.945945945945946   nan
-4.93993993993994   nan
-4.933933933933934   nan
-4.927927927927928   nan
-4.921921921921922   nan
-4.915915915915916   nan
-4.90990990990991   nan
-4.903903903903904   nan
-4.897897897897898   nan
-4.891891891891892   nan
-4.885885885885886   nan
-4.87987987987988   nan
-4.873873873873874   nan
-4.867867867867868   nan
-4.861861861861862   nan
-4.8558558558558556   nan
-4.84984984984985   nan
-4.843843843843844   nan
-4.837837837837838   nan
-4.831831831831832   nan
-4.8258258258258255   nan
-4.81981981981982   nan
-4.813813813813814   nan
-4.807807807807808   nan
-4.801801801801802   nan
-4.7957957957957955   nan
-4.78978978978979   nan
-4.783783783783784   nan
-4.777777777777778   nan
-4.771771771771772   nan
-4.7657657657657655   nan
-4.75975975975976   nan
-4.753753753753754   nan
-4.747747747747748   nan
-4.741741741741742   nan
-4.7357357357357355   nan
-4.72972972972973   nan
-4.723723723723724   nan
-4.717717717717718   nan
-4.711711711711712   nan
-4.7057057057057055   nan
-4.6996996996997   nan
-4.693693693693694   nan
-4.687687687687688   nan
-4.681681681681682   nan
-4.675675675675675   nan
-4.66966966966967   nan
-4.663663663663664   nan
-4.657657657657658   nan
-4.651651651651652   nan
-4.645645645645645   nan
-4.63963963963964   nan
-4.633633633633633   nan
-4.627627627627628   nan
-4.621621621621622   nan
-4.615615615615615   nan
-4.60960960960961   nan
-4.603603603603603   nan
-4.597597597597598   nan
-4.591591591591592   nan
-4.585585585585585   nan
-4.57957957957958   nan
-4.573573573573573   nan
-4.5675675675675675   nan
-4.561561561561562   nan
-4.555555555555555   nan
-4.54954954954955   nan
-4.543543543543543   nan
-4.5375375375375375   nan
-4.531531531531532   nan
-4.525525525525525   nan
-4.51951951951952   nan
-4.513513513513513   nan
-4.5075075075075075   nan
-4.501501501501502   nan
-4.495495495495495   nan
-4.48948948948949   nan
-4.483483483483483   nan
-4.4774774774774775   nan
-4.471471471471472   nan
-4.465465465465465   nan
-4.45945945945946   nan
-4.453453453453453   nan
-4.4474474474474475   nan
-4.441441441441442   nan
-4.435435435435435   nan
-4.42942942942943   nan
-4.423423423423423   nan
-4.4174174174174174   nan
-4.411411411411412   nan
-4.405405405405405   nan
-4.3993993993994   nan
-4.393393393393393   nan
-4.387387387387387   nan
-4.381381381381381   nan
-4.375375375375375   nan
-4.36936936936937   nan
-4.363363363363363   nan
-4.357357357357357   nan
-4.351351351351351   nan
-4.345345345345345   nan
-4.33933933933934   nan
-4.333333333333333   nan
-4.327327327327327   nan
-4.321321321321321   nan
-4.315315315315315   nan
-4.3093093093093096   nan
-4.303303303303303   nan
-4.297297297297297   nan
-4.291291291291291   nan
-4.285285285285285   nan
-4.2792792792792795   nan
-4.273273273273273   nan
-4.267267267267267   nan
-4.261261261261261   nan
-4.255255255255255   nan
-4.2492492492492495   nan
-4.243243243243243   nan
-4.237237237237237   nan
-4.231231231231231   nan
-4.225225225225225   nan
-4.2192192192192195   nan
-4.213213213213213   nan
-4.207207207207207   nan
-4.201201201201201   nan
-4.195195195195195   nan
-4.1891891891891895   nan
-4.183183183183183   nan
-4.177177177177177   nan
-4.171171171171171   nan
-4.165165165165165   nan
-4.1591591591591595   nan
-4.153153153153153   nan
-4.147147147147147   nan
-4.141141141141141   nan
-4.135135135135135   nan
-4.129129129129129   nan
-4.123123123123123   nan
-4.117117117117117   nan
-4.111111111111111   nan
-4.105105105105105   nan
-4.099099099099099   nan
-4.093093093093093   nan
-4.087087087087087   nan
-4.081081081081081   nan
-4.075075075075075   nan
-4.069069069069069   nan
-4.063063063063063   nan
-4.057057057057057   nan
-4.051051051051051   nan
-4.045045045045045   nan
-4.039039039039039   nan
-4.033033033033033   nan
-4.027027027027027   nan
-4.021021021021021   nan
-4.015015015015015   nan
-4.009009009009009   nan
-4.003003003003003   nan
-3.996996996996997   nan
-3.990990990990991   nan
-3.984984984984985   nan
-3.978978978978979   nan
-3.972972972972973   nan
-3.966966966966967   nan
-3.960960960960961   nan
-3.954954954954955   nan
-3.948948948948949   nan
-3.942942942942943   nan
-3.936936936936937   nan
-3.930930930930931   nan
-3.924924924924925   nan
-3.918918918918919   nan
-3.9129129129129128   nan
-3.906906906906907   nan
-3.9009009009009006   nan
-3.894894894894895   nan
-3.888888888888889   nan
-3.8828828828828827   nan
-3.876876876876877   nan
-3.8708708708708706   nan
-3.864864864864865   nan
-3.858858858858859   nan
-3.8528528528528527   nan
-3.846846846846847   nan
-3.8408408408408405   nan
-3.834834834834835   nan
-3.828828828828829   nan
-3.8228228228228227   nan
-3.816816816816817   nan
-3.8108108108108105   nan
-3.804804804804805   nan
-3.798798798798799   nan
-3.7927927927927927   nan
-3.786786786786787   nan
-3.7807807807807805   nan
-3.774774774774775   nan
-3.7687687687687688   nan
-3.7627627627627627   nan
-3.756756756756757   nan
-3.7507507507507505   nan
-3.744744744744745   nan
-3.7387387387387387   nan
-3.7327327327327327   nan
-3.726726726726727   nan
-3.7207207207207205   nan
-3.714714714714715   nan
-3.7087087087087087   nan
-3.7027027027027026   nan
-3.696696696696697   nan
-3.6906906906906904   nan
-3.684684684684685   nan
-3.6786786786786787   nan
-3.6726726726726726   nan
-3.666666666666667   nan
-3.6606606606606604   nan
-3.6546546546546548   nan
-3.6486486486486487   nan
-3.6426426426426426   nan
-3.636636636636637   nan
-3.6306306306306304   nan
-3.6246246246246248   nan
-3.6186186186186187   nan
-3.6126126126126126   nan
-3.606606606606607   nan
-3.6006006006006004   nan
-3.5945945945945947   nan
-3.5885885885885886   nan
-3.5825825825825826   nan
-3.576576576576577   nan
-3.5705705705705704   nan
-3.5645645645645647   nan
-3.5585585585585586   nan
-3.5525525525525525   nan
-3.546546546546547   nan
-3.5405405405405403   nan
-3.5345345345345347   nan
-3.5285285285285286   nan
-3.5225225225225225   nan
-3.5165165165165164   nan
-3.5105105105105103   nan
-3.5045045045045047   nan
-3.4984984984984986   nan
-3.4924924924924925   nan
-3.4864864864864864   nan
-3.4804804804804803   nan
-3.4744744744744747   nan
-3.4684684684684686   nan
-3.4624624624624625   nan
-3.4564564564564564   nan
-3.4504504504504503   nan
-3.4444444444444446   nan
-3.4384384384384385   nan
-3.4324324324324325   nan
-3.4264264264264264   nan
-3.4204204204204203   nan
-3.4144144144144146   nan
-3.4084084084084085   nan
-3.4024024024024024   nan
-3.3963963963963963   nan
-3.3903903903903903   nan
-3.3843843843843846   nan
-3.378378378378378   nan
-3.3723723723723724   nan
-3.3663663663663663   nan
-3.3603603603603602   nan
-3.3543543543543546   nan
-3.348348348348348   nan
-3.3423423423423424   nan
-3.3363363363363363   nan
-3.33033033033033   nan
-3.3243243243243246   nan
-3.318318318318318   nan
-3.3123123123123124   nan
-3.3063063063063063   nan
-3.3003003003003   nan
-3.2942942942942945   nan
-3.288288288288288   nan
-3.2822822822822824   nan
-3.2762762762762763   nan
-3.27027027027027   nan
-3.2642642642642645   nan
-3.258258258258258   nan
-3.2522522522522523   nan
-3.2462462462462462   nan
-3.24024024024024   nan
-3.2342342342342345   nan
-3.228228228228228   nan
-3.2222222222222223   nan
-3.2162162162162162   nan
-3.21021021021021   nan
-3.2042042042042045   nan
-3.198198198198198   nan
-3.1921921921921923   nan
-3.186186186186186   nan
-3.18018018018018   nan
-3.1741741741741745   nan
-3.168168168168168   nan
-3.1621621621621623   nan
-3.156156156156156   nan
-3.15015015015015   nan
-3.1441441441441444   nan
-3.138138138138138   nan
-3.1321321321321323   nan
-3.126126126126126   nan
-3.12012012012012   nan
-3.1141141141141144   nan
-3.108108108108108   nan
-3.1021021021021022   nan
-3.096096096096096   nan
-3.09009009009009   nan
-3.0840840840840844   nan
-3.078078078078078   nan
-3.0720720720720722   nan
-3.066066066066066   nan
-3.06006006006006   nan
-3.0540540540540544   nan
-3.048048048048048   nan
-3.042042042042042   nan
-3.036036036036036   nan
-3.03003003003003   nan
-3.0240240240240244   nan
-3.018018018018018   nan
-3.012012012012012   nan
-3.006006006006006   nan
-3.0   nan
-2.993993993993994   nan
-2.987987987987988   nan
-2.981981981981982   nan
-2.975975975975976   nan
-2.96996996996997   nan
-2.963963963963964   nan
-2.957957957957958   nan
-2.951951951951952   nan
-2.945945945945946   nan
-2.93993993993994   nan
-2.933933933933934   nan
-2.9279279279279278   nan
-2.921921921921922   nan
-2.915915915915916   nan
-2.90990990990991   nan
-2.903903903903904   nan
-2.8978978978978978   nan
-2.891891891891892   nan
-2.885885885885886   nan
-2.87987987987988   nan
-2.873873873873874   nan
-2.8678678678678677   nan
-2.861861861861862   nan
-2.855855855855856   nan
-2.84984984984985   nan
-2.843843843843844   nan
-2.8378378378378377   nan
-2.831831831831832   nan
-2.825825825825826   nan
-2.81981981981982   nan
-2.813813813813814   nan
-2.8078078078078077   nan
-2.8018018018018016   nan
-2.795795795795796   nan
-2.78978978978979   nan
-2.7837837837837838   nan
-2.7777777777777777   nan
-2.7717717717717716   nan
-2.765765765765766   nan
-2.75975975975976   nan
-2.7537537537537538   nan
-2.7477477477477477   nan
-2.7417417417417416   nan
-2.735735735735736   nan
-2.72972972972973   nan
-2.7237237237237237   nan
-2.7177177177177176   nan
-2.7117117117117115   nan
-2.705705705705706   nan
-2.6996996996997   nan
-2.6936936936936937   nan
-2.6876876876876876   nan
-2.6816816816816815   nan
-2.675675675675676   nan
-2.66966966966967   nan
-2.6636636636636637   nan
-2.6576576576576576   nan
-2.6516516516516515   nan
-2.645645645645646   nan
-2.6396396396396398   nan
-2.6336336336336337   nan
-2.6276276276276276   nan
-2.6216216216216215   nan
-2.615615615615616   nan
-2.6096096096096097   nan
-2.6036036036036037   nan
-2.5975975975975976   nan
-2.5915915915915915   nan
-2.585585585585586   nan
-2.5795795795795797   nan
-2.5735735735735736   nan
-2.5675675675675675   nan
-2.5615615615615615   nan
-2.5555555555555554   nan
-2.5495495495495497   nan
-2.5435435435435436   nan
-2.5375375375375375   nan
-2.5315315315315314   nan
-2.5255255255255253   nan
-2.5195195195195197   nan
-2.5135135135135136   nan
-2.5075075075075075   nan
-2.5015015015015014   nan
-2.4954954954954953   nan
-2.4894894894894897   nan
-2.4834834834834836   nan
-2.4774774774774775   nan
-2.4714714714714714   nan
-2.4654654654654653   nan
-2.4594594594594597   nan
-2.4534534534534536   nan
-2.4474474474474475   nan
-2.4414414414414414   nan
-2.4354354354354353   nan
-2.4294294294294296   nan
-2.4234234234234235   nan
-2.4174174174174174   nan
-2.4114114114114114   nan
-2.4054054054054053   nan
-2.3993993993993996   nan
-2.3933933933933935   nan
-2.3873873873873874   nan
-2.3813813813813813   nan
-2.3753753753753752   nan
-2.3693693693693696   nan
-2.3633633633633635   nan
-2.3573573573573574   nan
-2.3513513513513513   nan
-2.3453453453453452   nan
-2.3393393393393396   nan
-2.3333333333333335   nan
-2.3273273273273274   nan
-2.3213213213213213   nan
-2.315315315315315   nan
-2.3093093093093096   nan
-2.3033033033033035   nan
-2.2972972972972974   nan
-2.2912912912912913   nan
-2.285285285285285   nan
-2.279279279279279   nan
-2.2732732732732734   nan
-2.2672672672672673   nan
-2.2612612612612613   nan
-2.255255255255255   nan
-2.249249249249249   nan
-2.2432432432432434   nan
-2.2372372372372373   nan
-2.2312312312312312   nan
-2.225225225225225   nan
-2.219219219219219   nan
-2.2132132132132134   nan
-2.2072072072072073   nan
-2.201201201201201   nan
-2.195195195195195   nan
-2.189189189189189   nan
-2.1831831831831834   nan
-2.1771771771771773   nan
-2.171171171171171   nan
-2.165165165165165   nan
-2.159159159159159   nan
-2.1531531531531534   nan
-2.1471471471471473   nan
-2.141141141141141   nan
-2.135135135135135   nan
-2.129129129129129   nan
-2.1231231231231233   nan
-2.1171171171171173   nan
-2.111111111111111   nan
-2.105105105105105   nan
-2.099099099099099   nan
-2.0930930930930933   nan
-2.0870870870870872   nan
-2.081081081081081   nan
-2.075075075075075   nan
-2.069069069069069   nan
-2.0630630630630633   nan
-2.057057057057057   nan
-2.051051051051051   nan
-2.045045045045045   nan
-2.039039039039039   nan
-2.033033033033033   nan
-2.027027027027027   nan
-2.021021021021021   nan
-2.015015015015015   nan
-2.009009009009009   nan
-2.003003003003003   nan
-1.9969969969969972   nan
-1.990990990990991   nan
-1.984984984984985   nan
-1.978978978978979   nan
-1.9729729729729728   nan
-1.9669669669669672   nan
-1.960960960960961   nan
-1.954954954954955   nan
-1.9489489489489489   nan
-1.9429429429429428   nan
-1.9369369369369371   nan
-1.930930930930931   nan
-1.924924924924925   nan
-1.9189189189189189   nan
-1.9129129129129128   nan
-1.9069069069069071   nan
-1.900900900900901   nan
-1.894894894894895   nan
-1.8888888888888888   nan
-1.8828828828828827   nan
-1.876876876876877   nan
-1.870870870870871   nan
-1.864864864864865   nan
-1.8588588588588588   nan
-1.8528528528528527   nan
-1.846846846846847   nan
-1.840840840840841   nan
-1.834834834834835   nan
-1.8288288288288288   nan
-1.8228228228228227   nan
-1.816816816816817   nan
-1.810810810810811   nan
-1.8048048048048049   nan
-1.7987987987987988   nan
-1.7927927927927927   nan
-1.7867867867867866   nan
-1.780780780780781   nan
-1.7747747747747749   nan
-1.7687687687687688   nan
-1.7627627627627627   nan
-1.7567567567567566   nan
-1.750750750750751   nan
-1.7447447447447448   nan
-1.7387387387387387   nan
-1.7327327327327327   nan
-1.7267267267267266   nan
-1.720720720720721   nan
-1.7147147147147148   nan
-1.7087087087087087   nan
-1.7027027027027026   nan
-1.6966966966966965   nan
-1.690690690690691   nan
-1.6846846846846848   nan
-1.6786786786786787   nan
-1.6726726726726726   nan
-1.6666666666666665   nan
-1.6606606606606609   nan
-1.6546546546546548   nan
-1.6486486486486487   nan
-1.6426426426426426   nan
-1.6366366366366365   nan
-1.6306306306306309   nan
-1.6246246246246248   nan
-1.6186186186186187   nan
-1.6126126126126126   nan
-1.6066066066066065   nan
-1.6006006006006008   nan
-1.5945945945945947   nan
-1.5885885885885886   nan
-1.5825825825825826   nan
-1.5765765765765765   nan
-1.5705705705705708   nan
-1.5645645645645647   nan
-1.5585585585585586   nan
-1.5525525525525525   nan
-1.5465465465465464   nan
-1.5405405405405403   nan
-1.5345345345345347   nan
-1.5285285285285286   nan
-1.5225225225225225   nan
-1.5165165165165164   nan
-1.5105105105105103   nan
-1.5045045045045047   nan
-1.4984984984984986   nan
-1.4924924924924925   nan
-1.4864864864864864   nan
-1.4804804804804803   nan
-1.4744744744744747   nan
-1.4684684684684686   nan
-1.4624624624624625   nan
-1.4564564564564564   nan
-1.4504504504504503   nan
-1.4444444444444446   nan
-1.4384384384384385   nan
-1.4324324324324325   nan
-1.4264264264264264   nan
-1.4204204204204203   nan
-1.4144144144144146   nan
-1.4084084084084085   nan
-1.4024024024024024   nan
-1.3963963963963963   nan
-1.3903903903903903   nan
-1.3843843843843846   nan
-1.3783783783783785   nan
-1.3723723723723724   nan
-1.3663663663663663   nan
-1.3603603603603602   nan
-1.3543543543543546   nan
-1.3483483483483485   nan
-1.3423423423423424   nan
-1.3363363363363363   nan
-1.3303303303303302   nan
-1.3243243243243246   nan
-1.3183183183183185   nan
-1.3123123123123124   nan
-1.3063063063063063   nan
-1.3003003003003002   nan
-1.2942942942942945   nan
-1.2882882882882885   nan
-1.2822822822822824   nan
-1.2762762762762763   nan
-1.2702702702702702   nan
-1.264264264264264   nan
-1.2582582582582584   nan
-1.2522522522522523   nan
-1.2462462462462462   nan
-1.2402402402402402   nan
-1.234234234234234   nan
-1.2282282282282284   nan
-1.2222222222222223   nan
-1.2162162162162162   nan
-1.2102102102102101   nan
-1.204204204204204   nan
-1.1981981981981984   nan
-1.1921921921921923   nan
-1.1861861861861862   nan
-1.1801801801801801   nan
-1.174174174174174   nan
-1.1681681681681684   nan
-1.1621621621621623   nan
-1.1561561561561562   nan
-1.15015015015015   nan
-1.144144144144144   nan
-1.1381381381381384   nan
-1.1321321321321323   nan
-1.1261261261261262   nan
-1.12012012012012   nan
-1.114114114114114   nan
-1.1081081081081083   nan
-1.1021021021021022   nan
-1.0960960960960962   nan
-1.09009009009009   nan
-1.084084084084084   nan
-1.0780780780780783   nan
-1.0720720720720722   nan
-1.0660660660660661   nan
-1.06006006006006   nan
-1.054054054054054   nan
-1.0480480480480483   nan
-1.0420420420420422   nan
-1.0360360360360361   nan
-1.03003003003003   nan
-1.024024024024024   nan
-1.0180180180180178   nan
-1.0120120120120122   nan
-1.006006006006006   nan
-1.0   nan
-0.9939939939939944   nan
-0.9879879879879878   nan
-0.9819819819819822   nan
-0.9759759759759756   nan
-0.96996996996997   nan
-0.9639639639639643   nan
-0.9579579579579578   nan
-0.9519519519519521   nan
-0.9459459459459456   nan
-0.93993993993994   nan
-0.9339339339339343   nan
-0.9279279279279278   nan
-0.9219219219219221   nan
-0.9159159159159156   nan
-0.9099099099099099   nan
-0.9039039039039043   nan
-0.8978978978978978   nan
-0.8918918918918921   nan
-0.8858858858858856   nan
-0.8798798798798799   nan
-0.8738738738738743   nan
-0.8678678678678677   nan
-0.8618618618618621   nan
-0.8558558558558556   nan
-0.8498498498498499   nan
-0.8438438438438443   nan
-0.8378378378378377   nan
-0.8318318318318321   nan
-0.8258258258258255   nan
-0.8198198198198199   nan
-0.8138138138138142   nan
-0.8078078078078077   nan
-0.801801801801802   nan
-0.7957957957957955   nan
-0.7897897897897899   nan
-0.7837837837837842   nan
-0.7777777777777777   nan
-0.771771771771772   nan
-0.7657657657657655   nan
-0.7597597597597598   nan
-0.7537537537537542   nan
-0.7477477477477477   nan
-0.741741741741742   nan
-0.7357357357357355   nan
-0.7297297297297298   nan
-0.7237237237237242   nan
-0.7177177177177176   nan
-0.711711711711712   nan
-0.7057057057057055   nan
-0.6996996996996998   nan
-0.6936936936936942   nan
-0.6876876876876876   nan
-0.681681681681682   nan
-0.6756756756756754   nan
-0.6696696696696698   nan
-0.6636636636636641   nan
-0.6576576576576576   nan
-0.651651651651652   nan
-0.6456456456456454   nan
-0.6396396396396398   nan
-0.6336336336336332   nan
-0.6276276276276276   nan
-0.6216216216216219   nan
-0.6156156156156154   nan
-0.6096096096096097   nan
-0.6036036036036032   nan
-0.5975975975975976   nan
-0.5915915915915919   nan
-0.5855855855855854   nan
-0.5795795795795797   nan
-0.5735735735735732   nan
-0.5675675675675675   nan
-0.5615615615615619   nan
-0.5555555555555554   nan
-0.5495495495495497   nan
-0.5435435435435432   nan
-0.5375375375375375   nan
-0.5315315315315319   nan
-0.5255255255255253   nan
-0.5195195195195197   nan
-0.5135135135135132   nan
-0.5075075075075075   nan
-0.5015015015015019   nan
-0.4954954954954953   nan
-0.48948948948948967   nan
-0.48348348348348313   nan
-0.4774774774774775   nan
-0.47147147147147184   nan
-0.4654654654654653   nan
-0.45945945945945965   nan
-0.4534534534534531   nan
-0.44744744744744747   nan
-0.4414414414414418   nan
-0.4354354354354353   nan
-0.42942942942942963   nan
-0.4234234234234231   nan
-0.41741741741741745   nan
-0.4114114114114118   nan
-0.40540540540540526   nan
-0.3993993993993996   nan
-0.3933933933933931   nan
-0.3873873873873874   nan
-0.3813813813813818   nan
-0.37537537537537524   nan
-0.3693693693693696   nan
-0.36336336336336306   nan
-0.3573573573573574   nan
-0.35135135135135176   nan
-0.3453453453453452   nan
-0.3393393393393396   nan
-0.33333333333333304   nan
-0.3273273273273274   nan
-0.32132132132132174   nan
-0.3153153153153152   nan
-0.30930930930930955   nan
-0.303303303303303   nan
-0.29729729729729737   nan
-0.2912912912912917   nan
-0.2852852852852852   nan
-0.27927927927927954   nan
-0.273273273273273   nan
-0.26726726726726735   nan
-0.2612612612612617   nan
-0.25525525525525516   nan
-0.24924924924924952   nan
-0.24324324324324298   nan
-0.23723723723723733   nan
-0.23123123123123168   nan
-0.22522522522522515   nan
-0.2192192192192195   nan
-0.21321321321321296   nan
-0.2072072072072073   nan
-0.20120120120120166   nan
-0.19519519519519513   nan
-0.18918918918918948   nan
-0.18318318318318294   nan
-0.1771771771771773   nan
-0.17117117117117164   nan
-0.1651651651651651   nan
-0.15915915915915946   nan
-0.15315315315315292   nan
-0.14714714714714727   nan
-0.14114114114114162   nan
-0.1351351351351351   nan
-0.12912912912912944   nan
-0.1231231231231229   nan
-0.11711711711711725   nan
-0.11111111111111072   nan
-0.10510510510510507   nan
-0.09909909909909942   nan
-0.09309309309309288   nan
-0.08708708708708723   nan
-0.0810810810810807   nan
-0.07507507507507505   nan
-0.0690690690690694   nan
-0.06306306306306286   nan
-0.057057057057057214   nan
-0.05105105105105068   nan
-0.04504504504504503   nan
-0.03903903903903938   nan
-0.033033033033032844   nan
-0.027027027027027195   nan
-0.02102102102102066   nan
-0.01501501501501501   nan
-0.009009009009009361   nan
-0.0030030030030028243   nan
0.0030030030030028243   504.47318982658635
0.009009009009009361   1041.955952962626
0.01501501501501501   1203.9500958694625
0.02102102102102066   1165.3157790357563
0.027027027027027195   1034.5887807521003
0.033033033033032844   883.4699540391441
0.03903903903903938   751.9238436375367
0.04504504504504503   653.9064210994175
0.05105105105105068   587.9712735173646
0.057057057057057214   543.015014937067
0.06306306306306286   507.32378976617537
0.0690690690690694   471.1559377368838
0.07507507507507505   429.8983458268944
0.0810810810810807   384.47445955227255
0.08708708708708723   339.20665196816736
0.09309309309309288   298.684492448434
0.09909909909909942   266.21263929005687
0.10510510510510507   242.88932954136314
0.11111111111111072   227.25307308502425
0.11711711711711725   216.2894235694803
0.1231231231231229   206.9024773277646
0.12912912912912944   196.70704350142415
0.1351351351351351   184.4960926823803
0.14114114114114074   170.48936273886386
0.14714714714714727   155.88433395726108
0.15315315315315292   142.11997983374116
0.15915915915915946   130.41606487878144
0.1651651651651651   121.40263904651611
0.17117117117117076   114.89102875721002
0.1771771771771773   110.11310511018327
0.18318318318318294   106.16194017817921
0.18918918918918948   102.22583084252108
0.19519519519519513   97.73081231951755
0.20120120120120077   92.52499846151936
0.2072072072072073   86.88104824481823
0.21321321321321296   81.2659231004194
0.2192192192192195   76.11976012650858
0.22522522522522515   71.73767931954842
0.2312312312312308   68.2073712998897
0.23723723723723733   65.41736005369908
0.24324324324324298   63.126264718225926
0.24924924924924952   61.04023000729498
0.25525525525525516   58.90084827834505
0.2612612612612608   56.57627213162289
0.26726726726726735   54.081529115995416
0.273273273273273   51.51891918669084
0.27927927927927954   49.02084782190655
0.2852852852852852   46.71775788326245
0.29129129129129083   44.68895230312403
0.29729729729729737   42.998611847351526
0.303303303303303   41.513677685109066
0.30930930930930955   40.14562869272503
0.3153153153153152   38.883096483220974
0.32132132132132085   37.63159165660491
0.3273273273273274   36.33481167651586
0.33333333333333304   35.011140349852724
0.3393393393393396   33.69108454157958
0.3453453453453452   32.4202426363829
0.35135135135135087   31.23574026277639
0.3573573573573574   30.151933464727602
0.36336336336336306   29.172777706281185
0.3693693693693696   28.282457188403175
0.37537537537537524   27.451460253970446
0.3813813813813809   26.655526764885657
0.3873873873873874   25.8762739882978
0.3933933933933931   25.10010731919004
0.3993993993993996   24.329526673542116
0.40540540540540526   23.575757971682457
0.4114114114114118   22.848563152900255
0.41741741741741745   22.15750996122838
0.4234234234234231   21.510363400516074
0.42942942942942963   20.90738129137646
0.4354354354354353   20.34000373107699
0.4414414414414418   19.800241567534794
0.44744744744744747   19.28111692933445
0.4534534534534531   18.776552887819374
0.45945945945945965   18.28176068527223
0.4654654654654653   17.79718518035521
0.47147147147147184   17.32636627136846
0.4774774774774775   16.872224380679167
0.48348348348348313   16.43648074099397
0.48948948948948967   16.019975864667824
0.4954954954954953   15.623238595988159
0.5015015015015019   15.244882311726842
0.5075075075075075   14.8815875157058
0.5135135135135132   14.530352758290954
0.5195195195195197   14.189098019956205
0.5255255255255253   13.85735267472989
0.5315315315315319   13.534894147525453
0.5375375375375375   13.221562558385036
0.5435435435435432   12.917789047116278
0.5495495495495497   12.624226310381772
0.5555555555555554   12.34138968261612
0.5615615615615619   12.06926463868535
0.5675675675675675   11.806833599489122
0.5735735735735732   11.553044684211246
0.5795795795795797   11.306968566969099
0.5855855855855854   11.068007576741609
0.5915915915915919   10.835858731598586
0.5975975975975976   10.610247798601508
0.6036036036036032   10.39092818813244
0.6096096096096097   10.177827630335752
0.6156156156156154   9.97097254797713
0.6216216216216219   9.770366897038144
0.6276276276276276   9.575976797114416
0.6336336336336332   9.387553367751222
0.6396396396396398   9.204727400444623
0.6456456456456454   9.027156015300191
0.651651651651652   8.854525418769093
0.6576576576576576   8.686601151192553
0.6636636636636633   8.523219028271521
0.6696696696696698   8.364224267388858
0.6756756756756754   8.209468368552193
0.681681681681682   8.058808821358486
0.6876876876876876   7.912108827254898
0.6936936936936933   7.769237036221082
0.6996996996996998   7.630067297052962
0.7057057057057055   7.4944784204773525
0.711711711711712   7.362353954373566
0.7177177177177176   7.233581970423085
0.7237237237237233   7.108054861547991
0.7297297297297298   6.985669149538736
0.7357357357357355   6.866325302306984
0.741741741741742   6.749927560233007
0.7477477477477477   6.636383771109506
0.7537537537537533   6.525605233212143
0.7597597597597598   6.417506546055834
0.7657657657657655   6.312005468421336
0.771771771771772   6.209022783260834
0.7777777777777777   6.108482169114799
0.7837837837837833   6.0103100776927665
0.7897897897897899   5.914435617291781
0.7957957957957955   5.820790441744422
0.801801801801802   5.729308644606026
0.8078078078078077   5.639926656038876
0.8138138138138133   5.552582850250279
0.8198198198198199   5.467217201323035
0.8258258258258255   5.383771768943137
0.8318318318318321   5.30219068229418
0.8378378378378377   5.222420053140057
0.8438438438438434   5.144407893093663
0.8498498498498499   5.068104034844937
0.8558558558558556   4.993460057134761
0.8618618618618621   4.9204292132740415
0.8678678678678677   4.848966363019709
0.8738738738738734   4.779027907629628
0.8798798798798799   4.710571727929757
0.8858858858858856   4.643557125236097
0.8918918918918921   4.577944764983026
0.8978978978978978   4.513696622918743
0.9039039039039043   4.450775933735758
0.9099099099099099   4.389147142012619
0.9159159159159156   4.328775855349443
0.9219219219219221   4.269628799586958
0.9279279279279278   4.2116737760045835
0.9339339339339343   4.154879620398967
0.93993993993994   4.099216163950031
0.9459459459459456   4.044654195786361
0.9519519519519521   3.991165427166953
0.9579579579579578   3.9387224572005874
0.9639639639639643   3.8872987400283594
0.96996996996997   3.8368685533991904
0.9759759759759756   3.7874069685714384
0.9819819819819822   3.7388898214776978
0.9879879879879878   3.691293685093003
0.9939939939939944   3.644595842949692
1.0   3.598774263745511
