10    9.562929099161131e-09
11    9.876534564500884e-09
12    1.0162503215186232e-08
13    1.043808447636334e-08
14    1.0631731483554585e-08
15    1.0796552073561743e-08
16    1.0940801218613939e-08
17    1.111063422541176e-08
18    1.1187367087790615e-08
19    1.1291281610286332e-08
20    1.138049949659684e-08
21    1.1452919781197466e-08
22    1.1487843117752412e-08
23    1.1533338252457286e-08
24    1.155027651188106e-08
25    1.1553034862249113e-08
26    1.1542342120640371e-08
27    1.1528761907557797e-08
28    1.1476870667321799e-08
29    1.1415319799332207e-08
30    1.13746140998128e-08
31    1.1304894881413667e-08
32    1.1226456983649385e-08
33    1.115041125436858e-08
34    1.1054394589671056e-08
35    1.0952229623612607e-08
36    1.084498565954009e-08
37    1.0733460312162821e-08
38    1.0628612811192866e-08
39    1.051159872110608e-08
40    1.0390210018715504e-08
41    1.0238160301724842e-08
42    1.0109409155881314e-08
43    9.978971145578621e-09
44    9.847028150815782e-09
45    9.713852123019236e-09
46    9.579767172050493e-09
47    9.445032597588328e-09
48    9.309923141600952e-09
49    9.174639335436826e-09
50    9.0393069313988e-09
51    8.90400139372299e-09
52    8.768782200609042e-09
53    8.633729562302408e-09
54    8.498967685635183e-09
55    8.364714452306917e-09
56    8.231235119176141e-09
57    8.098837792722375e-09
58    7.967867924250283e-09
59    7.838656590378508e-09
60    7.711519266624457e-09
61    7.586734189433797e-09
62    7.464533411105546e-09
63    7.345104934989241e-09
64    7.228629314912821e-09
65    7.115266463178275e-09
66    7.005149775989022e-09
67    6.898398411667549e-09
68    6.795087068500701e-09
69    6.6952390179696284e-09
70    6.598844131224416e-09
71    6.5058454091439324e-09
72    6.41615888851403e-09
73    6.340436763290741e-09
74    6.25704588993459e-09
75    6.1762659348605e-09
76    6.098036761787263e-09
77    6.022263574447811e-09
78    5.9488309020787205e-09
79    5.877794336989231e-09
80    5.809135766766208e-09
81    5.742781088552958e-09
82    5.678709145753899e-09
83    5.616883017038173e-09
84    5.557241125477953e-09
85    5.50104252143129e-09
86    5.4468456576825e-09
87    5.394541541988064e-09
88    5.344011000382702e-09
89    5.295143615138299e-09
90    5.247837610595088e-09
91    5.201998604999505e-09
92    5.157537286143621e-09
93    5.114368732072319e-09
94    5.072414005085532e-09
95    5.03159262609823e-09
96    4.991823780404315e-09
97    4.953032366731219e-09
98    4.915148403295166e-09
99    4.878087430175308e-09
100    4.8417621964520345e-09
101    4.806088933190978e-09
102    4.770982315488525e-09
103    4.736349488892533e-09
104    4.702100446000227e-09
105    4.6681537970474154e-09
106    4.634438109545949e-09
107    4.600893478605085e-09
108    4.567465622641191e-09
109    4.534105503578019e-09
110    4.5007698349972874e-09
111    4.4674256161613e-09
112    4.434045949045266e-09
113    4.400605611023903e-09
114    4.3670807906645286e-09
115    4.333452349314049e-09
116    4.299705179170323e-09
117    4.265822565635831e-09
118    4.231787471328286e-09
119    4.197583302061231e-09
120    4.163191004332318e-09
121    4.128590739720308e-09
122    4.093766936583316e-09
123    4.0587082167624526e-09
124    4.023405288565645e-09
125    3.987848132921527e-09
126    3.952030994145239e-09
127    3.915952322543139e-09
128    3.879613072747043e-09
129    3.843016971441787e-09
130    3.806169818742745e-09
131    3.769079744670863e-09
132    3.73175822959748e-09
133    3.694222350134872e-09
134    3.6564943548577586e-09
135    3.6186017707541064e-09
136    3.58057072466405e-09
137    3.5424238497673507e-09
138    3.5041836956511593e-09
139    3.4658745396358806e-09
140    3.42755169201811e-09
141    3.389278814455547e-09
142    3.3510743329976266e-09
143    3.312964739692603e-09
144    3.2749945504751196e-09
145    3.2372046536754015e-09
146    3.1996292431493243e-09
147    3.162301697549399e-09
148    3.125256171372188e-09
149    3.0885266121712435e-09
150    3.0521473908362037e-09
151    3.016150495024462e-09
152    2.9805653608208926e-09
153    2.9454185744612973e-09
154    2.9107345218247797e-09
155    2.8765361723079946e-09
156    2.8428460020640327e-09
157    2.809685693959146e-09
158    2.777076292417859e-09
159    2.745037604630629e-09
160    2.713587441534611e-09
161    2.682740970045905e-09
162    2.6525113788390457e-09
163    2.622910364169504e-09
164    2.5939493007611086e-09
165    2.5656390851368986e-09
166    2.5379896337020374e-09
167    2.511008883678871e-09
168    2.484701914247901e-09
169    2.4590712248947266e-09
170    2.4341166402968067e-09
171    2.4098360977343804e-09
172    2.386226420236166e-09
173    2.3632833240447267e-09
174    2.3410015093219e-09
175    2.3193748412705143e-09
176    2.2983956212300757e-09
177    2.2780530487060498e-09
178    2.2583340127391357e-09
179    2.2392248335401525e-09
180    2.2207116978985224e-09
181    2.202780209275875e-09
182    2.1854154158433417e-09
183    2.168600594134939e-09
184    2.1523185060851904e-09
185    2.1365496482928613e-09
186    2.121273870713426e-09
187    2.1064703459202974e-09
188    2.092118101964411e-09
189    2.0781969704018465e-09
190    2.0646874686478566e-09
191    2.0515714914422485e-09
192    2.038830977315257e-09
193    2.026446361883839e-09
194    2.0143971039184943e-09
195    2.0026611554417038e-09
196    1.9912167482878915e-09
197    1.980042381891791e-09
198    1.9691184002720914e-09
199    1.9584291455676958e-09
200    1.9479577689376306e-09
201    1.9376853623172007e-09
202    1.9275933024986816e-09
203    1.9176641704661e-09
204    1.907881186828285e-09
205    1.8982274169683252e-09
206    1.88868569023002e-09
207    1.8792389884360753e-09
208    1.8698711616323488e-09
209    1.8605670314227783e-09
210    1.8513123376735725e-09
211    1.8421760286140639e-09
212    1.8329362425355248e-09
213    1.8237121311157923e-09
214    1.8144917646106627e-09
215    1.8052635701817889e-09
216    1.7960165169629451e-09
217    1.786740233092856e-09
218    1.7774251903394127e-09
219    1.7680627016072297e-09
220    1.7586449949923664e-09
221    1.7491651314203575e-09
222    1.7396170684311252e-09
223    1.7299951264664334e-09
224    1.7202939938225657e-09
225    1.7105087582142637e-09
226    1.7006351685156503e-09
227    1.6906695396140391e-09
228    1.6806086552403497e-09
229    1.6704506624429404e-09
230    1.6601949257001236e-09
231    1.6498418122253445e-09
232    1.6393925844183108e-09
233    1.6288489675580596e-09
234    1.6182132915200586e-09
235    1.6074879583412247e-09
236    1.5966754468770635e-09
237    1.5857784816411585e-09
238    1.5748011503243792e-09
239    1.5637490747805672e-09
240    1.5526283250236807e-09
241    1.541445457364215e-09
242    1.5302073202999846e-09
243    1.518405900547862e-09
244    1.5070568347642484e-09
245    1.4956771253369213e-09
246    1.4842746271302177e-09
247    1.472857136891051e-09
248    1.4614325589814046e-09
249    1.450008537568754e-09
250    1.4385928947027678e-09
251    1.4271937384993507e-09
252    1.4158188800698967e-09
253    1.4044767500205483e-09
254    1.3931758963730242e-09
255    1.3819245678061441e-09
256    1.3707307378918689e-09
257    1.3596019817093345e-09
258    1.3485454108130264e-09
259    1.3375677437247019e-09
260    1.326682826236596e-09
261    1.31589474057677e-09
262    1.3052053070040332e-09
263    1.294621408737729e-09
264    1.2841495859287744e-09
265    1.2737956225801236e-09
266    1.2635645778940754e-09
267    1.2534615434751003e-09
268    1.2434912529052606e-09
269    1.2336578256832812e-09
270    1.2239653159496465e-09
271    1.214417503354339e-09
272    1.2050180174971226e-09
273    1.195770971403611e-09
274    1.1866800428840143e-09
275    1.1777479864336928e-09
276    1.1689770438560715e-09
277    1.1603690320820525e-09
278    1.1519253372346451e-09
279    1.1436476048122586e-09
280    1.1355373748105398e-09
281    1.1275953126849593e-09
282    1.1198209389583199e-09
283    1.112213112360723e-09
284    1.1047703780118916e-09
285    1.0974916187897213e-09
286    1.09037615100188e-09
287    1.0834229685512246e-09
288    1.0766302149412822e-09
289    1.0699954792147464e-09
290    1.0635177178320093e-09
291    1.05719661396913e-09
292    1.051030085314477e-09
293    1.0450136892871523e-09
294    1.0391422518804914e-09
295    1.0334100475371815e-09
296    1.0278118271408335e-09
297    1.0223436086955607e-09
298    1.0170024764442448e-09
299    1.0117851078856982e-09
300    1.006686877114773e-09
301    1.0017024779880236e-09
302    9.968261123560008e-10
303    9.92052555219239e-10
304    9.873774265866314e-10
305    9.827962496680886e-10
306    9.78303619022648e-10
307    9.738942859258664e-10
308    9.694404777322235e-10
309    9.651556849899466e-10
310    9.609386841328112e-10
311    9.567841438165697e-10
312    9.526872651182817e-10
313    9.486433609416453e-10
314    9.44648083759058e-10
315    9.406969458354257e-10
316    9.367852989812826e-10
317    9.329086982833668e-10
318    9.290649393134764e-10
319    9.25254538984147e-10
320    9.214771813235717e-10
321    9.177274050460746e-10
322    9.13997712505161e-10
323    9.102801508962411e-10
324    9.065667687486391e-10
325    9.028509554200179e-10
326    8.991277799779817e-10
327    8.953926144558244e-10
328    8.916411855723255e-10
329    8.878717100608624e-10
330    8.840896062135425e-10
331    8.803019844793529e-10
332    8.765145467676797e-10
333    8.727287696283548e-10
334    8.689442446459174e-10
335    8.651542440339862e-10
336    8.613502846115909e-10
337    8.575271490672938e-10
338    8.536804602173485e-10
339    8.498060336175581e-10
340    8.459017931385552e-10
341    8.419647055473248e-10
342    8.37990757617707e-10
343    8.339768394148626e-10
344    8.299258811577992e-10
345    8.258430784664519e-10
346    8.217316352486133e-10
347    8.175888455476132e-10
348    8.13418793545494e-10
349    8.092283715060359e-10
350    8.051020787505027e-10
351    8.008767275186246e-10
352    7.966501116884444e-10
353    7.924243225985883e-10
354    7.881932128600887e-10
355    7.839533119456622e-10
356    7.79702577728474e-10
357    7.754391032771136e-10
358    7.711634573595466e-10
359    7.668793739039744e-10
360    7.625901603945211e-10
361    7.582988573572556e-10
362    7.540083845504711e-10
363    7.497210455805264e-10
364    7.454385896526171e-10
365    7.411630130049567e-10
366    7.36896352427992e-10
367    7.326405563033914e-10
368    7.283977539335064e-10
369    7.241703023578744e-10
370    7.199605284498255e-10
371    7.157706013917728e-10
372    7.116025062818549e-10
373    7.074581569676447e-10
374    7.033394515674804e-10
375    6.992482675733676e-10
376    6.951864096395981e-10
377    6.911555938431259e-10
378    6.871574582638359e-10
379    6.831935874561092e-10
380    6.792655564205521e-10
381    6.75374887390985e-10
382    6.715230185530933e-10
383    6.677113049350691e-10
384    6.639410420397075e-10
385    6.602134503431014e-10
386    6.565295734416811e-10
387    6.528903256986196e-10
388    6.492965508697478e-10
389    6.457489766041201e-10
390    6.422482448879604e-10
391    6.38794953416395e-10
392    6.353895942370287e-10
393    6.320323903386021e-10
394    6.287233987666168e-10
395    6.25462652281079e-10
396    6.222501889698294e-10
397    6.190860474226931e-10
398    6.159702368202912e-10
399    6.129027100020487e-10
400    6.098833142687254e-10
401    6.069118433644206e-10
402    6.039880764892457e-10
403    6.011117759265513e-10
404    5.982825286982544e-10
405    5.95499697428027e-10
406    5.927626068901369e-10
407    5.90070589316838e-10
408    5.874227713659188e-10
409    5.848179128674537e-10
410    5.822546829627657e-10
411    5.797317762731887e-10
412    5.772479272733304e-10
413    5.748019327625063e-10
414    5.723926332093271e-10
415    5.694691771844e-10
416    5.671272571999992e-10
417    5.648195769908415e-10
418    5.62544991784405e-10
419    5.603023805162337e-10
420    5.580906488497098e-10
421    5.559086117325049e-10
422    5.537548705151042e-10
423    5.516280331572915e-10
424    5.495267076948283e-10
425    5.47449304372424e-10
426    5.453941778246207e-10
427    5.433597002937886e-10
428    5.413442400072433e-10
429    5.393461952397002e-10
430    5.373640101044155e-10
431    5.353961999431888e-10
432    5.334414273567031e-10
433    5.314984556599553e-10
434    5.295661425791288e-10
435    5.276434418244467e-10
436    5.257293890068553e-10
437    5.238230476148173e-10
438    5.219234988001483e-10
439    5.200298397203e-10
440    5.181411910897416e-10
441    5.162566952302105e-10
442    5.143755078239062e-10
443    5.124968055822248e-10
444    5.106197737574929e-10
445    5.087435799453393e-10
446    5.068674020160234e-10
447    5.049904387830151e-10
448    5.031118942093291e-10
449    5.012310861435302e-10
450    4.993474800979048e-10
451    4.974606811376217e-10
452    4.959227311466456e-10
453    4.940263088360388e-10
454    4.921264423557266e-10
455    4.902229405741489e-10
456    4.883156696057728e-10
457    4.864045028184026e-10
458    4.844893316198747e-10
459    4.825702116182975e-10
460    4.806473646855559e-10
461    4.787210679474608e-10
462    4.767916012223373e-10
463    4.748592389487409e-10
464    4.729242374369254e-10
465    4.709868397759774e-10
466    4.690472943811534e-10
467    4.671058687289103e-10
468    4.651628759244678e-10
469    4.632185973624058e-10
470    4.6127327088765324e-10
471    4.5932712187981555e-10
472    4.5738041142695784e-10
473    4.5543353034615974e-10
474    4.534869299931851e-10
475    4.5154105427899564e-10
476    4.4959633720900944e-10
477    4.4765327845360537e-10
478    4.457125401578014e-10
479    4.437748145443816e-10
480    4.4184080229989106e-10
481    4.3991119888978414e-10
482    4.379866781703643e-10
483    4.360678910733783e-10
484    4.3415545852688766e-10
485    4.3224997313777265e-10
486    4.3035202314894633e-10
487    4.284621883410781e-10
488    4.265809925818143e-10
489    4.247089203672603e-10
490    4.2284643238463583e-10
491    4.209939733123125e-10
492    4.1915201870360377e-10
493    4.173210550838013e-10
494    4.1550155567910273e-10
495    4.1369397675066725e-10
496    4.118987402825378e-10
497    4.101162661628678e-10
498    4.083469465610883e-10
499    4.0659114724761053e-10
500    4.048492269691244e-10
501    4.031215317788879e-10
502    4.0140840182784413e-10
503    3.997101632733716e-10
504    3.980271177025657e-10
505    3.9635953759146143e-10
506    3.947076505413693e-10
507    3.930716628202456e-10
508    3.9145175809924567e-10
509    3.8984810943030914e-10
510    3.88260872796392e-10
511    3.866901255708422e-10
512    3.8513587019987954e-10
513    3.835980879514025e-10
514    3.8207675802751067e-10
515    3.805718530726677e-10
516    3.7908325833344375e-10
517    3.776107423278211e-10
518    3.761540394657394e-10
519    3.747128709949053e-10
520    3.732869576511335e-10
521    3.718760264179731e-10
522    3.7047981699318614e-10
523    3.69098073859265e-10
524    3.6773054225287583e-10
525    3.6637696652968526e-10
526    3.6503707006912964e-10
527    3.633567649401345e-10
528    3.6205421783865206e-10
529    3.607649958748468e-10
530    3.5948881448287394e-10
531    3.582253943303623e-10
532    3.5697444809558697e-10
533    3.557356139461823e-10
534    3.545085080797049e-10
535    3.532927548396315e-10
536    3.5208798270540805e-10
537    3.508937671577089e-10
538    3.4970964489351274e-10
539    3.4853516274722436e-10
540    3.473698696425584e-10
541    3.462133064891795e-10
542    3.4506501837727044e-10
543    3.439245603851831e-10
544    3.427914962511553e-10
545    3.416653977945604e-10
546    3.405458955770402e-10
547    3.3943266324113895e-10
548    3.383253741582904e-10
549    3.372237155507989e-10
550    3.361274107806359e-10
551    3.350362201240733e-10
552    3.339499106066853e-10
553    3.328682526833038e-10
554    3.31791000025471e-10
555    3.307178960432221e-10
556    3.296486893846987e-10
557    3.285831341407413e-10
558    3.2752098007567265e-10
559    3.2646195921838776e-10
560    3.254058071368862e-10
561    3.243522677011277e-10
562    3.2330109116179973e-10
563    3.2225203339483763e-10
564    3.212048557663577e-10
565    3.201593249979034e-10
566    3.1910230751865246e-10
567    3.180538825535936e-10
568    3.170069043311013e-10
569    3.1596124005300145e-10
570    3.149167584287055e-10
571    3.138733218882386e-10
572    3.1283079415807253e-10
573    3.1178904055638973e-10
574    3.107479507898579e-10
575    3.097074729187447e-10
576    3.086675928460874e-10
577    3.0762830286095664e-10
578    3.0658959575741757e-10
579    3.0555146544747313e-10
580    3.045139402067465e-10
581    3.0347713102786756e-10
582    3.024411741996735e-10
583    3.014062153772901e-10
584    3.0037240523325933e-10
585    2.993398930695621e-10
586    2.983088242513514e-10
587    2.972793397956382e-10
588    2.962515778588728e-10
589    2.9522567050021516e-10
590    2.9420174655256357e-10
591    2.931799422907045e-10
592    2.921603985971427e-10
593    2.9114324125670293e-10
594    2.9012857694136195e-10
595    2.8911650720058294e-10
596    2.881071293212055e-10
597    2.8710054500179676e-10
598    2.8609688037885734e-10
599    2.8509627723080104e-10
