1e-06   1.3011005469901447
1.0162650893929951e-06   1.3011005469901447
1.0327947319189525e-06   1.3011005469901447
1.0495932305582266e-06   1.3079788384246809
1.0666649582795387e-06   1.3254649302789208
1.084014359178331e-06   1.3431848049308166
1.101645949633657e-06   1.3611415863425542
1.1195643194838795e-06   1.3793384401745261
1.1377741332214902e-06   1.3977785743409648
1.1562801312073753e-06   1.4164652395729649
1.1750871309048075e-06   1.4354017299889887
1.1942000281335324e-06   1.4545913836729556
1.2136237983442419e-06   1.4740375832600272
1.2333634979137747e-06   1.4937437565301455
1.2534242654613996e-06   1.5137133770095068
1.2738113231864784e-06   1.533949964579995
1.294529978227916e-06   1.5544570860967262
1.3155856240457052e-06   1.5752383560138519
1.3369837418249452e-06   1.5962974377074755
1.3587299019027092e-06   1.6176380459434576
1.3808297652180924e-06   1.6392639457414029
1.4032890847858731e-06   1.6611789525131846
1.4261137071941298e-06   1.6833869327382476
1.4493095741262152e-06   1.7058918046479277
1.4728827239075018e-06   1.7286975389190324
1.4968392930772555e-06   1.7518081590940295
1.5211855179861048e-06   1.7752277408169563
1.5459277364194786e-06   1.798960413540239
1.5710723892474488e-06   1.8230103618809321
1.596626022101425e-06   1.8473818263583552
1.6225952870780872e-06   1.8720791041402975
1.648986944471065e-06   1.8971065497992645
1.6758078645307687e-06   1.9224685761497444
1.7030650292528427e-06   1.9481696557464732
1.730765534195724e-06   1.9742143214185124
1.7589165903277326e-06   2.0006071666080656
1.7875255259042354e-06   2.0273528461739794
1.8165997883753285e-06   2.054456077213016
1.8461469463245456e-06   2.081921639892145
1.8761746914391196e-06   2.10975437824077
1.906690840512252e-06   2.1379591998840635
1.937703337477989e-06   2.1665410768444398
1.9692202554791733e-06   2.195505047475699
2.001249798969035e-06   2.2248562173960376
2.03380030584698e-06   2.254599760384866
2.066880249629082e-06   2.284740919291541
2.1004982416539153e-06   2.3152850069893227
2.1346630333242456e-06   2.3462374094000613
2.169383518385182e-06   2.377603587831962
2.2046687352394075e-06   2.409389077026478
2.240527869300018e-06   2.441599485850878
2.27697025538168e-06   2.474240498292868
2.3140053801306542e-06   2.5073178744685904
2.351642884494351e-06   2.540837451639045
2.389892566231048e-06   2.5748051428132417
2.4287643824604506e-06   2.6092269337072826
2.4682684522556926e-06   2.6441088888223363
2.508415059277541e-06   2.679457153486778
2.549214654451426e-06   2.715277954930105
2.5906778586880063e-06   2.7515776033711545
2.63281546564802e-06   2.7883624931206556
2.6756384445520452e-06   2.82563910604025
2.719157943036019e-06   2.8634140208811307
2.763385290053173e-06   2.9016939074682986
2.8083319988231696e-06   2.9404855251415714
2.8540097698292375e-06   2.9797957239616757
2.9004304938639916e-06   3.0196314459327596
2.9476062551248585e-06   3.05999972624146
2.995549334359816e-06   3.1009076926049515
3.0442722120642998e-06   3.1423625536086646
3.0937875717301367e-06   3.1843716070666104
3.144108303147265e-06   3.2269422477733016
3.1952475057592136e-06   3.270081968821194
3.247218492073132e-06   3.313798362899838
3.300034791125282e-06   3.3580991236120656
3.3537101520029288e-06   3.4029920477840188
3.408258547423452e-06   3.4484850500302007
3.4636941773717343e-06   3.494586161433233
3.5200314727966823e-06   3.541303521096991
3.5772850993678697e-06   3.5886453773524405
3.6354699612933177e-06   3.6366200892293064
3.6946012051993024e-06   3.68523612794782
3.754694224073337e-06   3.734502078148821
3.8157646612712525e-06   3.7844266305019776
3.877828414589453e-06   3.8350185808706887
3.9409016404034476e-06   3.8862868417074545
4.005000757873611e-06   3.938240444233132
4.070142453219439e-06   3.990888540014567
4.136343684063278e-06   4.0442404025633
4.203621683844718e-06   4.098305428988294
4.271993966306777e-06   4.153093145472701
4.3414783300550925e-06   4.20861321278857
4.41209286319119e-06   4.264875421739273
4.4838559480211905e-06   4.321889694072549
4.556786265841069e-06   4.379666084232844
4.630902801799737e-06   4.438214781137146
4.706224849841281e-06   4.497546109973778
4.782772017727485e-06   4.5576705313692445
4.8605642321421384e-06   4.618598637170245
4.939621743878326e-06   4.680341158706342
5.019965133110079e-06   4.742908970303773
5.101615314749834e-06   4.806313091185064
5.184593543892913e-06   4.870564687393713
5.268921421350677e-06   4.935675073744508
5.354620899273613e-06   5.001655718703174
5.441714286865887e-06   5.068518259667905
5.5302242561929e-06   5.136274495335358
5.620173848083188e-06   5.2049363825857755
5.711586478126435e-06   5.274516038606179
5.804485942768984e-06   5.345025743046299
5.898896425508493e-06   5.416477940203925
5.994842503189409e-06   5.488885239115363
6.0923491524007115e-06   5.562260397017707
6.1914417559778475e-06   5.636616329499391
6.2921461096103505e-06   5.711966123803847
6.394488428556936e-06   5.788323041227767
6.4984953544698886e-06   5.865700519424233
6.604193962330305e-06   5.94411217473632
6.711611767496287e-06   6.0235718052582765
6.820776732865692e-06   6.104093406089822
6.9317172761554005e-06   6.185691171288462
7.044462277299037e-06   6.2683794851368715
7.1590410859648885e-06   6.352172924260927
7.275483529196233e-06   6.43708626020349
7.393819919175873e-06   6.523134462032738
7.514081061116962e-06   6.6103326988026545
7.636298261282242e-06   6.6986963332908145
7.76050333513357e-06   6.788240920079799
7.886728615614156e-06   6.878982219802663
8.015006961565414e-06   6.9709362028735296
8.145371766280737e-06   7.064119052268993
8.277856966198472e-06   7.158547166346264
8.412497049736117e-06   7.254237161725664
8.549327066268385e-06   7.351205883477577
8.688382635251194e-06   7.449470418455525
8.829699955494083e-06   7.549048084379186
8.97331581458352e-06   7.649956430517596
9.119267598459298e-06   7.75221324078762
9.267593301146882e-06   7.855836536894309
9.418331534647961e-06   7.960844581512848
9.571521538991856e-06   8.067255876116018
9.727203192450538e-06   8.175089147803666
9.885417021919573e-06   8.284363367624026
1.0046204213468132e-05   8.395097758970497
1.0209606623060476e-05   8.507311800923372
1.0375666787451848e-05   8.621025231635935
1.0544427935261684e-05   8.736258051764802
1.0715933998226711e-05   8.853030527945037
1.0890229622637305e-05   8.97136319630849
1.1067360180959745e-05   9.09127686605324
1.1247371783647507e-05   9.212792623060027
1.1430311291144787e-05   9.335931833554307
1.1616226326085018e-05   9.460716147816736
1.1805165285688056e-05   9.587167503942508
1.1997177354358856e-05   9.715308133217775
1.2192312516491094e-05   9.845160582271557
1.2390621569479157e-05   9.97674771185603
1.259215613694151e-05   10.110092688245793
1.2796968682159416e-05   10.2452189870669
1.3005112521734099e-05   10.382150397428326
1.3216641839466038e-05   10.520911026108635
1.3431611700460154e-05   10.661525300539866
1.3650078065460137e-05   10.80401794029693
1.387209780541621e-05   10.948413956327627
1.4097728716289677e-05   11.09473868872889
1.4327029534098295e-05   11.243017812877444
1.4560059950206486e-05   11.393277343825112
1.4796880626863964e-05   11.54554364075134
1.5037553212997385e-05   11.699843411715705
1.5282140360258708e-05   11.85620373848326
1.5530705739334586e-05   12.01465209781781
1.5783314056521164e-05   12.175216335728782
1.60400310705682e-05   12.337924668864874
1.630092360979741e-05   12.502805689434851
1.656605958949915e-05   12.66988837019357
1.6835508029612008e-05   12.839202069478608
1.7109339072690134e-05   13.01077652121148
1.7387624002162504e-05   13.184641810473037
1.7670435260889467e-05   13.360828412394671
1.795784647002097e-05   13.53936720487669
1.8249932448161504e-05   13.720289473860436
1.8546769230846977e-05   13.903626918668639
1.8848434090337955e-05   14.089411657414482
1.915500555573528e-05   14.277676238727077
1.9466563433422632e-05   14.468453672270135
1.978318882784162e-05   14.661777414673576
2.010496416260497e-05   14.857681366275955
2.0431973201952705e-05   15.056199876975157
2.0764301072557747e-05   15.257367752157863
2.1102034285685967e-05   15.461220258706513
2.1445260759716654e-05   15.667793124694862
2.1794069843029538e-05   15.877122496248292
2.2148552337263592e-05   16.089244967720344
2.2508800520954618e-05   16.304197614618325
2.287490817355704e-05   16.522018000063312
2.3246970599856455e-05   16.74274418111651
2.362508465477945e-05   16.966414715185312
2.4009348768606518e-05   17.193068667106683
2.43998629725955e-05   17.422745625055953
2.47967289250216e-05   17.65548570603655
2.5200049937640895e-05   17.89132955511333
2.5609931002584567e-05   18.130318352039364
2.6026478819690045e-05   18.372493818202376
2.64498018242772e-05   18.61789822365983
2.6880010215376075e-05   18.866574394096286
2.7317215984413734e-05   19.11856571154459
2.7761532944367983e-05   19.37391611919544
2.8213076759394707e-05   19.63267013651266
2.8671964974937698e-05   19.8948728672681
2.9138317048327887e-05   20.160570007102528
2.9612254379880313e-05   20.42980785118323
3.0093900344497244e-05   20.702633301810735
3.0583380323784315e-05   20.97909385154339
3.1080821738690636e-05   21.259237561497002
3.158635408267819e-05   21.543113112864223
3.210010895543169e-05   21.830769821403702
3.2622220097116734e-05   22.122257645542458
3.315282342319423e-05   22.41762719457855
3.369205705980267e-05   22.716929736984387
3.4240061379714256e-05   23.020217190496805
3.479697903887688e-05   23.32754208236214
3.5362955013550464e-05   23.638957605343347
3.5938136638046256e-05   23.954517640189756
3.6522673643081753e-05   24.27427676428824
3.711671819475767e-05   24.598290260418967
3.7720424934169935e-05   24.926614125616577
3.833395101766605e-05   25.25930508826708
3.895745615775501e-05   25.596420659437783
3.959110266468459e-05   25.938019113771812
4.023505548869293e-05   26.284159480956912
4.0889482262948645e-05   26.634901555240912
4.15545533471888e-05   26.990305905095724
4.223044187206672e-05   27.350433882999155
4.291732378422158e-05   27.71534761581156
4.3615377892080056e-05   28.08510981738101
4.432478591240401e-05   28.45978386838905
4.504573251759463e-05   28.839433951663537
4.577840538376616e-05   29.22412506379313
4.652299523960189e-05   29.613923024958467
4.7279695916003906e-05   30.008894488872528
4.804870439655134e-05   30.40910695814568
4.883022086877885e-05   30.81462890994616
4.962444877628913e-05   31.22552981249989
5.043159487171359e-05   31.641880026970284
5.125186927053333e-05   32.063750813523065
5.2085485505776655e-05   32.49121434241309
5.2932660583605666e-05   32.92434370519906
5.379361503980698e-05   33.36321292222574
5.466857299720181e-05   33.80789671214769
5.555776222398878e-05   34.25847034394899
5.646141419303673e-05   34.71500998451711
5.7379764142141396e-05   35.17759274246189
5.8313051135262185e-05   35.64629667890475
5.926151812475552e-05   36.12120081837539
6.022541201461928e-05   36.60238515991479
6.120498372476703e-05   37.089930733510705
6.220048825634719e-05   37.58391968706458
6.321218475812448e-05   38.084435204541634
6.424033659394191e-05   38.59156149958605
6.528521141127847e-05   39.10538382741385
6.63470812109235e-05   39.625988496828164
6.742622241778349e-05   40.15346288235744
6.852291595284057e-05   40.687895353028544
6.963744730628222e-05   41.22937499373284
7.077010661181889e-05   41.77799186545596
7.192118872221193e-05   42.33383711416709
7.309099328602919e-05   42.89700298259007
7.42798248256491e-05   43.46758282207616
7.548799281653431e-05   44.04567110458058
7.671581176779303e-05   44.63136340403626
7.796360130405237e-05   45.22475620140901
7.923168624866262e-05   45.82594701077682
8.05203967082547e-05   46.43503449464272
8.183006815867389e-05   47.05211847631807
8.316104153230961e-05   47.67729995184337
8.451366330684722e-05   48.310681101999165
8.588828559546259e-05   48.952365284814114
8.728526623848371e-05   49.60245678420678
8.870496889654403e-05   50.26106087679926
9.014776314524917e-05   50.92828403990586
9.161402457138522e-05   51.60423396793266
9.310413487069085e-05   52.2890195839875
9.461848194721992e-05   52.98275105155757
9.615746001432095e-05   53.68553977745031
9.772146969725725e-05   54.397498146906145
9.9310918137498e-05   55.11873946278546
0.00010092621909870473   55.84937826126354
0.00010256779307444219   56.58953034180333
0.00010423606739764012   57.339312778044004
0.000105931476351837   58.098843928723376
0.00010765446128423159   58.86824344556189
0.00010940547072057424   59.647631932531034
0.0001111849604819271   60.43713060644946
0.00011299339380332217   61.2368618790739
0.00011483124145435111   62.046949440497905
0.00011669898186171475   62.86751826826312
0.00011859710123376694   63.698694636446746
0.00012052609368708426   64.54060612467158
0.00012248646137509307   65.39338148761907
0.00012447871461879063   66.25715034741789
0.00012650337203959038   67.13204353746865
0.0001285609606943295   68.01819319562051
0.00013065201621247213   68.91573277187993
0.0001327770829355429   69.8247970360484
0.00013493671405883064   70.74552208528823
0.00013713147177539455   71.67804513217284
0.0001393619274224142   72.62250351399051
0.00014162866162991988   73.57903542979756
0.00014393226447194065   74.54778033555395
0.000146273335620113   75.52887894842266
0.0001486524844997857   76.52247325059582
0.0001510703304486654   77.52870649294813
0.00015352750287804228   78.54772310814529
0.00015602464143663696   79.57966791921385
0.00015856239617711372   80.62468647888387
0.000161141427725302   81.68292553699844
0.00016376240745216873   82.75453304595233
0.00016642601764859036   83.83965816066798
0.00016913295170296487   84.93845123830926
0.00017188391428171455   86.05106378459548
0.00017467962151272457   87.17764747922361
0.00017752080117176342   88.31835421541265
0.00018040819287193827   89.47333694451507
0.00018334254825622907   90.64274970257541
0.00018632463119315598   91.82674760487772
0.00018935521797562954   93.02548684011226
0.00019243509752303302   94.23912464722464
0.00019556507158659492   95.4678184885321
0.00019874595495809837   96.71172562345913
0.00020197857568198785   97.97100415405863
0.00020526377527092522   99.24581310335407
0.00020860240892485029   100.53631240347804
0.0002119953457536071   101.84266288330487
0.00021544346900318845   103.16502625260844
0.00021894767628566206   104.50356431676134
0.00022250887981283693   105.8584378708425
0.00022612800663372772   107.22980815306802
0.0002298059988758851   108.61783707466836
0.00023354381399064793   110.02268719965926
0.00023734242500238661   111.44452172394955
0.00024120282076180069   112.88350445378308
0.0002451260062033337   114.33979938058236
0.00024911300260677886   115.81356943899306
0.00025316484786313555   117.30497760364986
0.00025728259674479324   118.81418723896084
0.0002614673211801092   120.34136207029955
0.0002657201105324504   121.88666615439757
0.00027004207188377727   123.45026384893718
0.0002744343303228365   125.03231951718224
0.000278898029238044   126.63299593745565
0.0002834343306151309   128.25245522739976
0.00028804441533962976   129.89085952492235
0.0002927294835042816   131.54837095167844
0.00029749075472144406   133.22515157327106
0.0003023294684405776   134.921363358524
0.0003072468842709003   136.63716802321363
0.0003122442823092858   138.3727256590806
0.00031732296347349763   140.12819507110302
0.0003224842498408442   141.90373464526732
0.0003277294849923382   143.69950231708842
0.0003330600343624589   145.51565552128457
0.0003384772855945983   147.35235114039978
0.00034398264890229247   149.20974541658612
0.0003495775574363275   151.08799297258412
0.0003552634676578139   152.98724662008672
0.0003610418597173337   154.90765824565125
0.00036691423784024937   156.84937880118676
0.00037288213071828336   158.81255824317728
0.00037894709190746675   160.7973454707785
0.00038511070023255687   162.80388825423486
0.0003913745601980384   164.83233246564956
0.0003977403024058037   166.88282144188628
0.0004042095839796306   168.95549697875146
0.0004107840889965647   171.05049938037925
0.0004174655289253135   173.16796738767817
0.0004242556430717777   175.3080381056151
0.00043115619903182285   177.47084692875404
0.000438168993151419   179.6565269246603
0.0004452958509942655   181.86520770708273
0.0004525386278170167   184.09701656611378
0.00045989920905224383   186.35207865414415
0.00046737951079924635   188.6305169031039
0.00047498148032285   190.93245194053134
0.0004827070965603183   193.25800200448313
0.0004905583706365045   195.60728247128847
0.0004985373463873893   197.98040423709216
0.0005066461008921268   200.37747485250767
0.0005148867450137492   202.7985989846226
0.0005232614239486662   205.24387832285487
0.0005317723177850972   207.713411483555
0.0005404216420705915   210.20729391350284
0.0005492116483887789   212.72561736535965
0.0005581446249454961   215.2684665290226
0.0005672228971644543   217.8359205523638
0.000576448828292588   220.42805471173796
0.0005858248200152536   223.04494031732625
0.000595353313081437   225.68664460344
0.0006050367879391218   228.35323061783026
0.0006148777653810023   231.04475682420755
0.0006248788072006895   233.76127253938125
0.0006350425168595962   236.5028184262886
0.0006453715401646702   239.2694299714317
0.0006558685659571429   242.06113746959795
0.0006665363268124914   244.87796589817162
0.0006773775997517752   247.71993479065927
0.0006883952069645496   250.58705798508328
0.0006995920165435374   253.47933871474078
0.0007109709432312431   256.3967677110149
0.0007225349491787215   259.3393287805206
0.0007342870447166766   262.3069990802229
0.0007462302891391107   265.2997489756537
0.0007583677914997191   268.31754189874937
0.0007707027114212295   271.3603341803687
0.0007832382599179197   274.4280707754335
0.0007959777002314986   277.52068025058406
0.0008089243486805938   280.6380819494038
0.0008220815755240541   283.7801869163823
0.0008354528058382863   286.9468977415176
0.0008490415204088747   290.13810840519886
0.0008628512566366895   293.3537041233023
0.0008768856094587427   296.59355884106884
0.0008911482322840202   299.85752895760567
0.0009056428379445294   303.1454593132208
0.0009203731996618221   306.4571848083735
0.0009353431520292386   309.7925302425797
0.0009505565920101192   313.1513101545167
0.0009660174799522646   316.5333286634643
0.0009817298406188842   319.93837794573165
0.0009976977642363201   323.36623104747645
0.0010139254075588154   326.8166465659397
0.0010304169949505876   330.28937149944926
0.0010471768194855202   333.78414109425046
0.0010642092440647246   337.3006786885155
0.0010815187025522881   340.83869555895103
0.0010991097009294972   344.397889974495
0.0011169868184678225   347.9779390809091
0.001135154708920999   351.5785017161281
0.0011536181017364785   355.1992233702925
0.0011723818032865986   358.8397361155096
0.001191450698119776   362.4996584637413
0.0012108297502320393   366.17859522891183
0.0012305240043592616   369.87613686069795
0.0012505385872903913   373.59184785453584
0.0012708787092020582   377.32526625174677
0.001291549665014884   381.0759144087134
0.0013125568357718427   384.84329935665255
0.0013339056900390587   388.62691268334424
0.001355601785329369   392.4262304213179
0.0013776507695490536   396.2407128079275
0.0014000583824680976   400.06979586283717
0.001422830457214352   403.91288602838864
0.0014459729217920197   407.7693717860348
0.0014694918006248172   411.63862471262206
0.0014933932161242517   415.51999940636546
0.0015176833902834053   419.41283342194134
0.0015423686462966275   423.31644719593714
0.001567455410205595   427.2301354615123
0.001592950212572123   431.15315325854885
0.0016188596901781976   435.08473374509725
0.0016451905877536625   439.02409159750505
0.00167194975973199   442.9704230014475
0.001699144172034626   446.92290565544755
0.001726780903884356   450.8806987872283
0.0017548671496481502   454.84293702686614
0.001783410220710008   458.8087093375542
0.0018124175473742377   462.7770777609913
0.0018418966807997109   466.74708466131136
0.0018718552949655793   470.7177528109405
0.0019023011886689439   474.6880854928703
0.0019332422875550453   478.65706661986394
0.0019646866461804466   482.6236566977529
0.0019966424501097935   486.586765214345
0.002029118018046678   490.5452669259205
0.0020621218039991425   494.4980161562139
0.002095662399480433   498.4438470871345
0.002129748535745521   502.3815739973075
0.00216438908606402   506.30999152238076
0.0021995930680300748   510.2278722991771
0.002235369645909794   514.1339322482087
0.0022717281330269052   518.026839288643
0.0023086779941871695   521.9052402490349
0.0023462288481422623   525.7677619099355
0.0023843904700937206   529.6130114275086
0.0024231727942375983   533.4395767847573
0.002462585916350547   537.2460261654086
0.002502640096417919   541.0308742179651
0.002543345761304648   544.7925748927299
0.002584713507469564   548.5295604610387
0.0026267541037238358   552.2402445246098
0.0026694784940343207   555.9230226827024
0.0027128978003724672   559.5762732332347
0.0027570233256095826   563.1983576051723
0.002801866556459195   566.7875871350842
0.0028474391664672447   570.3421916470268
0.0028937530190509503   573.8603769427534
0.002940820170587064   577.3403329651179
0.0029886528735503827   580.780234784536
0.0030372635797033115   584.1782436265022
0.0030866649433372744   587.5325079294371
0.0031368698245668766   590.8411373175412
0.003187891292677646   594.102144011084
0.0032397426295281955   597.3135113599942
0.003292437333007769   600.4732119121342
0.0033459891205499747   603.5792088052301
0.0034004119327037063   606.6294572066179
0.0034557199367621395   609.6219058002604
0.003511927530450728   612.554479635747
0.0035690493456752297   615.424998637094
0.0036271002523306484   618.2312445614119
0.003686095362172158   620.97099640639
0.003746050032748993   623.642032323912
0.003806979871402284   626.242131561338
0.0038689007393279753   628.7690764542722
0.003931828755705771   631.2206431207488
0.003995780301895269   633.594505707368
0.004060772025700365   635.888285150838
0.004126820845702952   638.0996108511762
0.004193943955667186   640.2261237915175
0.0042621588290153245   642.2654790654051
0.004331483223376399   644.215348455537
0.004401935185208874   646.0734180310478
0.004473533054498463   647.837300387551
0.0045462954695324   649.5045463813041
0.004620241371751313   651.0727296223611
0.004695390010680058   652.5394525427251
0.004771760948938746   653.9023495338931
0.004849374067335233   655.1590901265679
0.004928249570040513   656.3073806671099
0.005008407989848212   657.3448944700597
0.00508987019351968   658.269242786496
0.0051726573872160194   659.0780760758123
0.005256791122018424   659.7690957869257
0.005342293299538352   660.3400580485974
0.005429186177618943   660.7887773790661
0.005517492376129123   661.1131302566969
0.005607234882852033   661.3110203956703
0.005698437059469142   661.3803315455251
0.005791122647641758   661.319008186112
0.00588531577519145   661.1250721576555
0.005981040962380938   660.7966266337716
0.00607832312829723   660.3318600711717
0.006177187597338494   659.7290501274484
0.0062776601058065   658.9865611895303
0.006379766808606282   658.1028298100304
0.006483534286054721   657.0763873772229
0.00658898955079995   655.9058699675053
0.006696160054853222   654.5900220511159
0.006805073696735207   653.1277001120151
0.006915758828738525   651.5178761721015
0.0070282442643083455   649.7596562618611
0.007142559285543126   647.8523695496299
0.007258733650817253   645.7955107165154
0.007376797602527731   643.5887007213499
0.007496781874966877   641.2316891988326
0.007618717702322991   638.72435683388
0.007742636826811269   636.0667175719809
0.007868571506936851   633.2589427013065
0.007996554525892346   630.3016106331517
0.008126619200091946   627.1956139088367
0.008258799387844264   623.9419784850714
0.008393129498166365   620.5418604692723
0.008529644499741026   616.996546084411
0.008668379930019773   613.3074514377112
0.00880937190447399   609.4761389087087
0.008952657125996391   605.5047387189798
0.009098272894455557   601.395965944145
0.009246257116405743   597.1526589326431
0.009396648314954691   592.7777523622754
0.009549485639791966   588.2742737983812
0.009704808877380306   583.6453401349713
0.009862658461312821   578.8941604258508
0.010023075482838643   574.024550514434
0.010186101701559752   569.0412832994547
0.010351779556301762   563.9492421570409
0.01052015217616159   558.7533229488588
0.010691263391734773   553.4584273248706
0.010865157746525373   548.0694561829902
0.011041880508541602   542.5913038776856
0.011221477682079803   537.0293727460423
0.011403996019700331   531.390490221369
0.011589483034398117   525.681628892986
0.011777987011971181   519.9096311747977
0.011969557023590429   514.0812015799693
0.01216424293857368   508.20289967106163
0.01236209543736769   502.2811336747376
0.012563166024741215   496.3224736482515
0.012767507043192645   490.33483667146055
0.012975171686575868   484.3263377700804
0.013186214013947485   478.3048080313537
0.013400688963639508   472.27779105341176
0.013618652367560827   466.2525406388537
0.013840160965731301   460.2360195735411
0.014065272421052363   454.23514633487014
0.01429404533431761   448.2586000338442
0.014526539259467812   442.3156740956257
0.01476281471909391   436.4152082181151
0.015002933220192168   430.56558730966293
0.01524695727017573   424.7747502278337
0.015494950393146316   419.0502000466537
0.015746977146430866   413.3989401269694
0.016003103137387016   407.8263557115213
0.016263395040481906   402.33653366210945
0.016527920614648937   396.9332692406011
0.01679674872092653   391.6201057520386
0.01706994934038408   386.4003452485682
0.017347593592339325   381.27705947475476
0.01762975375287204   376.25317114594657
0.017916503273638994   371.33406499847615
0.018207916800994626   366.52820543952856
0.018504070195423022   361.84378760350364
0.018805040551285835   357.2885332513079
0.01911090621689136   352.86972486735516
0.019421746814890246   348.5942411564793
0.019737643263002553   344.468219622476
0.02005867779508234   340.4893363978263
0.020384933982524642   336.64749244376014
0.020716496756020667   332.93270292010425
0.021053452427667037   329.3354056291284
0.021395888713434216   325.846433173032
0.0217438947560008   322.4569958309969
0.022097561147959032   319.1600384444495
0.022456979955397718   315.9516963053538
0.02282224474186896   312.82861332836427
0.023193450592744275   309.7875509827172
0.023570694139967277   306.8253828085317
0.023954073587208795   303.9389163511882
0.024343688735431128   301.11943899973676
0.024739641008868118   298.35184308999374
0.025142033481427965   295.62116485693866
0.02555097090352507   292.9129718611476
0.025966559729348724   290.2133487485172
0.02638890814457513   287.50868649152386
0.026818126094530128   284.7852399862266
0.027254325312810277   282.0296804105079
0.02769761935036891   279.22924282872395
0.028148123605075813   276.37174386462334
0.02860595535175745   273.4450719055013
0.029071233772725753   270.43611914649796
0.0295440799888038   267.3322252935261
0.030024617090855493   264.1215566628207
0.030512970171828708   260.79321078422373
0.031009266359319297   257.33911428001966
0.03151363484866476   253.754412820837
0.0320262069365765   250.0351874239291
0.03254711605531848   246.17833522382324
0.03307649780744242   242.1829177811946
0.03361449000108768   238.05349583457186
0.03416123268585525   233.79615122186834
0.034716868189265594   229.41734382783716
0.03528154115380883   224.92497687013702
0.03585539857459817   220.33297914973681
0.03643858983763548   215.65692227144828
0.037031266758699236   210.911891049565
0.03763358362286533   206.1136413113832
0.03824569722466999   201.28212286185789
0.038867766908926675   196.4373153543662
0.03949995461220647   191.59787254421278
0.04014242490499318   186.7838070376198
0.04079534503452449   182.0182497482802
0.04145888496832911   177.3226940284409
0.04213321743847289   172.71716198552164
0.042818517986524154   168.22496659905343
0.04351496500925046   163.8695698332585
0.04422273980505897   159.67181437186977
0.04494202662119142   155.65010460400654
0.04567301270168747   151.82035221036924
0.04641588833612782   148.19632080535445
0.047170846909170124   144.79017780007564
0.047938084950891066   141.6121814066517
0.04871780218794631   138.66281563232965
0.04951020159556351   135.93586732479935
0.050315489450380564   133.42553638888342
0.051133875384143206   131.12469347784864
0.051965572438276576   129.01461394190758
0.05281079711934331   127.07319245929367
0.05366976945540476   125.27982351393902
0.054542713053298365   123.6115400660944
0.05542985515684663   122.0400220233949
0.056331426706013515   120.53773999629159
0.05724766239702179   119.07798387066781
0.05817880074344935   117.63212435786681
0.05912508413831881   116.17173650946931
0.06008675891719681   114.66984679886754
0.06106407542232036   113.10136193568022
0.062057288067765004   111.443060654801
0.06306665540567406   109.67370439246753
0.06409244019356457   107.77904286891008
0.06513490946272796   105.75146122538449
0.06619433458774387   103.58554372102948
0.06727099135712336   101.28571560691793
0.06836516004510239   98.86481153871279
0.0694771254846024   96.33686907082816
0.07060717714137765   93.72425292969805
0.07175560918936921   91.05350878124685
0.07292272058728312   88.3509677693099
0.0741088151564157   85.64873916984699
0.07531420165974376   82.97822935062902
0.07653919388230156   80.37041172435092
0.07778411071286483   77.85822321249213
0.0790492762269642   75.47088028138727
0.08033501977124735   73.23257900822576
0.08164167604921473   71.1636475734636
0.08296958520834916   69.27662673980595
0.0843190929286625   67.57195764987381
0.08569055051268347   66.04677059519777
0.08708431497690725   64.6851060382923
0.08850074914473438   63.46696199500735
0.08994022174092053   62.36840318177484
0.09140310748756222   61.36199698827946
0.09288978720164498   60.4181663690665
0.09440064789417603   59.50238456417383
0.09593608287093147   58.58474839272425
0.09749649183484096   57.646596085517565
0.09908228099003788   56.6624855028412
0.1006938631476027   55.570004947160264
0.10233165783302449   54.359669109859006
0.10399609139541204   53.10734186864199
0.10568759711848051   51.755494935643924
0.10740661533334322   50.33036091375989
0.10915359353313911   48.849820351039156
0.11092898648952228   47.34139514995723
0.11273325637104871   45.83417610740453
0.11456687286348727   44.35741010317194
0.11643031329208756   42.93875102874025
0.1183240627458378   41.601004795962666
0.12024861420374122   40.36248022755092
0.12220446866314887   39.23713547021974
0.12419213527017846   38.223752766953275
0.1262121314522546   37.315700699707264
0.12826498305280598   36.50332168942446
0.1303512244681509   35.762398051507894
0.13247139878661174   35.06676558428419
0.1346260579298911   34.392004631297446
0.13681576279674704   33.71481884565047
0.13904108340900698   33.013695615459
0.14130259905995338   32.27415981603952
0.14360089846512605   31.49153492841324
0.14593657991557576   30.66317968964582
0.1483102514336103   29.79671609023338
0.15072253093107554   28.909205259209156
0.15317404637020798   28.017068189163286
0.15566543592710622   27.14025296794563
0.15819734815786016   26.299852382510505
0.1607704421673822   25.51303072539194
0.16338538778098605   24.785077722624663
0.16604286571875296   24.116420945665055
0.16874356777273758   23.505075453131585
0.1714881969870541   22.939405718024705
0.17427746784089174   22.40623678782576
0.1771121064345087   21.892257752687694
0.17999285067824763   21.38189076315473
0.18292045048462938   20.860495580542267
0.18589566796356882   20.320592549869996
0.18891927762076643   19.765038795711845
0.1919920665593283   19.197685952063935
0.19511483468466165   18.62688506089722
0.19828839491270714   18.065204526790097
0.20151357338155584   17.52380433640954
0.20479120966650832   17.00945529219791
0.2081221569986337   16.525962734711847
0.21150728248687947   16.075568963217634
0.21494746734379805   15.652630872627462
0.21844360711494284   15.248648030748537
0.22199661191199524   14.855972696192314
0.22560740664968593   14.467946753485272
0.22927693128656487   14.07865971157767
0.23300614106969247   13.685156453656695
0.23679600678330787   13.29112458269039
0.24064751500154216   12.900968065115345
0.2445616683452444   12.51918238655867
0.24853948574297985   12.150704048763773
0.25258200269627845   11.799853606727554
0.2566902715491952   11.467046852849615
0.26086536176225505   11.14886110557894
0.2651083601908536   10.841977992903567
0.26942037136818825   10.543042749562964
0.27380251779278575   10.248779899856666
0.2782559402207126   9.95667287435947
0.2827817979625344   9.66768979777236
0.2873812691851063   9.384183136270597
0.29205555121827453   9.10817180688538
0.29680586086656024   8.841077844531743
0.30163343472591975   8.584036649437211
0.306539529505653   8.337278653261462
0.3115254223555485   8.098856774705139
0.3165924111983521   7.866647688519708
0.32174181506763716   7.639312681349532
0.3269749744511768   7.416660324624427
0.3322932516398975   7.1986362697907635
0.3376980310825088   6.985698841869156
0.34319071974590426   6.778834617761229
0.34877274748141773   6.578873977551529
0.3544455673970436   6.385618665107556
0.36021065623570736   6.198188790306802
0.36606951475968985   6.0158107680250925
0.3720236681413066   5.838105745656207
0.3780746663599349   5.664881384379803
0.3842240846055061   5.49602539410325
0.3904735236885564   5.3317488966102236
0.3968246104569478   5.172324370654116
0.4032789982193705   5.017852551148959
0.40983836717572614   4.868031373293903
0.4165044248545185   4.7225123153903645
0.4232789065573553   4.581043080930814
0.43016357581067904   4.443514685425252
0.43716022482485023   4.3098347141880025
0.4442706749606883   4.17991206663825
0.4514967772036102   4.053656980365328
0.45884041264547615   3.9309810524448494
0.46630349297427265   3.8117972581160973
0.4738879609717651   3.6960199669306846
0.4815957910192351   3.5835649564801257
0.48942898961145315   3.47434942380836
0.4973895958790068   3.3682919946138843
0.5054796821191235   3.2653127303433465
0.5137013543351339   3.1653331332773815
0.5220567527846975   3.0682761497063478
0.5305480525369575   2.9740661712923093
0.5391774640387506   2.8826288991866473
0.5479472336900282   2.7938888193228246
0.5568596444286409   2.7077697836208334
0.5659170163246242   2.6241976070688158
0.5751217071841613   2.5431001157296116
0.5844761131633638   2.4644070944826324
0.593982669392035   2.3880502360710154
0.6036438506075864   2.3139630914228304
0.6134621717992506   2.242081021215176
0.6234401888627864   2.1723411486514146
0.6335804992658254   2.104682313422053
0.6438857427240413   2.0390450268205282
0.654358601888323   1.9753714279861538
0.6650018030431118   1.9136052412466178
0.675818116816111   1.853691734533587
0.6868103588995308   1.7955776788452786
0.6979813907830653   1.7392113770866173
0.709334120498799   1.684543043361583
0.7208715033782136   1.6315244258797639
0.732596542821523   1.580108532515007
0.7445122910795143   1.5302496010453903
0.7566218500481048   1.481903071061014
0.7689283720758305   1.4350255563615395
0.7814350607844542   1.3895748178404916
0.794145171902934   1.3455097368535263
0.8070620141149507   1.3027902890673304
0.8201889499202212   1.2613775187856708
0.8335293965098187   1.22123351374908
0.8470868266557402   1.1823213804041577
0.8608647696149244   1.1446052196386107
0.8748668120479914   1.1080501029777752
0.8890965989529167   1.072622049238212
0.903557834613892   1.0382880016340137
0.9182542835656282   1.00501580533102
0.9331897715733238   0.9727741854443098
0.9483681866285928   0.9415327254740256
0.9637934799615796   0.911261846174504
0.9794696670695385   0.8819327848517232
0.9954008287621519   0.8535175750837557
1.0115911122238297   0.8259890268590708
1.0280447320933097   0.7993207071273026
1.0447659715608053   0.7734869207570346
1.0617591834829991   0.7484626918952404
1.0790287915161836   0.7242237457227432
1.0965792912678098   0.7007464906002284
1.1144152514667882   0.6780080005991699
1.1325413151528128   0.655985998412005
1.150962200885031   0.6417589857400168
1.1696827039703848   0.6417589857400168
1.1887076977119033   0.6417589857400168
1.208042134677329   0.6417589857400168
1.2276910479883605   0.6417589857400168
1.2476595526308685   0.6417589857400168
1.2679528467864338   0.6417589857400168
1.288576213185518   0.6417589857400168
1.3095350204826677   0.6417589857400168
1.3308347246540762   0.6417589857400168
1.352480870417874   0.6417589857400168
1.3744790926775368   0.6417589857400168
1.3968351179887397   0.6417589857400168
1.4195547660501016   0.6417589857400168
1.4426439512181588   0.6417589857400168
1.466108684046983   0.6417589857400168
1.4899550728528537   0.6417589857400168
1.514189325304352   0.6417589857400168
1.5388177500383464   0.6417589857400168
1.5638467583022477   0.6417589857400168
1.5892828656229763   0.6417589857400168
1.6151326935030896   0.6417589857400168
1.6414029711444664   0.6417589857400168
1.6681005372000592   0.6417589857400168
1.6952323415541215   0.6417589857400168
1.7228054471313923   0.6417589857400168
1.7508270317357233   0.6417589857400168
1.7793043899185774   0.6417589857400168
1.8082449348779517   0.6417589857400168
1.8376562003881725   0.6417589857400168
1.867545842761074   0.6417589857400168
1.8979216428390995   0.6417589857400168
1.9287915080207778   0.6417589857400168
1.9601634743191856   0.6417589857400168
1.9920457084538712   0.6417589857400168
2.024446509976802   0.6417589857400168
2.0573743134329114   0.6417589857400168
2.09083769055575   0.6417589857400168
2.124845352498883   0.6417589857400168
2.1594061521035677   0.6417589857400168
2.1945290862033113   0.6417589857400168
2.2302232979659364   0.6417589857400168
2.266498079273693   0.6417589857400168
2.3033628731421314   0.6417589857400168
2.3408272761782944   0.6417589857400168
2.378901041078891   0.6417589857400168
2.4175940791691284   0.6417589857400168
2.45691646298279   0.6417589857400168
2.496878428884327   0.6417589857400168
2.5374903797335717   0.6417589857400168
2.5787628875938036   0.6417589857400168
2.62070669648385   0.6417589857400168
2.6633327251749805   0.6417589857400168
2.7066520700332415   0.6417589857400168
2.7506760079080674   0.6417589857400168
2.7954159990678593   0.6417589857400168
2.840883690183301   0.6417589857400168
2.8870909173592345   0.6417589857400168
2.934049709215787   0.6417589857400168
2.9817722900196735   0.6417589857400168
3.0302710828663995   0.6417589857400168
3.0795587129142232   0.6417589857400168
3.1296480106707505   0.6417589857400168
3.18055201533292   0.6417589857400168
3.2322839781813806   0.6417589857400168
3.284857366030047   0.6417589857400168
3.3382858647317577   0.6417589857400168
3.392583382740992   0.6417589857400168
3.4477640547344643   0.6417589857400168
3.503842245290676   0.6417589857400168
3.5608325526292814   0.6417589857400168
3.6187498124112767   0.6417589857400168
3.6776091016010306   0.6417589857400168
3.737425742391064   0.6417589857400168
3.798215306190736   0.6417589857400168
3.859993617679771   0.6417589857400168
3.9227767589277156   0.6417589857400168
3.986581073580439   0.6417589857400168
4.051423171114648   0.6417589857400168
4.1173199311616795   0.6417589857400168
4.184288507901584   0.6417589857400168
4.252346334528678   0.6417589857400168
4.321511127789762   0.6417589857400168
4.391800892596086   0.6417589857400168
4.463233926710397   0.6417589857400168
4.535828825510191   0.6417589857400168
4.609604486828429   0.6417589857400168
4.684580115873045   0.6417589857400168
4.760775230226368   0.6417589857400168
4.838209664925957   0.6417589857400168
4.916903577628031   0.6417589857400168
4.996877453854879   0.6417589857400168
5.078152112327671   0.6417589857400168
5.160748710385907   0.6417589857400168
5.244688749495119   0.6417589857400168
5.329994080844093   0.6417589857400168
5.416686911033146   0.6417589857400168
5.5047898078549675   0.6417589857400168
5.594325706169378   0.6417589857400168
5.685317913873753   0.6417589857400168
5.777790117970507   0.6417589857400168
5.871766390733249   0.6417589857400168
5.967271195973311   0.6417589857400168
6.064329395408062   0.6417589857400168
6.162966255132942   0.6417589857400168
6.263207452198692   0.6417589857400168
6.365079081295565   0.6417589857400168
6.46860766154632   0.6417589857400168
6.573820143409585   0.6417589857400168
6.680743915695615   0.6417589857400168
6.789406812696113   0.6417589857400168
6.899837121430012   0.6417589857400168
7.012063589007177   0.6417589857400168
7.126115430111746   0.6417589857400168
7.242022334607316   0.6417589857400168
7.359814475265771   0.6417589857400168
7.479522515621813   0.6417589857400168
7.601177617955322   0.6417589857400168
7.7248114514034   0.6417589857400168
7.850456200204509   0.6417589857400168
7.978144572076629   0.6417589857400168
8.107909806731678   0.6417589857400168
8.239785684528512   0.6417589857400168
8.373806535266489   0.6417589857400168
8.510007247122246   0.6417589857400168
8.648423275731727   0.6417589857400168
8.789090653419963   0.6417589857400168
8.932045998580959   0.6417589857400168
9.077326525210223   0.6417589857400168
9.224970052592175   0.6417589857400168
9.375015015145289   0.6417589857400168
9.5275004724273   0.6417589857400168
9.682466119303115   0.6417589857400168
9.839952296278227   0.6417589857400168
10.0   0.6417589857400168
