10    1.79106414986825e-08
11    1.875488032966162e-08
12    1.9548115622775397e-08
13    2.0234578930971285e-08
14    2.0868384735690845e-08
15    2.1430243998842763e-08
16    2.195536558840526e-08
17    2.23733028332667e-08
18    2.2736219458335533e-08
19    2.3060492550052916e-08
20    2.33342741945641e-08
21    2.3562274905513406e-08
22    2.375187473100804e-08
23    2.3893468884929682e-08
24    2.3998500882479226e-08
25    2.4062982423878758e-08
26    2.4108227037132643e-08
27    2.4119504468935192e-08
28    2.407440675374478e-08
29    2.404028895264522e-08
30    2.3958108559673522e-08
31    2.385153509524001e-08
32    2.3729885861671686e-08
33    2.358258122024105e-08
34    2.341546241125628e-08
35    2.3229901151314924e-08
36    2.3037466496786792e-08
37    2.2820618240296928e-08
38    2.2552717052905197e-08
39    2.2308007224172027e-08
40    2.2054919999463503e-08
41    2.1794690445594816e-08
42    2.1528333315315674e-08
43    2.125670055219697e-08
44    2.0980537931047772e-08
45    2.0700575270141347e-08
46    2.0417454706847902e-08
47    2.013178050216822e-08
48    1.9844149796271712e-08
49    1.9555204414121923e-08
50    1.9265564617708573e-08
51    1.8975818626773907e-08
52    1.8686565854478235e-08
53    1.8398429985258234e-08
54    1.8112107407982238e-08
55    1.7828262631285235e-08
56    1.7547542852211944e-08
57    1.727053454278553e-08
58    1.69977763727794e-08
59    1.6729802693984752e-08
60    1.646710783971048e-08
61    1.621129893689611e-08
62    1.5963681328295813e-08
63    1.572166419305928e-08
64    1.5485331608136042e-08
65    1.525475706860148e-08
66    1.5030007398137085e-08
67    1.4811136470892548e-08
68    1.4598207982510043e-08
69    1.4391286187581638e-08
70    1.4190392304523655e-08
71    1.3992930185898917e-08
72    1.3806351068778777e-08
73    1.3625725953527292e-08
74    1.3450909723095925e-08
75    1.3281675588914627e-08
76    1.311780984546407e-08
77    1.2959478212918231e-08
78    1.2806470664649896e-08
79    1.2658630310512884e-08
80    1.2507496777509739e-08
81    1.2370452937248166e-08
82    1.2238734146123747e-08
83    1.2112197991212784e-08
84    1.1990657757008715e-08
85    1.1873897686719754e-08
86    1.1761680793415006e-08
87    1.1653712277709083e-08
88    1.1549663135298473e-08
89    1.144921457545795e-08
90    1.135206773285856e-08
91    1.1257946508998089e-08
92    1.116659612391463e-08
93    1.1077773983108227e-08
94    1.099126362362084e-08
95    1.0906875305518699e-08
96    1.0824415435318205e-08
97    1.0743684396344562e-08
98    1.0664530517060652e-08
99    1.058690596104344e-08
100    1.0510605456613436e-08
101    1.0435449237459312e-08
102    1.036129492201037e-08
103    1.0287992020526864e-08
104    1.0215360704381662e-08
105    1.0143250908505576e-08
106    1.007153533019841e-08
107    1.0000087561601118e-08
108    9.92879846692497e-09
109    9.857567553818785e-09
110    9.78630024590675e-09
111    9.71491006062265e-09
112    9.643319242983903e-09
113    9.571461390971678e-09
114    9.499278284633448e-09
115    9.42671315918839e-09
116    9.353714262173192e-09
117    9.280234996140408e-09
118    9.20623288103169e-09
119    9.131668973527998e-09
120    9.056508551197236e-09
121    8.980728869008093e-09
122    8.904316718714308e-09
123    8.827265610810541e-09
124    8.749575641030348e-09
125    8.671255853490983e-09
126    8.592326488365091e-09
127    8.512814590401423e-09
128    8.432753753694675e-09
129    8.352186477460355e-09
130    8.271159892747371e-09
131    8.189723090993377e-09
132    8.107927654239152e-09
133    8.025830604948094e-09
134    7.943498632010462e-09
135    7.861003223179005e-09
136    7.778416874359137e-09
137    7.695813521551225e-09
138    7.613264082504515e-09
139    7.53083831227695e-09
140    7.445817860568441e-09
141    7.364141253444484e-09
142    7.282815664400323e-09
143    7.2019082806561385e-09
144    7.121480873400925e-09
145    7.041590519564682e-09
146    6.962290069711651e-09
147    6.883635033265893e-09
148    6.805683920541459e-09
149    6.728495577989288e-09
150    6.652127623411882e-09
151    6.5766330791441625e-09
152    6.5020596578799244e-09
153    6.42845045137675e-09
154    6.355848421301365e-09
155    6.284299134838775e-09
156    6.213844151079261e-09
157    6.144521370284192e-09
158    6.07636768508823e-09
159    6.009416252666819e-09
160    5.9436967146121375e-09
161    5.87923566944346e-09
162    5.8160611663322356e-09
163    5.754200805127934e-09
164    5.693676098010908e-09
165    5.6345035960202896e-09
166    5.576694514895294e-09
167    5.520253718188668e-09
168    5.465183834810131e-09
169    5.4114866894540544e-09
170    5.3591704707737344e-09
171    5.308238677180829e-09
172    5.258683785114482e-09
173    5.210494762403919e-09
174    5.163657641749614e-09
175    5.118154092199409e-09
176    5.073964603598298e-09
177    5.0310702720111625e-09
178    4.990924829583837e-09
179    4.950656008312179e-09
180    4.91162593006049e-09
181    4.873808051307384e-09
182    4.83717460326048e-09
183    4.8016934008331765e-09
184    4.767325708585762e-09
185    4.734030634635107e-09
186    4.701766898788827e-09
187    4.67049045554203e-09
188    4.640157400633356e-09
189    4.610725958837969e-09
190    4.582154953168819e-09
191    4.554402991920428e-09
192    4.5274295119538015e-09
193    4.50119135685188e-09
194    4.475643216872411e-09
195    4.450738745555254e-09
196    4.426431475631551e-09
197    4.402675716257014e-09
198    4.379428367997433e-09
199    4.356648547905583e-09
200    4.334296279539767e-09
201    4.312333129511394e-09
202    4.290722866515973e-09
203    4.2694284207150255e-09
204    4.248412689605154e-09
205    4.22763885705322e-09
206    4.20707119290639e-09
207    4.186675616202976e-09
208    4.16641992868011e-09
209    4.146273883320151e-09
210    4.1262098012455734e-09
211    4.106201770558023e-09
212    4.086224827722828e-09
213    4.066254381334244e-09
214    4.0462666772971125e-09
215    4.0262388425843796e-09
216    4.00614937162245e-09
217    3.985978299624375e-09
218    3.965707998768828e-09
219    3.9453237540531144e-09
220    3.92481195940404e-09
221    3.9041596989495586e-09
222    3.883355288295977e-09
223    3.862388593594232e-09
224    3.841251189066146e-09
225    3.819936337659667e-09
226    3.798438225961699e-09
227    3.77675283680479e-09
228    3.754878869556636e-09
229    3.735942009683852e-09
230    3.7138112973342686e-09
231    3.6914844895653485e-09
232    3.668964432780965e-09
233    3.646254263236062e-09
234    3.623359214943752e-09
235    3.6002852722223713e-09
236    3.5770389959954395e-09
237    3.5536279521360856e-09
238    3.530061877247784e-09
239    3.5063549880905893e-09
240    3.482522160763116e-09
241    3.458576915172718e-09
242    3.434532076454939e-09
243    3.4104014977270886e-09
244    3.386200761301315e-09
245    3.361945846784659e-09
246    3.3376522571375106e-09
247    3.3133355813958936e-09
248    3.2890130736166427e-09
249    3.264703433808242e-09
250    3.240424915743634e-09
251    3.2161957732450077e-09
252    3.1920322255905495e-09
253    3.1679494908520113e-09
254    3.1439625426037823e-09
255    3.1200854884262935e-09
256    3.0963347919778466e-09
257    3.0727325909328775e-09
258    3.049300747852558e-09
259    3.0260539467138843e-09
260    3.0030040365024296e-09
261    2.980161754257694e-09
262    2.9575382326775186e-09
263    2.935147148759131e-09
264    2.9130038951704934e-09
265    2.891121521183175e-09
266    2.8695099058819683e-09
267    2.8481790375554255e-09
268    2.8271396470707335e-09
269    2.8064018675371256e-09
270    2.7859745857002164e-09
271    2.765864641553683e-09
272    2.7460773994537226e-09
273    2.7266188507576506e-09
274    2.7074945540167294e-09
275    2.6887088186050766e-09
276    2.6702653928839566e-09
277    2.652167140484982e-09
278    2.6344191612095693e-09
279    2.6170291516018395e-09
280    2.600001602952022e-09
281    2.5833357796642827e-09
282    2.5670301982236404e-09
283    2.5510826922951433e-09
284    2.534339413798296e-09
285    2.519026479574652e-09
286    2.5040514437093323e-09
287    2.48941171858807e-09
288    2.47510527779273e-09
289    2.461129255200355e-09
290    2.4474776531010724e-09
291    2.4341437139395674e-09
292    2.4211202874141985e-09
293    2.4083986964567835e-09
294    2.3959700785606382e-09
295    2.383825488308561e-09
296    2.3719557332611533e-09
297    2.3603530185706934e-09
298    2.349010285983636e-09
299    2.3379201170607823e-09
300    2.327073388398362e-09
301    2.3164591557393383e-09
302    2.306065884991444e-09
303    2.2958841760491643e-09
304    2.28590501723117e-09
305    2.276117299981903e-09
306    2.2665081848318134e-09
307    2.2570650195438956e-09
308    2.2477776880333203e-09
309    2.2386362315366398e-09
310    2.2296281544022942e-09
311    2.220739358148394e-09
312    2.2119551118045795e-09
313    2.2032620133953524e-09
314    2.1946519849587193e-09
315    2.1861284102730675e-09
316    2.1776968278302207e-09
317    2.1693550746196373e-09
318    2.1610889135083397e-09
319    2.1528817160364676e-09
320    2.1447188582287725e-09
321    2.1366240375752687e-09
322    2.1285873856236605e-09
323    2.1205774877266028e-09
324    2.1125857847785677e-09
325    2.1046036134111527e-09
326    2.0966219823150385e-09
327    2.0939227952312515e-09
328    2.0858134454401372e-09
329    2.077678514854528e-09
330    2.069530880263464e-09
331    2.06138237416549e-09
332    2.0532319422184975e-09
333    2.0450701911190216e-09
334    2.036885272925261e-09
335    2.0286617642525565e-09
336    2.020386815577698e-09
337    2.0120537343778866e-09
338    2.003657331907438e-09
339    1.995192559021599e-09
340    1.986654020089066e-09
341    1.9780336023272002e-09
342    1.96932095693238e-09
343    1.9605103409857356e-09
344    1.9516258608738716e-09
345    1.9427104419316372e-09
346    1.9337970618303193e-09
347    1.924879809133397e-09
348    1.9159373151187038e-09
349    1.9069486591403597e-09
350    1.8978963400400335e-09
351    1.8887869266208868e-09
352    1.8796484060450286e-09
353    1.870506796780292e-09
354    1.8613649590598845e-09
355    1.852219373836518e-09
356    1.8430658196793003e-09
357    1.833898968310103e-09
358    1.8247155764922236e-09
359    1.8155206916975669e-09
360    1.8063212323950447e-09
361    1.7971239550499611e-09
362    1.7879349642998916e-09
363    1.7787597720733648e-09
364    1.7696026211485168e-09
365    1.7604674757956473e-09
366    1.7513590152575647e-09
367    1.7422825500173324e-09
368    1.7332428206655415e-09
369    1.7242442418174348e-09
370    1.715290992166932e-09
371    1.7063869146062388e-09
372    1.697535476758702e-09
373    1.6887402801117477e-09
374    1.6800054022835058e-09
375    1.6713348962441727e-09
376    1.6627329452030057e-09
377    1.6542037241707069e-09
378    1.6457509651330972e-09
379    1.6373779701149788e-09
380    1.6290879142323734e-09
381    1.6208837508835683e-09
382    1.6127678007508477e-09
383    1.6047420152007625e-09
384    1.5968079929708317e-09
385    1.5889670262521767e-09
386    1.5812202401025314e-09
387    1.5735686994426676e-09
388    1.566013364796131e-09
389    1.5572892079327413e-09
390    1.549877984414105e-09
391    1.5425664850111818e-09
392    1.5353555630031642e-09
393    1.5282455746891302e-09
394    1.5212366209145407e-09
395    1.5143287875779782e-09
396    1.5075221953263616e-09
397    1.5008169312363285e-09
398    1.4942128878357438e-09
399    1.4877098377225316e-09
400    1.4813072753045417e-09
401    1.4750046157210777e-09
402    1.4688012821259502e-09
403    1.4626967366238043e-09
404    1.4566904646231698e-09
405    1.4507818169997697e-09
406    1.44496950205473e-09
407    1.4392517438368813e-09
408    1.433626489140356e-09
409    1.4280910268545347e-09
410    1.4226424453367715e-09
411    1.417277873970436e-09
412    1.4119945657682278e-09
413    1.4067900223646754e-09
414    1.401661839982916e-09
415    1.3966075987097797e-09
416    1.3916246651391626e-09
417    1.3867104043842342e-09
418    1.3818622574814782e-09
419    1.377077784795686e-09
420    1.372354698915497e-09
421    1.3676907276982816e-09
422    1.3630831105864725e-09
423    1.3585287253863116e-09
424    1.354024485761596e-09
425    1.349567178149872e-09
426    1.3451533730617515e-09
427    1.340779725518079e-09
428    1.3364429832767358e-09
429    1.3321401663572726e-09
430    1.327868591524574e-09
431    1.323625678907204e-09
432    1.319408896950293e-09
433    1.3152157575349082e-09
434    1.3110438275575552e-09
435    1.3068907358861037e-09
436    1.3027542057128997e-09
437    1.2986321010651964e-09
438    1.2945223734919134e-09
439    1.2904230386826866e-09
440    1.2863322248102594e-09
441    1.2822481947106213e-09
442    1.2785630399233113e-09
443    1.2744109560815897e-09
444    1.2702618160080952e-09
445    1.2661142292731056e-09
446    1.2619668793465444e-09
447    1.2578185958376785e-09
448    1.2536683028986685e-09
449    1.2495151880336983e-09
450    1.245358675275075e-09
451    1.2411986084465788e-09
452    1.237034970216907e-09
453    1.2328677509337403e-09
454    1.228696950839828e-09
455    1.2245225713060027e-09
456    1.2203446145831189e-09
457    1.216163084094813e-09
458    1.211977984365532e-09
459    1.2077893505901303e-09
460    1.2035973927814515e-09
461    1.1994023966708856e-09
462    1.1952046526950692e-09
463    1.1910044468890863e-09
464    1.1868019448051631e-09
465    1.1825971264734636e-09
466    1.1783899831717267e-09
467    1.1741806083931483e-09
468    1.1699693297165994e-09
469    1.1657570428280269e-09
470    1.1615448483637677e-09
471    1.1573338208291371e-09
472    1.1531250051590305e-09
473    1.1489194215503436e-09
474    1.1447180661103995e-09
475    1.1405219111924232e-09
476    1.1363319057074653e-09
477    1.1321489797515994e-09
478    1.1279742459539743e-09
479    1.123808968362076e-09
480    1.1196543919718587e-09
481    1.1155117314051115e-09
482    1.1113821494176994e-09
483    1.1072666358959338e-09
484    1.1031660904190546e-09
485    1.0999516639941192e-09
486    1.0958655028311107e-09
487    1.0917970777533608e-09
488    1.0877475163831565e-09
489    1.0837179144998944e-09
490    1.0797093263408058e-09
491    1.0757227396519374e-09
492    1.0717590918869964e-09
493    1.0678193667496575e-09
494    1.0639046391614663e-09
495    1.0600159171514328e-09
496    1.0561541050309824e-09
497    1.0523199693702581e-09
498    1.0485142859112005e-09
499    1.044737802483442e-09
500    1.0409912273200817e-09
501    1.0372752496341524e-09
502    1.0335904885901028e-09
503    1.0299374768758813e-09
504    1.0263167119448222e-09
505    1.022728614206721e-09
506    1.019173497739881e-09
507    1.0156516551904024e-09
508    1.0121633677797985e-09
509    1.0087089167782062e-09
510    1.0052885872735348e-09
511    1.0019026418741748e-09
512    9.985513024605172e-10
513    9.9523458356081e-10
514    9.919522913489677e-10
515    9.887041495200479e-10
516    9.854898060815357e-10
517    9.823086955861972e-10
518    9.791601618075801e-10
519    9.760435622283907e-10
520    9.729582556360929e-10
521    9.69903640683423e-10
522    9.668792338584687e-10
523    9.638845696276755e-10
524    9.609191866182722e-10
525    9.579825963293466e-10
526    9.55074234706459e-10
527    9.521935345978644e-10
528    9.493399388275518e-10
529    9.46512903732197e-10
530    9.437119118367914e-10
531    9.409364924238372e-10
532    9.38186199363944e-10
533    9.354605132256789e-10
534    9.327587495439007e-10
535    9.300801495956398e-10
536    9.274239514023434e-10
537    9.247893449998135e-10
538    9.22175405660289e-10
539    9.195811991446348e-10
540    9.17005827479838e-10
541    9.144484222300837e-10
542    9.119081438037621e-10
543    9.09384230716209e-10
544    9.068759889789417e-10
545    9.043827465783888e-10
546    9.019038316889924e-10
547    8.994385586350467e-10
548    8.969862516452544e-10
549    8.945462466539808e-10
550    8.921178906570567e-10
551    8.897005378029086e-10
552    8.872935670066487e-10
553    8.848963819159896e-10
554    8.825083809867544e-10
555    8.801289152892904e-10
556    8.777573484590536e-10
557    8.753931032741958e-10
558    8.730356800970187e-10
559    8.706846695068938e-10
560    8.683396550200635e-10
561    8.660002267454697e-10
562    8.63665992790214e-10
563    8.613365688751832e-10
564    8.590115537172576e-10
565    8.566905579211057e-10
566    8.543732177090915e-10
567    8.5205917970123e-10
568    8.49748150143103e-10
569    8.474399032263499e-10
570    8.451342218591442e-10
571    8.428308935817429e-10
572    8.405297079721481e-10
573    8.382304470395122e-10
574    8.359328862284128e-10
575    8.33636799144687e-10
576    8.313419988077305e-10
577    8.290484584061004e-10
578    8.267562774421352e-10
579    8.244655981145554e-10
580    8.221765791951957e-10
581    8.198894778430305e-10
582    8.176046563294425e-10
583    8.153224802551987e-10
584    8.130432969512633e-10
585    8.107674425191248e-10
586    8.084952322937605e-10
587    8.062269181966623e-10
588    8.039627231935484e-10
589    8.017028617211706e-10
590    7.994475474296175e-10
591    7.97197028173862e-10
592    7.949515641100672e-10
593    7.927114105738195e-10
594    7.904768182505404e-10
595    7.882480327686851e-10
596    7.860252938970339e-10
597    7.838088199621881e-10
598    7.815988138745184e-10
599    7.793954906133381e-10
