989.282867057 0.03927
3805.0564753 0.07854
8149.84096396 0.11781
14319.1801208 0.15708
22221.9948993 0.19635
31892.6575384 0.235619
43240.1741557 0.274889
56405.4230829 0.314159
71254.1023701 0.353429
87822.1815869 0.392699
106192.544855 0.431969
126285.533857 0.471239
148123.63166 0.510509
171711.181892 0.549779
197033.102576 0.589049
224097.861089 0.628319
252947.386756 0.667588
283542.159724 0.706858
315844.542526 0.746128
349938.553228 0.785398
385717.895106 0.824668
423254.092203 0.863938
462554.213052 0.903208
503603.484813 0.942478
546402.697077 0.981748
590946.209503 1.021018
637231.575813 1.060288
685236.640898 1.099557
735030.992757 1.138827
786559.703596 1.178097
839813.326035 1.217367
894848.719152 1.256637
951594.223875 1.295907
1010083.66143 1.335177
1070349.74438 1.374447
1132345.9728 1.413717
1196079.8972 1.452987
1261584.67897 1.492257
1328815.1173 1.531526
1397803.53404 1.570796
1468537.60982 1.610066
1541004.97001 1.649336
1615224.45771 1.688606
1691202.23911 1.727876
1768893.7615 1.767146
1848374.96402 1.806416
1929557.66679 1.845686
2012523.45005 1.884956
2097196.40707 1.924226
2183653.06369 1.963495
2271852.72231 2.002765
2361792.02383 2.042035
2453473.51725 2.081305
2546879.90899 2.120575
2642067.78799 2.159845
2738995.97552 2.199115
2837643.10928 2.238385
2938059.4994 2.277655
3040238.73461 2.316925
3144133.66532 2.356195
3249778.50376 2.395464
3357158.39376 2.434734
3466325.22789 2.474004
3577204.72905 2.513274
3689827.8295 2.552544
3804201.36662 2.591814
3920347.03399 2.631084
4038225.37329 2.670354
4157829.41682 2.709624
4279194.77155 2.748894
4402299.05155 2.788164
4527155.70251 2.827433
4653750.60233 2.866703
4782115.20008 2.905973
4912204.81252 2.945243
5044048.45424 2.984513
5177644.56262 3.023783
5312967.41091 3.063053
5450041.42675 3.102323
5588875.34407 3.141593
5729439.8255 3.180863
5871765.08942 3.220133
6015811.57642 3.259402
6161641.59197 3.298672
6309183.32751 3.337942
6458484.87661 3.377212
6609530.90531 3.416482
6762322.34536 3.455752
6916879.38309 3.495022
7073159.13022 3.534292
7231184.41038 3.573562
7390972.65024 3.612832
7552484.50499 3.652102
7715748.94702 3.691371
7880774.96835 3.730641
8047531.1446 3.769911
8216043.03389 3.809181
8386292.02946 3.848451
8558290.09816 3.887721
8732058.18338 3.926991
8907533.29064 3.966261
9084772.18794 4.005531
9263764.99234 4.044801
9444495.33591 4.084071
9626965.22664 4.12334
9811177.27385 4.16261
9997157.03003 4.20188
10184867.8029 4.24115
10374329.1267 4.28042
10565547.1945 4.31969
10758502.2481 4.35896
10953191.0852 4.39823
11149636.2319 4.4375
11347830.6484 4.47677
11547785.9971 4.51604
11749458.4764 4.555309
11952883.7059 4.594579
12158063.0741 4.633849
12364981.7841 4.673119
12573656.0848 4.712389
12784066.6035 4.751659
12996230.9811 4.790929
13210128.6333 4.830199
13425775.4318 4.869469
13643188.2838 4.908739
13862329.9588 4.948009
14083213.4507 4.987278
14305856.006 5.026548
14530241.3799 5.065818
14756371.1322 5.105088
14984246.7749 5.144358
15213863.9269 5.183628
15445228.4947 5.222898
15678333.2484 5.262168
15913208.3355 5.301438
16149799.3048 5.340708
16388170.1999 5.379978
16628249.8282 5.419247
16870098.2898 5.458517
17113688.462 5.497787
17359031.386 5.537057
17606117.4088 5.576327
17854938.4963 5.615597
18105521.6789 5.654867
18357855.9789 5.694137
18611913.5377 5.733407
18867715.824 5.772677
19125287.6377 5.811947
19384589.5056 5.851216
19645638.6799 5.890486
19908438.91 5.929756
20172976.1333 5.969026
20439274.491 6.008296
20707321.1596 6.047566
20977092.4423 6.086836
21248639.467 6.126106
21521894.0679 6.165376
21796924.1474 6.204646
22073684.2471 6.243916
22352171.1724 6.283185
22632454.4656 6.322455
22914452.4062 6.361725
23198212.9263 6.400995
23483712.1916 6.440265
23770959.6916 6.479535
24059949.5751 6.518805
24350676.1311 6.558075
24643163.6484 6.597345
24937395.8775 6.636615
25233368.3022 6.675885
25531058.7533 6.715154
25830542.2087 6.754424
26131771.3883 6.793694
26434719.6825 6.832964
26739422.8386 6.872234
27045875.2249 6.911504
27354071.3372 6.950774
27664017.7196 6.990044
27975704.5998 7.029314
28289142.7911 7.068584
28604330.0746 7.107854
28921229.6822 7.147123
29239927.7678 7.186393
29560350.5403 7.225663
29882516.0785 7.264933
30206428.5856 7.304203
30532080.8242 7.343473
30859488.2916 7.382743
31188643.696 7.422013
31519541.93 7.461283
31852188.0961 7.500553
32186578.1453 7.539823
32522704.5306 7.579092
32860600.3023 7.618362
33200219.0932 7.657632
33541587.8382 7.696902
33884728.0276 7.736172
34229579.8286 7.775442
34576190.305 7.814712
34924551.5493 7.853982
35274659.6515 7.893252
35626512.6896 7.932522
35980114.4828 7.971792
36335459.7052 8.011061
36692549.4155 8.050331
37051380.363 8.089601
37411958.2112 8.128871
37774291.2976 8.168141
38138367.4884 8.207411
38504192.3392 8.246681
38871761.2408 8.285951
39241074.222 8.325221
39612137.6525 8.364491
39984950.5694 8.403761
40359471.0557 8.44303
40735786.4825 8.4823
41113826.3228 8.52157
41493616.5445 8.56084
41875158.8509 8.60011
42258432.1095 8.63938
42643469.7052 8.67865
43030246.1841 8.71792
43418779.8147 8.75719
43809038.575 8.79646
44201054.4765 8.83573
44594804.5166 8.874999
44990307.9225 8.914269
45387560.6505 8.953539
45786568.5566 8.992809
46187305.514 9.032079
46589798.4747 9.071349
46994015.7044 9.110619
47400024.5659 9.149889
47807745.3103 9.189159
48217247.3488 9.228429
48628466.4574 9.267699
49041416.0775 9.306968
49456127.8432 9.346238
49872595.2284 9.385508
50290815.7018 9.424778
50710778.7674 9.464048
51132468.521 9.503318
51555922.5244 9.542588
51981108.1298 9.581858
52408048.3553 9.621128
52836727.4085 9.660398
53267164.1272 9.699668
53699327.1146 9.738937
54133259.4089 9.778207
54568930.5849 9.817477
55006356.1041 9.856747
55445522.0851 9.896017
55886424.0183 9.935287
56329080.2562 9.974557
56773490.7021 10.013827
