3181.48840631 0.03927
11481.7921708 0.07854
22465.6698669 0.11781
38633.7730059 0.15708
59143.6470935 0.19635
84307.9750001 0.235619
113416.001771 0.274889
147533.087345 0.314159
185647.540715 0.353429
228027.681305 0.392699
275395.310056 0.431969
327012.462707 0.471239
383103.217181 0.510509
443688.198145 0.549779
508689.380746 0.589049
578134.289884 0.628319
652379.265651 0.667588
731019.508502 0.706858
813951.277916 0.746128
901672.481978 0.785398
993412.033455 0.824668
1089690.64932 0.863938
1190633.84465 0.903208
1296058.54729 0.942478
1405887.41419 0.981748
1520337.13712 1.021018
1639219.40245 1.060288
1762319.70741 1.099557
1890256.42562 1.138827
2022580.27463 1.178097
2159236.0257 1.217367
2300662.07785 1.256637
2446259.26819 1.295907
2596357.09308 1.335177
2751106.49345 1.374447
2910242.10012 1.413717
3073871.54552 1.452987
3242042.46672 1.492257
3414619.30424 1.531526
3591765.08937 1.570796
3773324.02113 1.610066
3959340.07116 1.649336
4149805.33531 1.688606
4344936.78491 1.727876
4544356.76885 1.767146
4748412.84397 1.806416
4956771.5815 1.845686
5169786.5776 1.884956
5387010.97577 1.924226
5608997.81911 1.963495
5835390.97362 2.002765
6066292.21132 2.042035
6301645.71145 2.081305
6541289.43927 2.120575
6785738.1433 2.159845
7034552.49541 2.199115
7287727.74219 2.238385
7545518.07585 2.277655
7807874.87679 2.316925
8074567.83729 2.356195
8345738.59099 2.395464
8621172.06968 2.434734
8901573.37369 2.474004
9186171.60871 2.513274
9475239.09426 2.552544
9768760.78933 2.591814
10066845.2238 2.631084
10369555.2611 2.670354
10676399.2033 2.709624
10987964.3184 2.748894
11303948.1517 2.788164
11624476.3558 2.827433
11949308.9624 2.866703
12278872.9686 2.905973
12612793.9712 2.945243
12951174.189 2.984513
13294121.2046 3.023783
13641455.2112 3.063053
13993273.4068 3.102323
14349619.3285 3.141593
14710417.6728 3.180863
15075767.2052 3.220133
15445477.6698 3.259402
15819828.676 3.298672
16198481.6349 3.337942
16581691.2696 3.377212
16969296.723 3.416482
17361520.3797 3.455752
17758249.0978 3.495022
18159393.029 3.534292
18565022.0755 3.573562
18975127.1631 3.612832
19389595.7647 3.652102
19808689.7706 3.691371
20232347.7414 3.730641
20660368.4477 3.769911
21092734.3582 3.809181
21529722.1958 3.848451
21971194.8506 3.887721
22417166.5857 3.926991
22867618.5486 3.966261
23322528.5972 4.005531
23782013.0988 4.044801
24245915.2445 4.084071
24714162.2398 4.12334
25186903.5578 4.16261
25664332.766 4.20188
26146004.6193 4.24115
26632346.0528 4.28042
27123120.2892 4.31969
27618458.2063 4.35896
28118078.7225 4.39823
28622281.6779 4.4375
29130974.2765 4.47677
29644240.2654 4.51604
30161890.4251 4.555309
30683942.7078 4.594579
31210694.545 4.633849
31741769.1818 4.673119
32277343.5117 4.712389
32817384.8016 4.751659
33361964.1301 4.790929
33910934.7639 4.830199
34464351.8947 4.869469
35022459.6311 4.908739
35584886.0544 4.948009
36151855.1066 4.987278
36723364.9651 5.026548
37299161.2686 5.065818
37879596.233 5.105088
38464368.223 5.144358
39053791.8355 5.183628
39647554.2294 5.222898
40245873.2621 5.262168
40848701.5869 5.301438
41455947.9238 5.340708
42067703.638 5.379978
42683982.1449 5.419247
43304784.0052 5.458517
43929872.8592 5.497787
44559631.7248 5.537057
45193810.611 5.576327
45832410.7931 5.615597
46475576.2035 5.654867
47123234.2414 5.694137
47775272.0736 5.733407
48431929.3885 5.772677
49092911.8197 5.811947
49758550.2643 5.851216
50428573.3936 5.890486
51103007.3922 5.929756
51782096.9688 5.969026
52465516.3795 6.008296
53153415.3347 6.047566
53845899.9116 6.086836
54542796.8638 6.126106
55244212.2005 6.165376
55950119.1987 6.204646
56660388.4225 6.243916
57375273.5314 6.283185
58094642.1468 6.322455
58818463.7321 6.361725
59546764.0117 6.400995
60279480.3786 6.440265
61016813.2604 6.479535
61758549.7761 6.518805
62504703.616 6.558075
63255434.9142 6.597345
64010620.3707 6.636615
64770284.6298 6.675885
65534396.2023 6.715154
66303006.1806 6.754424
67076225.8522 6.793694
67853852.2415 6.832964
68635780.9444 6.872234
69422376.9238 6.911504
70213381.6237 6.950774
71009004.045 6.990044
71808897.5181 7.029314
72613408.0007 7.068584
73422397.0076 7.107854
74235776.0735 7.147123
75053677.584 7.186393
75876214.5549 7.225663
76703051.272 7.264933
77534533.1176 7.304203
78370360.7775 7.343473
79210601.9835 7.382743
80055431.7523 7.422013
80904805.1242 7.461283
81758559.7435 7.500553
82616814.887 7.539823
83479548.2302 7.579092
84346750.4371 7.618362
85218431.7364 7.657632
86094738.9237 7.696902
86975409.032 7.736172
87860599.5118 7.775442
88750340.7433 7.814712
89644395.3787 7.853982
90542888.5894 7.893252
91446126.1668 7.932522
92353527.2604 7.971792
93265617.1732 8.011061
94182168.3245 8.050331
95103138.2282 8.089601
96028537.7101 8.128871
96958703.3853 8.168141
97893119.9223 8.207411
98832054.7911 8.246681
99775517.1963 8.285951
100723390.169 8.325221
101675780.813 8.364491
102632727.02 8.403761
103593973.847 8.44303
104559933.887 8.4823
105530172.683 8.52157
106504956.932 8.56084
107484370.191 8.60011
108468139.583 8.63938
109456322.585 8.67865
110449160.755 8.71792
111446264.75 8.75719
112448086.93 8.79646
113454185.779 8.83573
114464801.889 8.874999
115480058.305 8.914269
116499711.306 8.953539
117523860.694 8.992809
118552390.128 9.032079
119585514.4 9.071349
120622948.617 9.110619
121665021.275 9.149889
122711589.855 9.189159
123762531.751 9.228429
124818013.758 9.267699
125877930.057 9.306968
126942472.992 9.346238
128011356.225 9.385508
129084761.305 9.424778
130162662.143 9.464048
131245058.553 9.503318
132331975.722 9.542588
133423303.682 9.581858
134518992.97 9.621128
135619312.33 9.660398
136724143.485 9.699668
137833316.915 9.738937
138947129.731 9.778207
140065272.742 9.817477
141188124.318 9.856747
142315274.055 9.896017
143446975.89 9.935287
144583261.34 9.974557
145723839.109 10.013827
