1.899e+02 0.039270
1.031e+03 0.078540
1.464e+03 0.117810
2.309e+03 0.157080
3.318e+03 0.196350
4.656e+03 0.235619
5.420e+03 0.274889
7.192e+03 0.314159
8.225e+03 0.353429
8.871e+03 0.392699
1.040e+04 0.431969
1.168e+04 0.471239
1.307e+04 0.510509
1.441e+04 0.549779
1.557e+04 0.589049
1.680e+04 0.628319
1.897e+04 0.667588
2.152e+04 0.706858
2.262e+04 0.746128
2.537e+04 0.785398
2.625e+04 0.824668
2.738e+04 0.863938
2.919e+04 0.903208
3.115e+04 0.942478
3.372e+04 0.981748
3.583e+04 1.021018
3.777e+04 1.060288
3.881e+04 1.099557
4.216e+04 1.138827
4.468e+04 1.178097
4.598e+04 1.217367
4.935e+04 1.256637
5.092e+04 1.295907
5.233e+04 1.335177
5.578e+04 1.374447
5.813e+04 1.413717
5.983e+04 1.452987
6.366e+04 1.492257
6.586e+04 1.531526
6.886e+04 1.570796
7.210e+04 1.610066
7.453e+04 1.649336
7.733e+04 1.688606
8.085e+04 1.727876
8.188e+04 1.767146
8.711e+04 1.806416
8.786e+04 1.845686
9.216e+04 1.884956
9.364e+04 1.924226
9.801e+04 1.963495
1.023e+05 2.002765
1.057e+05 2.042035
1.094e+05 2.081305
1.111e+05 2.120575
1.153e+05 2.159845
1.194e+05 2.199115
1.209e+05 2.238385
1.250e+05 2.277655
1.311e+05 2.316925
1.340e+05 2.356195
1.373e+05 2.395464
1.397e+05 2.434734
1.458e+05 2.474004
1.486e+05 2.513274
1.516e+05 2.552544
1.545e+05 2.591814
1.608e+05 2.631084
1.651e+05 2.670354
1.683e+05 2.709624
1.719e+05 2.748894
1.754e+05 2.788164
1.807e+05 2.827433
1.832e+05 2.866703
1.890e+05 2.905973
1.938e+05 2.945243
1.982e+05 2.984513
2.039e+05 3.023783
2.062e+05 3.063053
2.102e+05 3.102323
2.166e+05 3.141593
2.207e+05 3.180863
2.251e+05 3.220133
2.273e+05 3.259402
2.360e+05 3.298672
2.391e+05 3.337942
2.434e+05 3.377212
2.495e+05 3.416482
2.537e+05 3.455752
2.608e+05 3.495022
2.653e+05 3.534292
2.690e+05 3.573562
2.751e+05 3.612832
2.802e+05 3.652102
2.842e+05 3.691371
2.908e+05 3.730641
2.951e+05 3.769911
3.021e+05 3.809181
3.057e+05 3.848451
3.117e+05 3.887721
3.208e+05 3.926991
3.225e+05 3.966261
3.271e+05 4.005531
3.351e+05 4.044801
3.399e+05 4.084071
3.461e+05 4.123340
3.495e+05 4.162610
3.572e+05 4.201880
3.641e+05 4.241150
3.689e+05 4.280420
3.766e+05 4.319690
3.830e+05 4.358960
3.874e+05 4.398230
3.929e+05 4.437500
4.002e+05 4.476770
4.079e+05 4.516040
4.143e+05 4.555309
4.186e+05 4.594579
4.260e+05 4.633849
4.323e+05 4.673119
4.392e+05 4.712389
4.453e+05 4.751659
4.520e+05 4.790929
4.581e+05 4.830199
4.626e+05 4.869469
4.726e+05 4.908739
4.808e+05 4.948009
4.858e+05 4.987278
4.939e+05 5.026548
4.993e+05 5.065818
5.075e+05 5.105088
5.145e+05 5.144358
5.222e+05 5.183628
5.271e+05 5.222898
5.339e+05 5.262168
5.450e+05 5.301438
5.501e+05 5.340708
5.613e+05 5.379978
5.644e+05 5.419247
5.728e+05 5.458517
5.809e+05 5.497787
5.892e+05 5.537057
5.980e+05 5.576327
6.069e+05 5.615597
6.144e+05 5.654867
6.237e+05 5.694137
6.319e+05 5.733407
6.366e+05 5.772677
6.462e+05 5.811947
6.544e+05 5.851216
6.615e+05 5.890486
6.714e+05 5.929756
6.773e+05 5.969026
6.877e+05 6.008296
6.954e+05 6.047566
7.047e+05 6.086836
7.184e+05 6.126106
7.215e+05 6.165376
7.292e+05 6.204646
7.392e+05 6.243916
7.435e+05 6.283185
7.578e+05 6.322455
7.671e+05 6.361725
7.793e+05 6.400995
7.849e+05 6.440265
7.963e+05 6.479535
8.054e+05 6.518805
8.129e+05 6.558075
8.217e+05 6.597345
8.302e+05 6.636615
8.418e+05 6.675885
8.486e+05 6.715154
8.584e+05 6.754424
8.702e+05 6.793694
8.796e+05 6.832964
8.907e+05 6.872234
9.002e+05 6.911504
9.111e+05 6.950774
9.191e+05 6.990044
9.285e+05 7.029314
9.381e+05 7.068584
9.505e+05 7.107854
9.579e+05 7.147123
9.738e+05 7.186393
9.841e+05 7.225663
9.972e+05 7.264933
1.004e+06 7.304203
1.013e+06 7.343473
1.023e+06 7.382743
1.037e+06 7.422013
1.049e+06 7.461283
1.061e+06 7.500553
1.070e+06 7.539823
1.087e+06 7.579092
1.097e+06 7.618362
1.105e+06 7.657632
1.118e+06 7.696902
1.134e+06 7.736172
1.138e+06 7.775442
1.154e+06 7.814712
1.165e+06 7.853982
1.179e+06 7.893252
1.191e+06 7.932522
1.204e+06 7.971792
1.218e+06 8.011061
1.228e+06 8.050331
1.243e+06 8.089601
1.257e+06 8.128871
1.270e+06 8.168141
1.286e+06 8.207411
1.297e+06 8.246681
1.313e+06 8.285951
1.326e+06 8.325221
1.339e+06 8.364491
1.353e+06 8.403761
1.362e+06 8.443030
1.374e+06 8.482300
1.389e+06 8.521570
1.401e+06 8.560840
1.422e+06 8.600110
1.436e+06 8.639380
1.449e+06 8.678650
1.463e+06 8.717920
1.480e+06 8.757190
1.491e+06 8.796460
1.508e+06 8.835730
1.525e+06 8.874999
1.542e+06 8.914269
1.554e+06 8.953539
1.572e+06 8.992809
1.587e+06 9.032079
1.598e+06 9.071349
1.613e+06 9.110619
1.632e+06 9.149889
1.648e+06 9.189159
1.673e+06 9.228429
1.685e+06 9.267699
1.700e+06 9.306968
1.717e+06 9.346238
1.737e+06 9.385508
1.754e+06 9.424778
1.771e+06 9.464048
1.786e+06 9.503318
1.807e+06 9.542588
1.821e+06 9.581858
1.841e+06 9.621128
1.861e+06 9.660398
1.880e+06 9.699668
1.896e+06 9.738937
1.916e+06 9.778207
1.939e+06 9.817477
1.960e+06 9.856747
1.977e+06 9.896017
1.996e+06 9.935287
2.018e+06 9.974557
2.034e+06 10.013827
