3024793.545962255  0.03927
3210063.3110493384  0.043197
3361337.943828123  0.047124
3463486.6227962566  0.051051
3524008.0260910965  0.054978
3552738.3074607505  0.058905
3564703.1082825447  0.062832
3576822.5150179686  0.066759
3602134.7496456075  0.070686
3649325.3401432126  0.074613
3720700.3167881514  0.07854
3772549.907689011  0.082467
3829650.0335035454  0.086394
3878149.6749017825  0.090321
3901073.5799334515  0.094248
3879529.1703028725  0.098175
3797666.3427647026  0.102102
3646249.7498393524  0.106029
3428417.9396511107  0.109956
3154863.2648730995  0.113883
2839646.5518963397  0.11781
2829832.311104002  0.121737
2819242.163665345  0.125664
2815314.888159769  0.129591
2823088.222691234  0.133518
2844958.88008601  0.13744499999999998
2880263.2179913763  0.141372
2925619.213764337  0.145299
2975624.852179196  0.149226
3023015.5850700806  0.15315299999999998
3059447.059303159  0.15708
3137069.6702602603  0.161007
3193996.4136042586  0.164934
3226931.5794680375  0.168861
3236014.8823853116  0.172788
3224734.6018477012  0.17671499999999998
3199110.5189406723  0.180642
3165284.479162862  0.184569
3129263.2511965404  0.188496
3096266.0519571565  0.19242299999999998
3069854.151469715  0.19635
3114676.9857270103  0.200277
3171222.985304724  0.204204
3237583.9253832293  0.20813099999999998
3310347.1624182705  0.212058
3385105.5406448906  0.215985
3457177.8625813024  0.219912
3520938.8040970303  0.22383899999999998
3573269.1689337683  0.227766
3610514.812431617  0.231693
3633236.1961794547  0.23562
3629039.942914891  0.23954699999999998
3613332.078456691  0.243474
3589671.763472183  0.247401
3562036.158680487  0.251328
3534363.672468889  0.255255
3509218.403232045  0.259182
3487761.307637278  0.26310900000000004
3469697.7698195316  0.267036
3453612.3922168068  0.27096299999999995
3437448.5165176643  0.27488999999999997
3504246.7912989557  0.278817
3571457.6401285445  0.282744
3636405.0528302933  0.286671
3696501.9765142854  0.290598
3749852.9879365773  0.29452500000000004
3795683.1330471663  0.29845200000000005
3834283.8070114637  0.30237899999999995
3866574.729985994  0.30630599999999997
3894348.9590177587  0.310233
3919440.8471891643  0.31416
3919918.2989299893  0.318087
3920260.552279048  0.322014
3921820.3679878516  0.32594100000000004
3925233.349525657  0.32986800000000005
3930197.464892016  0.33379499999999995
3935911.735796904  0.33772199999999997
3941025.886057433  0.341649
3944218.687158854  0.345576
3944256.864878649  0.349503
3939322.3507784386  0.35343
3941457.570997097  0.35735700000000004
3937664.485176676  0.36128400000000005
3927853.08628004  0.36521099999999995
3912461.561469379  0.36913799999999997
3891772.6941922414  0.373065
3866975.4812450926  0.376992
3838501.1138947657  0.380919
3807368.937382246  0.384846
3774026.904646093  0.38877300000000004
3739014.871724744  0.39270000000000005
3773047.734714684  0.39662699999999995
3808175.964242829  0.40055399999999997
3844041.1674845954  0.404481
3879953.532335797  0.408408
3915576.7979494617  0.412335
3950121.8345086407  0.416262
3983304.6898714416  0.42018900000000003
4014899.030587516  0.42411600000000005
4044003.3767346535  0.42804299999999995
4070865.862228324  0.43196999999999997
4086411.3224498974  0.435897
4099490.380664774  0.439824
4110743.3559560315  0.443751
4120589.285023551  0.447678
4129185.102691787  0.45160500000000003
4136563.816407506  0.45553200000000005
4143102.050098267  0.45945899999999995
4148927.1657147356  0.46338599999999996
4154081.9051443483  0.467313
4158236.9277464557  0.47124
4175528.336130719  0.475167
4191758.8694720096  0.479094
4206673.760541945  0.48302100000000003
4220108.1225596545  0.48694800000000005
4231802.428833628  0.49087499999999995
4241675.335176992  0.49480199999999996
4249710.477611114  0.498729
4255860.403937955  0.502656
4260204.933439618  0.506583
4262908.51653841  0.51051
4278351.927655499  0.514437
4292897.059399389  0.518364
4306530.652807017  0.522291
4319302.886238678  0.526218
4331255.923894133  0.530145
4342420.2767862035  0.534072
4352764.745738631  0.537999
4362184.974330023  0.541926
4370516.698989778  0.545853
4377593.792485558  0.54978
4388909.038242073  0.5537070000000001
4398987.6772214705  0.5576340000000001
4407820.750611756  0.561561
4415380.152021183  0.565488
4421614.054491939  0.569415
4426495.391874901  0.573342
4430060.656749682  0.577269
4432394.247969008  0.581196
4433575.594662798  0.5851230000000001
4433629.399169933  0.58905
4440637.888634095  0.592977
4446675.567793101  0.596904
4451727.405148821  0.600831
4455800.44029541  0.604758
4458896.734470944  0.608685
4460970.562753794  0.612612
4461923.504787498  0.6165390000000001
4461613.709343999  0.6204660000000001
4459983.3102807235  0.624393
4457126.2634946285  0.62832
4491828.068459225  0.632247
4526282.1528841965  0.636174
4560482.685909903  0.640101
4594424.00870334  0.644028
4628102.283748947  0.6479550000000001
4661522.945051124  0.651882
4694700.847340091  0.655809
4727508.498247326  0.659736
4760109.0507487375  0.663663
4792496.568148011  0.66759
4819746.346259427  0.671517
4846656.771126837  0.675444
4873223.257839684  0.6793710000000001
4899329.810158516  0.6832980000000001
4924938.161133245  0.687225
4950179.973253943  0.691152
4975051.078731156  0.695079
4999547.365573497  0.699006
5023664.769356317  0.702933
5047126.459458429  0.70686
5057731.619733232  0.7107870000000001
5067644.621738415  0.714714
5076858.294127423  0.718641
5085365.4143082425  0.722568
5092828.488256935  0.726495
5099553.73190828  0.730422
5105544.47617329  0.734349
5110793.532527689  0.738276
5115108.729471979  0.7422030000000001
5118493.758549326  0.7461300000000001
5156840.099654559  0.750057
5195212.091462282  0.753984
5233468.9274555035  0.757911
5271481.839550914  0.761838
5309517.261834945  0.765765
5347577.678733056  0.769692
5385461.269904949  0.7736190000000001
5423122.652627906  0.777546
5460807.135710708  0.781473
5498496.879774551  0.7854
5494963.922067031  0.789327
5490468.321347343  0.793254
5485116.0723526385  0.797181
5478775.808240787  0.801108
5471179.696914188  0.8050350000000001
5462701.816549905  0.8089620000000001
5453333.8662910685  0.812889
5442613.930512565  0.816816
5430918.305395324  0.820743
5418316.194627336  0.82467
5419578.554970649  0.828597
5420008.87685848  0.832524
5419811.871574712  0.8364510000000001
5418723.635674122  0.840378
5416698.672927668  0.844305
5414030.688341929  0.848232
5410478.438952615  0.852159
5405934.607681155  0.856086
5400731.6727744555  0.860013
5394616.499322569  0.86394
5412510.331631368  0.867867
5430215.602787029  0.8717940000000001
5447398.838780723  0.875721
5464117.103022785  0.879648
5480644.503715092  0.883575
5496526.706557069  0.887502
5512042.512668275  0.891429
5527365.053552345  0.895356
5541872.9530663  0.899283
5556162.286808619  0.90321
5574288.684215765  0.907137
5591801.043875758  0.911064
5609195.136818742  0.914991
5626060.634539363  0.918918
5642534.713802894  0.922845
5658890.21507353  0.926772
5674429.498143892  0.930699
5689846.629185201  0.9346260000000001
5704832.766915588  0.938553
5719292.041644415  0.94248
5730197.951409148  0.946407
5740250.889350468  0.950334
5750060.342527792  0.954261
5759360.956858781  0.958188
5768055.66897818  0.962115
5776565.859864976  0.966042
5784134.737010256  0.969969
5791511.236211548  0.973896
5798248.5970632  0.977823
5804483.163902032  0.98175
5828613.712799178  0.985677
5852239.014592486  0.989604
5875990.651167507  0.993531
5899177.884295798  0.9974580000000001
5922380.039907633  1.001385
5945269.956767097  1.005312
5967913.160879119  1.009239
5990484.782565576  1.013166
6012559.569776791  1.017093
6034774.27536038  1.02102
6053981.016854995  1.024947
6073278.772090259  1.0288739999999998
6092035.236551289  1.0328009999999999
6110674.27267756  1.0367279999999999
6128958.209418049  1.0406549999999999
6146929.270543026  1.044582
6164718.393716073  1.048509
6182012.54201145  1.052436
6199284.549608726  1.056363
6215881.858334058  1.06029
6210250.607682622  1.064217
6203451.670175729  1.068144
6196414.917839997  1.072071
6188325.1540263975  1.075998
6179866.378559255  1.0799249999999998
6170453.919937653  1.0838519999999998
6160556.760187924  1.0877789999999998
6149789.968817686  1.0917059999999998
6138438.198156781  1.0956329999999999
6126316.91844615  1.0995599999999999
6154691.347904264  1.1034869999999999
6182951.281474519  1.107414
6211107.3842786485  1.111341
6239196.6282072235  1.115268
6267133.429780141  1.119195
6295037.404929375  1.123122
6322754.195733606  1.127049
6350458.341548428  1.130976
6377954.668407487  1.134903
6405438.312645449  1.1388299999999998
6424614.516098053  1.1427569999999998
6443655.845086365  1.1466839999999998
6462370.737546465  1.1506109999999998
6480926.523139602  1.1545379999999998
6499177.456959559  1.1584649999999999
6517230.608282407  1.1623919999999999
6535015.091843389  1.1663189999999999
6552548.648259972  1.170246
6569864.330620702  1.174173
6586852.0461743  1.1781
6591269.853126644  1.182027
6595109.392235676  1.185954
6598696.643963235  1.189881
6601608.225389101  1.193808
6604358.433791852  1.197735
6606322.105166343  1.201662
6608228.750038903  1.2055889999999998
6609224.814633224  1.2095159999999998
6610234.888017198  1.2134429999999998
6610315.660186027  1.2173699999999998
6643694.210651542  1.2212969999999999
6676717.5045272205  1.2252239999999999
6710003.578368838  1.2291509999999999
6743089.988222707  1.233078
6776273.134727203  1.237005
6809428.16280351  1.240932
6842498.0172565915  1.244859
6875727.342632612  1.248786
6908673.633220395  1.252713
6941959.57967396  1.25664
6943774.761518983  1.260567
6945614.393125854  1.2644939999999998
6946595.316686041  1.2684209999999998
6947447.637036333  1.2723479999999998
6947673.968318351  1.2762749999999998
6947522.219901874  1.2802019999999998
6946989.000569349  1.2841289999999999
6945816.715014346  1.2880559999999999
6944518.774297257  1.2919829999999999
6942314.517485772  1.29591
6946327.475301119  1.299837
6949567.428075626  1.303764
6952677.195887265  1.307691
6955302.900668214  1.311618
6957495.106011985  1.315545
6959503.188332985  1.319472
6960763.726813691  1.323399
6962040.415551974  1.327326
6962465.611466977  1.3312529999999998
6962800.764125666  1.3351799999999998
6983833.615059879  1.3391069999999998
7004682.604055023  1.3430339999999998
7025622.40736018  1.3469609999999999
7046023.6465539895  1.3508879999999999
7066680.520678232  1.3548149999999999
7086818.043039861  1.358742
7107009.440578647  1.362669
7127060.056440128  1.366596
7146776.576118931  1.370523
7166730.641816495  1.37445
7177753.804609049  1.378377
7188904.662503333  1.382304
7199646.504275659  1.386231
7210094.314387571  1.3901579999999998
7220555.433934587  1.3940849999999998
7230290.254082483  1.3980119999999998
7240142.594686652  1.4019389999999998
7249483.128178691  1.4058659999999998
7258602.925642644  1.4097929999999999
7267666.5345658045  1.4137199999999999
7279964.109689876  1.4176469999999999
7292408.008303974  1.421574
7304350.6835096385  1.425501
7316126.824735626  1.429428
7327884.813378666  1.433355
7338984.707125159  1.437282
7350214.714498355  1.441209
7360974.533696164  1.445136
7371510.697423557  1.449063
7382095.667617994  1.45299
7400543.298940884  1.4569169999999998
7419203.871494666  1.4608439999999998
7437590.656113099  1.4647709999999998
7455731.234473298  1.4686979999999998
7474080.166917067  1.4726249999999999
7491755.733191775  1.4765519999999999
7509569.742542295  1.4804789999999999
7527274.663406549  1.484406
7544547.28939433  1.488333
7562010.706262702  1.49226
7573175.965115503  1.496187
7584192.863908439  1.500114
7595265.561415498  1.504041
7605589.813425375  1.507968
7616028.843306057  1.511895
7626196.172547638  1.5158219999999998
7635927.234816186  1.5197489999999998
7645765.871677545  1.5236759999999998
7655023.417349523  1.5276029999999998
7664150.153283893  1.5315299999999998
7684361.670833973  1.5354569999999998
7703906.186095421  1.5393839999999999
7723663.088053847  1.5433109999999999
7743326.299966536  1.547238
7762580.82669978  1.551165
7782043.332196412  1.555092
7801157.6216061115  1.559019
7820105.248721261  1.562946
7839256.282687737  1.566873
7857815.549899021  1.5708
7870564.799891513  1.574727
7883374.2396720415  1.578654
7895467.858236869  1.5825809999999998
7907688.987154049  1.5865079999999998
7919769.302979271  1.5904349999999998
7931322.001079172  1.5943619999999998
7942995.71387443  1.5982889999999998
7954346.060313341  1.6022159999999999
7965338.785880037  1.6061429999999999
7976445.307873661  1.61007
7986484.404659386  1.613997
7996311.478980372  1.617924
8006240.117481428  1.621851
8015530.564410522  1.625778
8024741.849623781  1.629705
8034047.678821656  1.633632
8042589.397634916  1.637559
8051166.02363981  1.6414859999999998
8059778.936602231  1.6454129999999998
8067621.942821988  1.6493399999999998
8074283.209316994  1.6532669999999998
8080877.29839346  1.6571939999999998
8086769.628744749  1.6611209999999998
8092720.855741525  1.6650479999999999
8098532.712554659  1.6689749999999999
8103703.837571796  1.672902
8108926.270758864  1.676829
8113955.867178548  1.680756
8118387.327388691  1.684683
8122884.80907838  1.68861
8149212.398003651  1.692537
8175180.868526443  1.696464
8201403.137207176  1.700391
8227599.368639279  1.704318
8253442.273472441  1.7082449999999998
8279535.805033213  1.7121719999999998
8305607.683613986  1.7160989999999998
8331313.804398653  1.7200259999999998
8357267.2778479075  1.7239529999999998
8383201.671871088  1.7278799999999999
8388612.112314867  1.7318069999999999
8394074.201221764  1.7357339999999999
8399385.82462432  1.739661
8404061.082835838  1.743588
8408780.612785056  1.747515
8413407.091397827  1.751442
8417330.786703005  1.755369
8421291.334308285  1.759296
8425234.076895464  1.763223
8428409.260007868  1.7671499999999998
8450513.73716643  1.7710769999999998
8472825.075134948  1.7750039999999998
8494512.70390317  1.7789309999999998
8516354.89615726  1.7828579999999998
8538399.77830739  1.7867849999999998
8559937.303033052  1.7907119999999999
8581506.086443981  1.7946389999999999
8603273.321051773  1.7985659999999999
8624668.567674438  1.802493
8645934.245371426  1.80642
8648964.4357816  1.810347
8651609.720041232  1.814274
8653816.643270055  1.818201
8656043.522135286  1.822128
8658056.479057033  1.826055
8659452.86862076  1.829982
8660861.773578858  1.8339089999999998
8662244.040212678  1.8378359999999998
8662815.518039985  1.8417629999999998
8663413.6389976  1.8456899999999998
8685263.048810964  1.8496169999999998
8706621.756558293  1.8535439999999999
8727995.26761864  1.8574709999999999
8749557.76110481  1.8613979999999999
8770857.60864713  1.865325
8791938.684409132  1.869252
8813204.454954978  1.873179
8834454.28216628  1.877106
8855233.314668933  1.881033
8876163.637290098  1.88496
8868632.514607603  1.888887
8860247.439784769  1.8928139999999998
8851723.374542149  1.8967409999999998
8843125.689791188  1.9006679999999998
8833960.478459302  1.9045949999999998
8824364.371587949  1.9085219999999998
8814686.168522794  1.9124489999999998
8804739.093431916  1.9163759999999999
8794057.273030842  1.9203029999999999
8783319.627569448  1.9242299999999999
8806657.050566364  1.928157
8829497.289490787  1.932084
8852394.757223867  1.936011
8875485.19755066  1.939938
8898414.16110854  1.943865
8921060.706841465  1.947792
8943896.254475627  1.951719
8966923.179963127  1.955646
8989312.059225295  1.9595729999999998
9011874.4777118  1.9634999999999998
9026370.408293243  1.9674269999999998
9040536.580839638  1.9713539999999998
9054439.076704718  1.9752809999999998
9068455.793780413  1.9792079999999999
9082535.42617088  1.9831349999999999
9095955.264634568  1.9870619999999999
9109484.256775195  1.990989
9123123.739774799  1.994916
9136413.069198104  1.998843
9149451.204557328  2.00277
9166674.693166753  2.006697
9184011.339970404  2.010624
9200690.918833794  2.014551
9217503.969254907  2.018478
9234452.09974741  2.022405
9251142.771016585  2.026332
9267537.943913296  2.030259
9284063.483886264  2.034186
9300720.952073175  2.038113
9316767.244940933  2.04204
9330610.140856666  2.045967
9344562.399250088  2.049894
9358379.354126135  2.053821
9371732.186461305  2.057748
9385189.405484047  2.061675
9398752.240072973  2.065602
9411871.93298917  2.069529
9424827.045374999  2.073456
9437882.757737825  2.077383
9450996.999506952  2.08131
9443727.326212019  2.0852370000000002
9436401.802273514  2.0891640000000002
9429019.781584773  2.0930910000000003
9421303.833137028  2.0970180000000003
9413001.82191132  2.1009450000000003
9404636.470403288  2.1048720000000003
9396207.050954064  2.1087990000000003
9387203.322532302  2.1127260000000003
9377846.650925387  2.116653
9368467.307699941  2.12058
9396977.931296498  2.124507
9424983.751971994  2.128434
9453131.264389126  2.132361
9481490.484947221  2.136288
9509938.047168108  2.140215
9537932.969209034  2.144142
9566136.137530297  2.148069
9594549.88443403  2.151996
9622876.359953083  2.155923
9650902.852310985  2.15985
9666458.491646629  2.163777
9682129.415067002  2.167704
9697463.533537693  2.171631
9712570.128067384  2.175558
9727787.427316  2.179485
9743116.652664611  2.183412
9757974.373608347  2.187339
9772733.07821916  2.191266
9787599.112571806  2.195193
9802558.050042836  2.19912
9804650.320636095  2.203047
9806662.341423977  2.206974
9808688.880826268  2.2109010000000002
9810730.096560106  2.2148280000000002
9812008.881284647  2.2187550000000003
9813291.342187997  2.2226820000000003
9814582.984450666  2.2266090000000003
9815822.287559256  2.2305360000000003
9816355.698569655  2.2344630000000003
9816913.75856927  2.23839
9833907.560286377  2.242317
9850915.394169725  2.246244
9867377.920376029  2.250171
9883956.010768486  2.254098
9900650.886495173  2.258025
9917332.218126977  2.261952
9933490.805152997  2.265879
9949761.895390982  2.269806
9966146.667890958  2.273733
9982524.278000059  2.27766
10008417.693863422  2.281587
10034489.897515226  2.285514
10060742.747100305  2.289441
10087060.918467382  2.293368
10112906.559672022  2.297295
10138929.161126036  2.301222
10165130.546492934  2.305149
10191434.523028199  2.309076
10217223.949632527  2.313003
10243168.316070827  2.31693
10253441.738973727  2.320857
10263768.364029033  2.324784
10273410.871441754  2.328711
10283118.275172273  2.332638
10292891.232583662  2.3365650000000002
10302730.409947367  2.3404920000000002
10311934.121755574  2.3444190000000003
10321133.518887846  2.3483460000000003
10330394.496686103  2.3522730000000003
10339719.60087178  2.3562000000000003
10350028.20478876  2.3601270000000003
10360235.512209075  2.3640540000000003
10370510.543810368  2.367981
10380853.975848006  2.371908
10390800.136302447  2.375835
10400517.50123818  2.379762
10410298.763975132  2.383689
10420144.556844788  2.387616
10429738.036404228  2.391543
10438918.840889145  2.39547
10424522.933023393  2.399397
10410032.910637308  2.403324
10395300.496323438  2.407251
10379872.019922527  2.411178
10364343.923881058  2.415105
10348715.240227649  2.419032
10332984.98840955  2.422959
10316456.704525543  2.426886
10299782.450037625  2.430813
10283086.607134566  2.43474
10322288.664217038  2.438667
10361258.139027206  2.442594
10400228.978912205  2.446521
10439447.596853295  2.450448
10478916.363459904  2.454375
10518378.198493721  2.458302
10557612.137387978  2.4622290000000002
10597093.177323908  2.4661560000000002
10636823.660093322  2.4700830000000003
10676748.440016098  2.4740100000000003
10684150.624785706  2.4779370000000003
10691598.986371052  2.4818640000000003
10699093.958219176  2.4857910000000003
10706635.979218978  2.489718
10713753.69562416  2.493645
10720649.868301008  2.497572
10727588.780518284  2.501499
10734570.830833226  2.505426
10741421.786544032  2.509353
10747756.531573005  2.51328
10753962.699070202  2.517207
10760207.073681138  2.521134
10766490.009317668  2.525061
10772224.503716813  2.528988
10777852.775859434  2.532915
10783515.35723945  2.536842
10789212.562533148  2.540769
10794696.416564738  2.544696
10799738.258338666  2.548623
10804807.832250305  2.55255
10808139.554229623  2.556477
10811491.50705098  2.560404
10814253.46062483  2.564331
10816923.898513833  2.568258
10819610.34096116  2.572185
10822312.932277845  2.576112
10824800.662702031  2.580039
10826821.62598884  2.583966
10828854.579258904  2.587893
10830915.305980355  2.5918200000000002
10843263.46204351  2.5957470000000002
10855141.461177591  2.5996740000000003
10866925.056450553  2.6036010000000003
10878778.055181148  2.6075280000000003
10890701.072343022  2.6114550000000003
10902567.759875584  2.6153820000000003
10913925.881265033  2.619309
10925350.213726183  2.623236
10936841.337908024  2.627163
10948425.143004406  2.63109
10976266.427912489  2.635017
11003959.482767427  2.638944
11031812.765837898  2.642871
11059827.671746153  2.646798
11088005.611346545  2.650725
11115706.492799029  2.654652
11143501.487390669  2.658579
11171456.079274384  2.662506
11199571.64700595  2.666433
11227632.915238047  2.67036
11217069.117527  2.674287
11206445.301781334  2.678214
11195760.955056768  2.682141
11185015.558547137  2.686068
11173855.080110468  2.689995
11162287.869410211  2.693922
11150655.45288804  2.697849
11138957.27762538  2.701776
11127192.784434585  2.705703
11114883.792731138  2.70963
11130648.687169934  2.713557
11146501.7461026  2.7174840000000002
11162443.711187191  2.7214110000000002
11178475.332423793  2.7253380000000003
11193928.0035011  2.7292650000000003
11209449.62881513  2.7331920000000003
11225057.360316224  2.7371190000000003
11240751.916508196  2.741046
11256424.677301832  2.744973
11271600.140689071  2.7489
11280486.696091542  2.752827
11289422.147728706  2.756754
11298406.900274366  2.760681
11307229.918456253  2.764608
11315632.27088021  2.768535
11324080.348475927  2.772462
11332574.525512846  2.776389
11341115.180356214  2.780316
11349413.013982907  2.784243
11357381.954302255  2.78817
11374040.688464763  2.792097
11390789.564647192  2.796024
11407629.316485202  2.799951
11424215.394113569  2.803878
11440560.764392046  2.807805
11456993.596093016  2.811732
11473514.593087425  2.815659
11490124.466819359  2.819586
11506446.052299174  2.823513
11522523.358342463  2.82744
11518879.831332052  2.831367
11515216.924027028  2.835294
11511534.481386382  2.839221
11507447.839225069  2.8431480000000002
11503056.585172053  2.8470750000000002
11498642.237579623  2.8510020000000003
11494204.613794621  2.8549290000000003
11489743.529232599  2.8588560000000003
11484891.46931036  2.8627830000000003
11479772.472163433  2.8667100000000003
11503414.84239841  2.870637
11527180.778387193  2.874564
11551071.25138392  2.878491
11574756.32818292  2.882418
11598235.85212564  2.886345
11621836.684539968  2.890272
11645559.767982835  2.894199
11669406.054801313  2.898126
11693104.35827109  2.902053
11716512.783690827  2.90598
11726468.57121696  2.909907
11736475.465390762  2.913834
11746533.860748159  2.917761
11756455.028819265  2.921688
11765958.941560136  2.925615
11775511.075383447  2.929542
11785111.798219785  2.933469
11794761.481752394  2.937396
11804377.014377134  2.941323
11813468.25998092  2.94525
11820910.569835965  2.949177
11828390.389203085  2.953104
11835908.00237265  2.957031
11843463.696515216  2.960958
11850452.292494716  2.964885
11857431.368951995  2.9688120000000002
11864445.29425907  2.9727390000000002
11871494.33008709  2.9766660000000003
11878578.74073354  2.9805930000000003
11885265.449533192  2.9845200000000003
11901908.048938617  2.9884470000000003
11918632.973026963  2.992374
11935440.834156679  2.996301
11952332.250774534  3.000228
11969030.56575822  3.004155
11985444.350478532  3.008082
12001938.561555428  3.012009
12018513.79156569  3.015936
12035170.638921855  3.019863
12051811.183466593  3.02379
12058042.572590372  3.027717
12064304.204262124  3.031644
12070596.299179794  3.035571
12076919.080193996  3.039498
12083272.772334293  3.043425
12089157.384526106  3.047352
12094932.42009348  3.051279
12100735.281024784  3.055206
12106566.16890855  3.059133
12112427.337754538  3.06306
12119211.530750595  3.066987
12125651.055045467  3.070914
12132121.305062482  3.074841
12138622.50123586  3.078768
12145154.866113473  3.082695
12151718.62438225  3.086622
12157691.264899936  3.090549
12163685.226745619  3.0944760000000002
12169707.575422686  3.0984030000000002
12175768.89750058  3.1023300000000003
12187688.181353979  3.1062570000000003
12199329.754336782  3.1101840000000003
12210734.867521495  3.1141110000000003
12222193.46003265  3.1180380000000003
12233705.908906348  3.121965
12245272.594731238  3.125892
12256866.84738393  3.129819
12267919.704094665  3.133746
12279023.871877242  3.137673
12290175.084968284  3.1416
12298782.885028685  3.145527
12307430.925601987  3.149454
12315801.441806128  3.153381
12323908.930298049  3.157308
12332053.764418121  3.161235
12340236.202800484  3.165162
12348456.50647301  3.169089
12356714.938885054  3.173016
12364429.088563351  3.176943
12372159.47909319  3.18087
12388144.16554761  3.184797
12404202.070069237  3.188724
12420333.696877355  3.192651
12436331.86541233  3.196578
12451996.536808409  3.200505
12467732.064231928  3.204432
12483538.92952739  3.208359
12499417.618918153  3.212286
12515368.623056296  3.216213
12530947.278606107  3.2201400000000002
12534736.887280742  3.2240670000000002
12538543.499041602  3.2279940000000003
12542367.228579279  3.2319210000000003
12546208.191618184  3.2358480000000003
12550061.50647869  3.2397750000000003
12553329.361118397  3.243702
12556611.725551317  3.247629
12559908.696631143  3.251556
12563220.372075506  3.255483
12566581.45887519  3.25941
12586778.242116395  3.263337
12606631.934289083  3.267264
12626573.050584713  3.271191
12646602.169725012  3.275118
12666719.875550957  3.279045
12686926.757079508  3.282972
12706909.939705595  3.286899
12726690.546199005  3.290826
12746557.52510074  3.294753
12766472.33631389  3.29868
12767274.909375843  3.302607
12768081.00999361  3.306534
12768460.920033915  3.310461
12768671.548165735  3.314388
12768883.088207308  3.318315
12769095.546093624  3.322242
12769308.92781128  3.326169
12769523.239399059  3.330096
12769220.101369131  3.334023
12768857.582379691  3.33795
12777559.017030165  3.341877
12786297.88124961  3.3458040000000002
12795074.417065758  3.3497310000000002
12803888.868597515  3.3536580000000002
12812158.160439577  3.3575850000000003
12820454.701425875  3.3615120000000003
12828786.544423586  3.3654390000000003
12837153.91522965  3.3693660000000003
12845557.041570766  3.373293
12853942.912019111  3.37722
12853241.312952537  3.381147
12852536.761012785  3.385074
12851829.237518566  3.389001
12851118.723630685  3.392928
12850405.200350353  3.396855
12849633.952146282  3.400782
12848332.65105197  3.404709
12847025.921611601  3.408636
12845713.729787856  3.412563
12844427.854254574  3.41649
12858753.682143616  3.420417
12873090.228572862  3.424344
12886959.114272268  3.428271
12900885.335459715  3.432198
12914869.248418417  3.436125
12928911.212389639  3.440052
12943011.589603465  3.443979
12957149.99904239  3.447906
12970792.474150186  3.451833
12984496.604111463  3.45576
13001087.336436184  3.459687
13017746.315442797  3.463614
13034473.96310264  3.467541
13051270.704872979  3.471468
13067594.641188858  3.4753950000000002
13083952.813934766  3.4793220000000002
13100377.523378568  3.4832490000000003
13116869.176303554  3.4871760000000003
13133428.18281569  3.4911030000000003
13150040.988694774  3.49503
13159401.584769385  3.498957
13168690.976380514  3.502884
13178017.80291733  3.506811
13187382.291122835  3.510738
13196784.66957491  3.514665
13206225.168704916  3.518592
13215343.433399674  3.522519
13224289.098585907  3.526446
13233270.476808667  3.530373
13242289.607898043  3.5343
13252240.968811773  3.538227
13262232.297054972  3.542154
13272029.62797448  3.546081
13281533.557301365  3.550008
13291075.07071397  3.553935
13300654.391598135  3.557862
13310271.74511349  3.561789
13319927.358211134  3.565716
13329536.44730843  3.569643
13338704.982760364  3.57357
13347814.885580854  3.577497
13356960.541838523  3.581424
13366142.162428327  3.585351
13375359.959907124  3.589278
13384614.148510095  3.593205
13393431.645706179  3.597132
13402196.427503191  3.6010590000000002
13410995.278021498  3.6049860000000002
13419828.396285662  3.6089130000000003
13428671.572676329  3.6128400000000003
13425568.002178533  3.6167670000000003
13422177.374019397  3.6206940000000003
13418492.754327253  3.624621
13414793.951057402  3.628548
13411080.8821545  3.632475
13407353.464929035  3.636402
13403611.616051186  3.640329
13399799.817381885  3.644256
13395479.559325656  3.648183
13391178.179615373  3.65211
13404208.892542893  3.656037
13417289.467139212  3.659964
13430420.19014441  3.663891
13443601.350501407  3.667818
13456471.600805553  3.671745
13469206.238916101  3.675672
13481989.034428375  3.679599
13494820.261028431  3.683526
13507700.194480151  3.687453
13520647.155939367  3.69138
13541415.660558298  3.695307
13561816.181794036  3.699234
13582293.085829172  3.703161
13602846.80245235  3.707088
13623477.764682699  3.711015
13644186.408800246  3.714942
13664973.174376674  3.718869
13685484.11312095  3.722796
13705881.636624279  3.7267230000000002
13726326.256921131  3.7306500000000002
13734349.79012459  3.7345770000000003
13742403.231510581  3.7385040000000003
13750486.74861808  3.7424310000000003
13758558.116999855  3.746358
13766160.306564739  3.750285
13773790.44466464  3.754212
13781448.685707526  3.758139
13789135.18524088  3.762066
13796850.099962229  3.765993
13804561.988949688  3.76992
13798274.195559368  3.773847
13791672.603920827  3.777774
13785046.944064612  3.781701
13778397.084127743  3.785628
13771722.891282234  3.789555
13765024.231726235  3.793482
13758300.970675096  3.797409
13751131.701868221  3.801336
13743827.466477796  3.805263
13736532.986577967  3.80919
13744982.909903996  3.813117
13753463.49194782  3.817044
13761974.899870474  3.820971
13770473.43049274  3.824898
13778520.815442627  3.828825
13786596.99408486  3.832752
13794702.12123295  3.836679
13802836.35281224  3.840606
13810999.845869891  3.844533
13819194.60107111  3.84846
13828052.370673211  3.8523870000000002
13836589.320294404  3.8563140000000002
13845156.553234331  3.8602410000000003
13853754.230916375  3.8641680000000003
13862382.51591324  3.8680950000000003
13871041.571957206  3.8720220000000003
13879731.563950455  3.875949
13888182.014448106  3.879876
13896413.434404051  3.883803
13904678.991786795  3.88773
13915237.49066729  3.891657
13925833.250275254  3.895584
13936466.468197847  3.899511
13947137.343421739  3.903438
13957500.190058634  3.907365
13967728.308242  3.911292
13977992.079295566  3.915219
13988291.689961364  3.919146
13998627.32828788  3.923073
14008999.687508414  3.927
14019628.19128551  3.930927
14029898.079437215  3.934854
14040085.239086732  3.938781
14050307.594724897  3.942708
14060565.329067204  3.946635
14070858.626096055  3.950562
14081187.671071775  3.954489
14091552.650543723  3.958416
14101532.708628332  3.962343
14111451.611378117  3.96627
14119329.723020691  3.970197
14127234.856206268  3.974124
14135167.15019756  3.9780510000000002
14143126.745215904  3.9819780000000002
14151113.78244951  3.9859050000000003
14158707.574474199  3.9898320000000003
14166239.474450553  3.9937590000000003
14173796.931752201  3.997686
14181380.076682314  4.001613
14189012.073216863  4.00554
14206714.13729107  4.009467
14224476.67862672  4.013394
14241903.243960269  4.017321
14259278.9036126  4.021248
14276712.986164963  4.025175
14294205.786770156  4.029102
14311757.602572499  4.033029
14329368.73272463  4.036956
14347039.478404518  4.040883
14364405.991478333  4.04481
14375149.184685782  4.048737
14385928.168644514  4.052664
14396743.1225073  4.056591
14407594.226624588  4.060518
14418481.662554529  4.064445
14429405.613073103  4.068372
14440090.241849363  4.072299
14450583.274066424  4.076226
14461110.940027304  4.080153
14471644.732722897  4.08408
14469707.91517313  4.088007
14467764.673074124  4.091934
14465814.97440681  4.095861
14463680.630233085  4.099788
14461218.720124654  4.103715
14458748.759981833  4.107642
14456270.710256562  4.111569
14453784.531141305  4.115496
14451290.182566917  4.119423
14448789.901166605  4.12335
14447117.539907271  4.127277
14445003.827055754  4.131204
14442883.267753884  4.135131
14440755.828683574  4.139058
14438621.47631019  4.142985
14436480.176880796  4.146912
14434331.896422375  4.150839
14432176.600740038  4.154766
14429612.431738677  4.158693
14427010.09919471  4.16262
14446278.034412602  4.1665470000000004
14465607.986768827  4.1704740000000005
14485000.256165136  4.1744010000000005
14504455.144440094  4.1783280000000005
14523972.955384733  4.1822550000000005
14543319.672957148  4.1861820000000005
14562476.158880606  4.190109
14581693.614925992  4.194036
14600972.332635354  4.197963
14620250.421902064  4.20189
14615193.934229825  4.205817
14610121.249970859  4.209744
14604989.353736117  4.213671
14599400.61460347  4.217598
14593794.259480787  4.221525
14588170.204946859  4.225452
14582528.367052907  4.229379
14576868.661318414  4.233306
14571191.002726916  4.237233
14565546.300357407  4.24116
14579582.32149824  4.245087
14593492.264347622  4.249014
14607445.694108773  4.252941
14621442.815031871  4.256868
14635483.832648212  4.260795
14649568.95378025  4.264722
14663698.386551762  4.268649
14677801.870681966  4.272576
14691543.721542459  4.276503
14705315.900320621  4.28043
14714339.64736066  4.284357
14723391.415943941  4.288284
14732471.336796863  4.292211
14741579.541460227  4.296138
14750716.162295634  4.300065
14759597.165256528  4.303992
14768315.781113213  4.307919
14777061.162060374  4.311846
14785833.431535842  4.315773
14794654.747327695  4.3197
14812147.134646902  4.323627
14829693.553206738  4.327554
14847294.25373548  4.331481
14864477.32832001  4.335408
14881712.360964948  4.339335
14898999.856883194  4.343262
14916340.055986442  4.347189
14933733.199651416  4.351116
14951179.530731086  4.355043
14968628.181853797  4.35897
14965916.392032238  4.362897
14962888.370535182  4.366824
14959851.224104732  4.370751
14956804.911431706  4.374678
14953749.390957206  4.378605
14950684.620870713  4.382532
14947610.55910819  4.386459
14944527.163350161  4.390386
14941136.952969845  4.394313
14937596.606694076  4.39824
14944946.500025304  4.402167
14952318.3846698  4.406094
14959712.359474396  4.410021
14967128.523879213  4.413948
14974566.97792211  4.417875
14982027.822243197  4.4218020000000005
14989104.950994542  4.4257290000000005
14996147.463753624  4.4296560000000005
15003210.834108958  4.4335830000000005
15010298.169862557  4.43751
15018589.289653808  4.441437
15026905.074577818  4.445364
15035245.63486247  4.449291
15043580.823351936  4.453218
15051512.36962122  4.457145
15059467.166793292  4.461072
15067445.317256387  4.464999
15075446.9240008  4.468926
15083472.09062331  4.472853
15091545.20989381  4.47678
15109170.047187444  4.480707
15126756.7289878  4.484634
15144028.950504154  4.488561
15161351.358360209  4.492488
15178724.1716071  4.496415
15196147.610572623  4.500342
15213621.896870557  4.504269
15231147.253410056  4.508196
15248723.904405119  4.512123
15266205.27684273  4.51605
15275016.477510795  4.519977
15283853.052584687  4.523904
15292715.111831898  4.527831
15301602.765653951  4.531758
15310516.125091  4.535685
15319455.301826442  4.539612
15328420.408191597  4.543539
15337276.719298963  4.547466
15345840.475946449  4.551393
15354403.67941349  4.55532
15354080.744989289  4.559247
15353756.886274202  4.563174
15353432.099294338  4.567101
15353106.380052993  4.571028
15352779.72453048  4.574955
15352333.312924396  4.578882
15351555.970307784  4.582809
15350776.429186493  4.586736
15349994.680220498  4.590663
15349273.113214234  4.59459
15370795.15820509  4.598517
15392378.418779694  4.602444
15414023.156485073  4.606371
15435650.933077404  4.610298
15456972.297516482  4.614225
15478353.415270494  4.618152
15499794.537880711  4.622079
15521295.918302266  4.626006
15542857.810914094  4.629933
15564436.0171554  4.63386
15570227.033829244  4.637787
15576020.237912128  4.641714
15581398.376391716  4.645641
15586791.449074497  4.649568
15592199.518251691  4.653495
15597622.646561414  4.657422
15603060.896991117  4.661349
15608514.332880013  4.665276
15613983.017921535  4.669203
15619473.152365657  4.6731300000000005
15626798.986814592  4.6770570000000005
15634070.028009985  4.6809840000000005
15641361.100972155  4.6849110000000005
15648672.288596764  4.6888380000000005
15656003.674237499  4.692765
15663355.341709226  4.696692
15670727.375291197  4.700619
15678119.859730259  4.704546
15685281.582325324  4.708473
15692271.89376197  4.7124
15698175.093384795  4.716327
15704094.427108599  4.720254
15710029.961168326  4.724181
15715981.762161981  4.728108
15721949.897053096  4.732035
15727934.433173262  4.735962
15733823.496195626  4.739889
15739404.582675384  4.743816
15745000.759446817  4.747743
15750628.6789261  4.75167
15762186.305872964  4.755597
15773775.30989958  4.759524
15785395.818955144  4.763451
15797047.96168546  4.767378
15808731.867437696  4.771305
15820064.344219256  4.775232
15831376.790983917  4.779159
15842719.577070424  4.783086
15854092.824695101  4.787013
15865472.396036217  4.79094
15868234.173956964  4.794867
15871003.39874902  4.798794
15873780.100572718  4.802721
15876369.486170325  4.806648
15878729.887996254  4.810575
15881096.56018501  4.814502
15883469.52775547  4.818429
15885848.815859796  4.822356
15888234.449784318  4.826283
15890618.170968952  4.83021
15890055.226096908  4.834137
15889490.77375879  4.838064
15888514.109453913  4.841991
15887519.033096591  4.845918
15886521.335133156  4.849845
15885521.005189706  4.853772
15884518.032837527  4.857699
15883512.407592747  4.861626
15882504.11891595  4.865553
15881551.812041385  4.86948
15901331.32411102  4.873407
15920915.129402429  4.877334
15940550.033537019  4.881261
15960236.236769745  4.885188
15979973.940403322  4.889115
15999763.346795091  4.893042
16019604.659363924  4.896969
16039498.082597202  4.900896
16059443.82205784  4.904823
16079056.779644618  4.90875
16082743.78405481  4.912677
16086440.328031072  4.916604
16090146.448644632  4.920531
16093862.183159059  4.9244580000000004
16097587.569031492  4.9283850000000005
16101322.643913914  4.9323120000000005
16105067.445654413  4.9362390000000005
16108764.001543542  4.940166
16112109.081999457  4.944093
16115484.396740673  4.94802
16126590.524341179  4.951947
16137725.180711329  4.955874
16148888.475917038  4.959801
16160080.520591136  4.963728
16171301.425937027  4.967655
16182551.303732365  4.971582
16193659.170901835  4.975509
16204549.637687521  4.979436
16215467.769631095  4.983363
16226427.449554624  4.98729
16241915.599669222  4.991217
16257443.244976074  4.995144
16273010.536738724  4.999071
16288617.626994127  5.002998
16304264.668557629  5.006925
16319693.210347733  5.010852
16335003.595587557  5.014779
16350352.539458252  5.018706
16365740.187806167  5.022633
16381109.36570909  5.02656
16377792.617710805  5.030487
16374467.474320145  5.034414
16371133.903620949  5.038341
16367791.873535061  5.042268
16364122.573507138  5.046195
16360350.36743753  5.050122
16356568.743582182  5.054049
16352777.666627977  5.057976
16348977.101085044  5.061903
16345215.016857376  5.06583
16357124.959719758  5.069757
16369064.824005287  5.073684
16381034.72261344  5.077611
16392682.236649001  5.081538
16404302.172441322  5.085465
16415950.865314923  5.089392
16427628.422154339  5.093319
16439334.950374452  5.097246
16451070.557923788  5.101173
16462793.49225329  5.1051
16460871.452039668  5.109027
16458944.619570613  5.112954
16456651.602908617  5.116881
16454308.061643224  5.120808
16451958.7716491  5.124735
16449603.711747738  5.128662
16447242.860656478  5.132589
16444876.196987858  5.136516
16442503.699248977  5.140443
16440176.697668158  5.14437
16454618.179902999  5.148297
16468751.545204394  5.152224
16482860.773356738  5.156151
16497004.304480141  5.160078
16511182.263825178  5.164005
16525394.777252935  5.167932
16539641.971238745  5.171859
16553923.972875927  5.175786
16568240.909879567  5.1797130000000005
16582551.55319258  5.1836400000000005
16583084.38809641  5.1875670000000005
16583521.063290356  5.1914940000000005
16583958.790659562  5.195421
16584397.574011462  5.199348
16584837.417171877  5.203275
16585278.323985146  5.207202
16585720.298314216  5.211129
16586163.344040751  5.215056
16586607.46506528  5.218983
16586839.250989966  5.22291
16594495.652372288  5.226837
16602170.335928125  5.230764
16609863.367217798  5.234691
16617574.812115462  5.238618
16625304.736811  5.242545
16633053.207811914  5.246472
16640820.291945226  5.250399
16648606.056359407  5.254326
16656263.844959412  5.258253
16663700.92164224  5.26218
16674024.001865646  5.266107
16684371.537405055  5.270034
16694743.615265273  5.273961
16705140.32286431  5.277888
16715561.748035843  5.281815
16726007.979031678  5.285742
16736479.104524259  5.289669
16746942.2731155  5.293596
16757070.629138052  5.297523
16767204.91200983  5.30145
16771542.32492821  5.305377
16775889.931283161  5.309304
16780247.767050635  5.313231
16784615.86837608  5.317158
16788994.271575447  5.321085
16793383.01313618  5.325012
16797782.129718233  5.328939
16801906.73819203  5.332866
16805936.16099057  5.336793
16809983.996862072  5.34072
16816994.477991566  5.344647
16824021.30202639  5.348574
16831064.52618136  5.352501
16838124.20793867  5.356428
16845200.405049462  5.360355
16852293.175535396  5.364282
16859281.252020266  5.368209
16866019.83629732  5.372136
16872773.948175166  5.376063
16879560.770843085  5.37999
16891958.20745669  5.383917
16904384.310347438  5.387844
16916839.179056864  5.391771
16929322.913587913  5.395698
16941835.614407595  5.399625
16954377.38244971  5.403552
16966628.13034645  5.407479
16978841.612693474  5.411406
16991083.00843434  5.415333
17003360.842715807  5.41926
17018207.589745566  5.423187
17033088.385107487  5.427114
17048003.346061584  5.4310410000000005
17062952.590406917  5.4349680000000005
17077936.236484732  5.4388950000000005
17092846.102499723  5.442822
17107513.977406327  5.446749
17122215.061295826  5.450676
17136949.46707685  5.454603
17151657.310829666  5.45853
17148314.234293  5.462457
17144963.554393746  5.466384
17141605.245163176  5.470311
17138239.280514188  5.474238
17134865.634240597  5.478165
17131230.199906845  5.482092
17127459.646798264  5.486019
17123680.62772541  5.489946
17119893.114143506  5.493873
17116156.9184422  5.4978
17130449.36340069  5.501727
17144774.04371872  5.505654
17159131.068575464  5.509581
17173520.54764369  5.513508
17187942.59109258  5.517435
17202024.31414209  5.521362
17216131.82356184  5.525289
17230270.74364972  5.529216
17244441.179427426  5.533143
17258624.471986916  5.53707
17267183.61195217  5.540997
17275761.894265287  5.544924
17284359.383215383  5.548851
17292976.143379785  5.552778
17301523.226105038  5.556705
17309801.616468627  5.560632
17318098.26352797  5.564559
17326413.22774318  5.568486
17334746.56984161  5.572413
17343080.565558665  5.57634
17346072.359791  5.580267
17349070.78853625  5.584194
17352075.873887658  5.588121
17355087.63803667  5.592048
17357949.165629044  5.595975
17360600.010749485  5.599902
17363256.652386867  5.603829
17365919.10957457  5.607756
17368587.401429422  5.611683
17371288.255557206  5.61561
17382045.156348895  5.619537
17392825.708198704  5.623464
17403629.989194397  5.627391
17414458.077767856  5.631318
17425111.327520713  5.635245
17435615.090360094  5.639172
17446141.625589997  5.643099
17456691.007347357  5.647026
17467263.310091272  5.650953
17477862.416654717  5.65488
17489632.36660599  5.658807
17501427.973129533  5.662734
17513249.320207596  5.666661
17525096.49218937  5.670588
17536754.38032242  5.674515
17548282.766461957  5.678442
17559835.931861814  5.6823690000000004
17571413.956499226  5.6862960000000005
17583016.920695987  5.6902230000000005
17594614.365285702  5.6941500000000005
17597032.081349425  5.698077
17599455.02215825  5.702004
17601883.20466671  5.705931
17604316.64590276  5.709858
17606549.773195434  5.713785
17608625.869555738  5.717712
17610706.389754366  5.721639
17612791.347946167  5.725566
17614880.758346446  5.729493
17617017.550121043  5.73342
17632093.422419548  5.737347
17647201.591102708  5.741274
17662342.160062525  5.745201
17677515.23363707  5.749128
17692550.03677497  5.753055
17707422.29722101  5.756982
17722325.97266979  5.760909
17737261.16276447  5.764836
17752227.967570025  5.768763
17767179.319129743  5.77269
17767945.99369723  5.776617
17768714.296325732  5.780544
17769484.232206635  5.784471
17770255.806553416  5.788398
17770917.93669686  5.792325
17771329.463462397  5.796252
17771741.851903345  5.800179
17772155.104728874  5.804106
17772569.22465951  5.808033
17773043.11259701  5.81196
17791269.5197611  5.815887
17809534.291114155  5.819814
17827837.547911134  5.823741
17846179.411918536  5.827668
17864533.36894778  5.831595
17882591.17735332  5.835522
17900686.46354311  5.839449
17918819.34431234  5.843376
17936989.936942  5.847303
17955161.329488482  5.85123
17963010.003048755  5.855157
17970875.050970454  5.859084
17978756.524548806  5.863011
17986654.47529352  5.866938
17994568.954929914  5.870865
18002222.58003692  5.874792
18009809.247021966  5.878719
18017411.536432266  5.882646
18025029.49657198  5.886573
18032641.115976565  5.8905
18034096.328760404  5.894427
18035554.550502915  5.898354
18037015.79054624  5.902281
18038480.05827123  5.906208
18039947.363097657  5.910135
18041276.489197217  5.914062
18042392.37287191  5.917989
18043510.533913802  5.921916
18044630.979301717  5.925843
18045810.89436858  5.92977
18062990.92482308  5.933697
18080206.161089733  5.9376240000000005
18097456.711496677  5.9415510000000005
18114742.684816934  5.945478
18132064.190270726  5.949405
18149421.337527715  5.953332
18166476.54310481  5.957259
18183548.014154613  5.961186
18200654.048956748  5.965113
18217745.979003288  5.96904
18221226.539600592  5.972967
18224714.168581095  5.976894
18228208.887498584  5.980821
18231710.717994552  5.984748
18235219.681798678  5.988675
18238735.80072925  5.992602
18242107.27636314  5.996529
18245283.654077593  6.000456
18248466.404951625  6.004383
18251655.987906802  6.00831
18254975.009060808  6.012237
18258300.709680337  6.016164
18261633.109949145  6.020091
18264972.230132386  6.024018
18268318.09057702  6.027945
18271670.71171225  6.031872
18275030.114049908  6.035799
18278102.73462009  6.039726
18281124.30824823  6.043653
18284186.10285191  6.04758
18296824.455850407  6.051507
18309488.01252869  6.055434
18322176.848354604  6.059361
18334891.039097585  6.063288
18347630.66083019  6.067215
18360395.789929595  6.071142
18373186.503079135  6.075069
18385943.096807677  6.078996
18398435.63152776  6.082923
18410931.053659454  6.08685
18417366.097172964  6.090777
18423813.856622204  6.094704
18430274.369735345  6.098631
18436747.674389955  6.102558
18443233.80861374  6.106485
18449732.810585298  6.110412
18456244.718634855  6.114339
18462769.57124503  6.118266
18469157.685955185  6.122193
18475373.35586086  6.12612
18485077.628021162  6.130047
18494800.90069579  6.133974
18504543.229742616  6.137901
18514304.67123867  6.141828
18524085.281481225  6.145755
18533885.116988875  6.149682
18543704.23450263  6.153609
18553542.690987  6.157536
18563400.5436311  6.161463
18573068.32904959  6.16539
18583643.92899176  6.169317
18594240.045078  6.173244
18604856.737066723  6.177171
18615494.06494868  6.181098
18626152.088948045  6.185025
18636830.869523562  6.1889520000000005
18647530.467369713  6.1928790000000005
18658250.943417814  6.1968060000000005
18668992.358837232  6.200733
18679717.60217456  6.20466
18679813.59063328  6.208587
18679816.09080333  6.212514
18679818.595783427  6.216441
18679821.105587464  6.220368
18679823.620229397  6.224295
18679826.139723223  6.228222
18679828.664082993  6.232149
18679831.19332283  6.236076
18679833.72745689  6.240003
18679885.45710931  6.24393
18693699.390653457  6.247857
18707280.10107817  6.251784
18720805.867265694  6.255711
18734357.4386847  6.259638
18747934.889254738  6.263565
18761538.293177973  6.267492
18775167.724940505  6.271419
18788823.259313747  6.275346
18802504.97135579  6.279273
18816207.611282557  6.2832
18828546.441961326  6.287127
18840908.994398933  6.291054
18853049.904493682  6.294981
18865119.18446992  6.298908
18877211.297833595  6.302835
18889326.309442412  6.306762
18901464.284399945  6.310689
18913625.28805681  6.314616
18925809.386011824  6.318543
18938007.32980812  6.32247
18947797.000423487  6.326397
18957605.315176975  6.330324
18967432.327380165  6.334251
18977073.421708632  6.338178
18986598.49896121  6.342105
18996141.44431576  6.346032
19005702.30809768  6.349959
19015281.140821505  6.353886
19024877.993191857  6.357813
19034492.436546423  6.36174
19043999.81407358  6.365667
19053525.127437342  6.369594
19063068.427440036  6.373521
19072629.76507603  6.377448
19082071.160916965  6.381375
19091330.99368472  6.385302
19100608.0495963  6.389229
19109902.376748595  6.393156
19119214.02341775  6.397083
19128521.774126668  6.40101
19132296.09127931  6.404937
19136077.461398724  6.408864
19139865.90427293  6.412791
19143661.43976406  6.416718
19147464.087808665  6.420645
19151227.976622507  6.424572
19154709.719234347  6.428499
19158197.882575408  6.432426
19161692.48442291  6.436353
19165239.278484963  6.4402800000000004
19180731.57374658  6.4442070000000005
19196252.544323064  6.448134
19211802.269902624  6.452061
19227380.830468997  6.455988
19242988.30630283  6.459915
19258624.777983077  6.463842
19274290.326388355  6.467769
19289722.377370294  6.471696
19305111.30951096  6.475623
19320502.572686017  6.47955
19329179.346265864  6.483477
19337872.0271526  6.487404
19346580.659131166  6.491331
19355305.286147315  6.495258
19364045.952308375  6.499185
19372802.701884028  6.503112
19381575.579306986  6.507039
19390364.62917381  6.510966
19399051.235057205  6.514893
19407519.171354942  6.51882
19410619.42580681  6.522747
19413725.309750862  6.526674
19416836.838534214  6.530601
19419954.027559828  6.534528
19423076.892286737  6.538455
19426205.448230337  6.542382
19429339.71096263  6.546309
19432479.696112465  6.550236
19435625.419365827  6.554163
19438809.44527186  6.55809
19450215.82730961  6.562017
19461592.64765632  6.565944
19472989.946827136  6.569871
19484407.78016616  6.573798
19495846.203217123  6.577725
19507305.27172423  6.581652
19518785.041633137  6.585579
19530285.56909177  6.589506
19541806.910451334  6.593433
19553340.421325296  6.59736
19562623.58084963  6.601287
19571838.235879824  6.605214
19580825.97873462  6.609141
19589829.758784026  6.613068
19598849.618990093  6.616995
19607885.602468472  6.620922
19616937.752489094  6.624849
19626006.112476848  6.628776
19635090.726012297  6.632703
19644191.222144995  6.63663
19653199.81114934  6.640557
19662224.59009843  6.644484
19671265.60267559  6.648411
19680129.59103216  6.652338
19688875.301321182  6.656265
19697636.493811626  6.660192
19706413.20965125  6.664119
19715205.490133755  6.668046
19724013.376699433  6.671973
19732832.61344426  6.6759
19740545.74970443  6.679827
19748272.613141235  6.683754
19756013.24043299  6.687681
19763767.668388773  6.6916080000000004
19771535.933949076  6.6955350000000005
19779044.278617926  6.6994620000000005
19786513.94358746  6.703389
19793996.726780523  6.707316
19801492.66278482  6.711243
19809001.548477653  6.71517
19816465.469839584  6.719097
19823942.545541413  6.723024
19831432.81038843  6.726951
19838936.299308818  6.730878
19846453.047354188  6.734805
19853983.089700166  6.738732
19861523.434176333  6.742659
19868756.32845673  6.746586
19876001.8126363  6.750513
19883304.851963952  6.75444
19901613.35193251  6.758367
19919953.80392036  6.762294
19938326.291644614  6.766221
19956730.899115104  6.770148
19975167.71063566  6.774075
19993636.810805388  6.778002
20012138.284519993  6.781929
20030672.216973037  6.785856
20049207.731539845  6.789783
20067456.83134402  6.79371
20079337.288643625  6.797637
20091238.277162384  6.801564
20103159.85016788  6.805491
20115102.06111214  6.809418
20127064.963632386  6.813345
20139048.6115519  6.817272
20151053.058880765  6.821199
20163078.359816756  6.825126
20175124.568746082  6.829053
20187130.380846426  6.83298
20184113.433459725  6.836907
20180800.997791506  6.840834
20177482.888901137  6.844761
20174159.092201296  6.848688
20170829.593054622  6.852615
20167494.376773465  6.856542
20164153.428619705  6.860469
20160806.733804524  6.864396
20157454.27748817  6.868323
20154161.312060297  6.87225
20166830.195026033  6.876177
20179520.944568954  6.880104
20192227.206210032  6.884031
20204642.405858193  6.887958
20217078.696254868  6.891885
20229536.1311887  6.895812
20242014.764631398  6.899739
20254514.650738504  6.903666
20267035.843850184  6.907593
20279553.674090877  6.91152
20286044.147895593  6.915447
20292545.71356591  6.919374
20299058.399559233  6.923301
20305582.23443039  6.927228
20312117.246832076  6.931155
20318391.01943015  6.935082
20324629.810816735  6.939009
20330879.122824613  6.942936
20337138.982087992  6.9468630000000005
20343456.534812126  6.95079
20361312.272110015  6.954717
20379198.221855436  6.958644
20397114.460793868  6.962571
20415061.06593097  6.966498
20433038.114533626  6.970425
20451045.6841311  6.974352
20469083.852516137  6.978279
20486959.394070253  6.982206
20504740.777552456  6.986133
20522480.04383437  6.99006
20522670.03772454  6.993987
20522860.349904228  6.997914
20523050.98117394  7.001841
20523241.932336856  7.005768
20523433.20419886  7.009695
20523624.797568545  7.013622
20523816.71325722  7.017549
20524008.95207893  7.021476
20524201.514850464  7.025403
20524354.582315303  7.02933
20535821.414028116  7.033257
20547307.26509821  7.037184
20558812.18288429  7.041111
20570336.214902427  7.045038
20581879.408826705  7.048965
20593441.812489875  7.052892
20605023.47388404  7.056819
20616624.44116129  7.060746
20628244.762634393  7.064673
20639883.700747237  7.0686
20651349.793053474  7.072527
20662835.0625308  7.076454
20674070.102558095  7.080381
20685279.106510047  7.084308
20696506.56298448  7.088235
20707752.517584395  7.092162
20719017.016063176  7.096089
20730300.10432522  7.100016
20741601.82842656  7.103943
20752898.65959199  7.10787
20758446.80331887  7.111797
20764004.133458838  7.115724
20769570.67284658  7.119651
20775146.44439255  7.123578
20780620.956676837  7.127505
20785902.483083416  7.131432
20791192.63147176  7.135359
20796491.42297193  7.139286
20801798.878783073  7.143213
20807123.074579112  7.14714
20814310.020768076  7.151067
20821508.747575916  7.154994
20828719.283992033  7.158921
20835941.659101017  7.162848
20843175.902083036  7.166775
20850422.04221425  7.170702
20857680.108867172  7.174629
20864713.246248063  7.178556
20871684.028026346  7.182483
20878721.56933658  7.18641
20898538.083291713  7.190337
20918386.754068542  7.194264
20938267.660003304  7.1981910000000005
20958180.879686896  7.2021180000000005
20978126.491965894  7.206045
20998104.575943615  7.209972
21018115.21098113  7.213899
21038158.47669835  7.217826
21058234.452975046  7.221753
21078251.979372382  7.22568
21083030.664779548  7.229607
21087817.026868764  7.233534
21092611.084153134  7.237461
21097412.855205312  7.241388
21102222.358657785  7.245315
21107039.613203093  7.249242
21111864.637594067  7.253169
21116697.450644094  7.257096
21121538.07122734  7.261023
21126445.31840113  7.26495
21144895.476160962  7.268877
21163375.51302873  7.272804
21181787.33253647  7.276731
21200017.63141772  7.280658
21218276.99145517  7.284585
21236565.482194416  7.288512
21254883.17340311  7.292439
21273230.13507188  7.296366
21291606.437415224  7.300293
21309963.81534392  7.30422
21317224.522487275  7.308147
21324496.868958596  7.312074
21331780.882768095  7.316001
21339076.592015933  7.319928
21346384.024892576  7.323855
21353560.488463476  7.327782
21360582.412250895  7.331709
21367615.44334217  7.335636
21374659.60811252  7.339563
21381691.61976168  7.34349
21383368.480601393  7.347417
21385048.002323493  7.351344
21386730.191266533  7.355271
21388415.053789224  7.359198
21390102.596270494  7.363125
21391792.82510958  7.367052
21393485.74672612  7.370979
21395181.367560215  7.374906
21396721.011754956  7.378833
21398154.233384196  7.38276
21408506.580862705  7.386687
21418875.189285904  7.390614
21429260.09699671  7.394541
21439661.342458688  7.398468
21450078.96425652  7.402395
21460513.00109649  7.406322
21470963.49180694  7.410249
21481430.475338787  7.414176
21491913.990765978  7.418103
21502436.150688514  7.42203
21518055.854162514  7.425957
21533552.54663015  7.429884
21548915.973190732  7.433811
21564303.32453666  7.437738
21579714.656597007  7.441665
21595150.0254753  7.445592
21610609.487450212  7.4495190000000004
21626093.098976232  7.453446
21641600.916684393  7.457373
21657097.818563  7.4613
21664521.522253275  7.465227
21671956.859011937  7.469154
21679403.85620426  7.473081
21686862.5412814  7.477008
21694223.459739212  7.480935
21701400.758149166  7.484862
21708589.145651918  7.488789
21715788.64796669  7.492716
21722999.290892307  7.496643
21730228.321574647  7.50057
21739130.73437485  7.504497
21748046.954942968  7.508424
21756977.01542799  7.512351
21765920.94807881  7.516278
21774878.785244558  7.520205
21783850.55937505  7.524132
21792836.30302115  7.528059
21801792.40587065  7.531986
21810502.88704007  7.535913
21819233.674827255  7.53984
21829578.733075075  7.543767
21839939.672797248  7.547694
21850316.53059314  7.551621
21860709.34317464  7.555548
21871118.147366636  7.559475
21881542.980107423  7.563402
21891983.878449135  7.567329
21902440.87955822  7.571256
21912914.02071583  7.575183
21923390.981945593  7.57911
21931198.45535409  7.583037
21938765.273904566  7.586964
21946294.286181133  7.590891
21953834.756193142  7.594818
21961386.71011528  7.598745
21968950.174202014  7.602672
21976525.17478791  7.606599
21984111.73828792  7.610526
21991709.89119771  7.614453
21999319.361472625  7.61838
22006875.57372692  7.622307
22014443.3555366  7.626234
22022022.7334938  7.630161
22029613.73427221  7.634088
22037085.06916697  7.638015
22044398.539981727  7.641942
22051723.051661734  7.645869
22059058.629227825  7.649796
22066405.297776505  7.653723
22073816.396332193  7.65765
22092825.474432755  7.661577
22111863.358524732  7.665504
22130930.11413583  7.669431
22150025.806992672  7.673358
22169150.503021542  7.677285
22188304.26834911  7.681212
22207487.169303253  7.685139
22226699.272413775  7.689066
22245656.855761614  7.692993
22264582.501394957  7.69692
22274045.24125092  7.700847
22283522.173293088  7.7047740000000005
22293013.329473514  7.708701
22302518.741840232  7.712628
22312038.442537647  7.716555
22321572.46380684  7.720482
22331120.837985985  7.724409
22340683.597510703  7.728336
22350260.774914406  7.732263
22359866.919453904  7.73619
22372642.476402782  7.740117
22385330.081398316  7.744044
22397844.43472268  7.747971
22410377.39170153  7.751898
22422928.993849598  7.755825
22435499.282805238  7.759752
22448088.300330885  7.763679
22460696.088313486  7.767606
22473322.688765027  7.771533
22485993.34034545  7.77546
22504158.859711707  7.779387
22522351.545212276  7.783314
22540571.457832295  7.787241
22558818.658739574  7.791168
22577093.209285293  7.795095
22595192.267992117  7.799022
22613221.586067725  7.802949
22631277.508738466  7.806876
22649360.094935615  7.810803
22667408.268719636  7.81473
22672196.82274591  7.818657
22676992.463819884  7.822584
22681795.207686428  7.826511
22686605.070137087  7.830438
22691422.067010246  7.834365
22696246.214191325  7.838292
22701077.527612925  7.842219
22705916.023255028  7.846146
22710761.717145152  7.850073
22715330.93616064  7.854
22716695.364879373  7.857927
22718061.792057835  7.861854
22719430.222089935  7.865781
22720800.65938244  7.869708
22722173.10835508  7.873635
22723547.57344055  7.877562
22724924.059084594  7.881489
22726302.56974603  7.885416
22727683.10989681  7.889343
22729161.303761058  7.89327
22751422.405378915  7.897197
22773716.353068102  7.901124
22796033.913917143  7.905051
22818097.05891768  7.908978
22840192.25508232  7.912905
22862319.572302997  7.916832
22884479.08067499  7.920759
22906670.850497693  7.924686
22928894.95227534  7.928613
22951036.680759106  7.93254
22948267.019096468  7.936467
22945493.31338034  7.940394
22942715.554747  7.944321
22939933.73430683  7.948248
22937147.843144175  7.952175
22934357.872317273  7.956102
22931544.87178112  7.960029
22928451.358943578  7.963956
22925353.385860257  7.967883
22922334.91448677  7.97181
22937561.08440558  7.975737
22952809.25509081  7.979664
22968079.474261332  7.983591
22983371.789774105  7.987518
22998686.249624684  7.991445
23014022.901947755  7.995372
23029381.79501757  7.999299
23044762.97724853  8.003226
23060166.49719563  8.007152999999999
23075575.902876366  8.01108
23087611.31981947  8.015006999999999
23099369.50331749  8.018934
23111144.511959393  8.022860999999999
23122936.38188446  8.026788
23134745.149335537  8.030714999999999
23146570.85065942  8.034642
23158413.522307213  8.038568999999999
23170273.200834733  8.042496
23182149.92290285  8.046423
23194020.334442105  8.05035
23201093.24190106  8.054277
23208176.33579166  8.058204
23215269.638135575  8.062131
23222373.171018004  8.066058
23229486.9565879  8.069985
23236364.812215097  8.073912
23243204.912269827  8.077839
23250054.73269615  8.081766
23256914.29422904  8.085693
23263764.799155615  8.08962
23266751.63415627  8.093547
23269742.725804977  8.097474
23272738.083207667  8.101401
23275737.715496287  8.105328
23278741.63182886  8.109255
23281749.84138958  8.113182
23284762.35338893  8.117109
23287779.177063733  8.121036
23290800.321677286  8.124963
23293764.54310997  8.12889
23318714.648794126  8.132817
23343699.940164387  8.136744
23368720.491703756  8.140671
23393776.378105648  8.144598
23418867.674274534  8.148525
23443994.455326825  8.152452
23469156.796591483  8.156379
23494354.773610875  8.160306
23519588.46214147  8.164233
23544770.908528317  8.16816
23552075.772369463  8.172087
23559391.010990914  8.176014
23566716.64651064  8.179941
23573988.586990558  8.183868
23581042.362080883  8.187795
23588106.00839829  8.191722
23595179.54667834  8.195649
23602262.99771472  8.199576
23609356.382359434  8.203503
23616474.022862323  8.20743
23626545.28409537  8.211357
23636630.698719937  8.215284
23646730.296592187  8.219211
23656844.107652277  8.223138
23666972.16192473  8.227065
23677114.48951867  8.230992
23687271.120628152  8.234919
23697442.085532457  8.238846
23707405.72488414  8.242773
23717330.861214485  8.2467
23730854.033326603  8.250627
23744396.01032271  8.254554
23757956.83145425  8.258481
23771536.536082067  8.262408
23785135.16367662  8.266335
23798752.7538185  8.270262
23812389.346198738  8.274189
23826044.980619214  8.278116
23839719.696993057  8.282043
23853387.303162716  8.28597
23861674.71397495  8.289897
23869973.729678452  8.293824
23878225.704554714  8.297751
23886256.910636958  8.301678
23894299.190377664  8.305605
23902352.56669565  8.309532
23910417.062573016  8.313459
23918492.701055404  8.317386
23926579.505252134  8.321313
23934691.356839485  8.32524
23945666.888304036  8.329167
23956657.6265341  8.333094000000001
23967663.60315539  8.337021
23978684.849881392  8.340948
23989721.398513634  8.344875
24000773.280942015  8.348802
24011840.529145125  8.352729
24022766.080912683  8.356656
24033573.73563285  8.360583
24044423.705738325  8.36451
24060952.73114234  8.368437
24077504.41621245  8.372364
24094078.80757691  8.376291
24110675.951991927  8.380218
24127295.896342218  8.384145
24143938.68764137  8.388072
24160604.37303235  8.391999
24177292.99978787  8.395926
24194004.61531093  8.399853
24210681.58954954  8.40378
24215510.017296586  8.407707
24220345.11002777  8.411634
24224960.804035317  8.415561
24229519.055806477  8.419488
24234083.503274616  8.423415
24238654.15908037  8.427342
24243231.035898775  8.431269
24247814.146439385  8.435196
24252403.503446415  8.439123
24257079.917217348  8.44305
24277557.279360257  8.446977
24298062.607922632  8.450904
24318595.960235227  8.454831
24339157.39378559  8.458758
24359746.96621866  8.462685
24380364.73533721  8.466612
24401010.75910247  8.470539
24421419.86026573  8.474466
24441832.213358592  8.478393
24462193.482499484  8.48232
24467211.674837414  8.486247
24472236.64805885  8.490174
24477268.415917195  8.494101
24482306.99220306  8.498028
24487352.390744403  8.501955
24492404.625406664  8.505882
24497463.710092884  8.509809
24502529.658743814  8.513736
24507602.48533807  8.517663
24512707.56259989  8.52159
24522776.771318622  8.525517
24532859.67871053  8.529444
24542682.686176825  8.533371
24552504.11836614  8.537298
24562338.707910575  8.541225
24572186.481267363  8.545152
24582047.46496475  8.549079
24591921.685602173  8.553006
24601809.16985055  8.556933
24611766.77286853  8.56086
24632846.666631296  8.564787
24653954.933266215  8.568714
24675091.630095363  8.572641
24696256.814595297  8.576568
24717450.54439766  8.580495
24738672.8772896  8.584422
24759923.871214394  8.588349
24780950.282354828  8.592276
24801969.408803273  8.596203
24822967.928943917  8.60013
24834501.99190037  8.604057
24846051.414329942  8.607984
24857616.226933517  8.611911
24869196.46049385  8.615838
24880792.14587584  8.619765
24892403.314026818  8.623692
24904029.995976813  8.627619
24915672.222838823  8.631546
24927330.025809094  8.635473
24938977.772560704  8.6394
24945624.379918296  8.643327
24952279.897638164  8.647254
24958742.101526868  8.651181
24965127.046439372  8.655108
24971520.42036984  8.659035
24977922.24002053  8.662962
24984332.52213783  8.666889
24990751.283512447  8.670816
24997178.540979538  8.674743
25003680.991163243  8.67867
25023226.579868313  8.682597
25042798.091252476  8.686524
25062395.576920558  8.690451
25082019.088614464  8.694378
25101668.67821359  8.698305
25121344.397735357  8.702232
25141046.29933558  8.706159
25160653.222667422  8.710086
25180119.355397478  8.714013
25199528.68732543  8.71794
25202873.802319404  8.721867
25206223.30652051  8.725794
25209577.208573196  8.729721
25212935.51714463  8.733648
25216298.24092476  8.737575
25219665.388626415  8.741502
25223036.968985353  8.745429
25226412.990760338  8.749356
25229793.462733243  8.753283
25233268.87898268  8.75721
25254436.84632201  8.761137
25275632.772093296  8.765064
25296846.86477505  8.768991
25317811.79427319  8.772918
25338803.992637563  8.776845
25359823.513105307  8.780772
25380870.40905219  8.784699
25401944.733993143  8.788626
25423046.541582637  8.792553
25444097.92201589  8.79648
25449936.65822186  8.800407
25455783.023542307  8.804334
25461637.03293974  8.808261
25467498.701415833  8.812188
25473368.044011522  8.816115
25479245.07580716  8.820042
25485129.811922643  8.823969
25491022.26751753  8.827896
25496767.58695126  8.831823
25502412.57461091  8.835749999999999
25512736.65799073  8.839677
25523074.086942382  8.843604
25533424.88735964  8.847531
25543789.085203264  8.851458
25554166.706501298  8.855385
25564557.77734922  8.859312
25574962.323910214  8.863239
25585380.372415345  8.867166
25595811.94916384  8.871093
25606309.90814114  8.87502
25626653.841761936  8.878947
25647024.244332466  8.882874
25667421.16754345  8.886801
25687844.663220238  8.890728
25708025.749265477  8.894655
25728215.356860515  8.898582
25748430.86707121  8.902509
25768672.329777904  8.906436
25788939.794989068  8.910363
25809199.292419598  8.91429
25823152.98085261  8.918217
25837124.629022446  8.922144
25851114.271625295  8.926071
25865121.943446767  8.929998
25879147.679362204  8.933925
25893191.51433694  8.937852
25907253.48342663  8.941779
25921333.62177749  8.945706
25935431.964626644  8.949633
25949488.525852796  8.95356
25964428.16695568  8.957487
25979386.830651082  8.961414
25994364.55329425  8.965341
26009361.37133312  8.969268
26024377.321308643  8.973195
26039412.439855043  8.977122
26054466.76370017  8.981049
26069540.3296657  8.984976
26084633.17466758  8.988903
26099705.488261536  8.99283
26107380.731626615  8.996757
26115065.810469493  9.000684
26122760.74370788  9.004611
26130465.550308015  9.008538
26138180.24928486  9.012465
26145787.134947564  9.016392
26153235.165615607  9.020319
26160692.61395323  9.024246
26168159.49783401  9.028173
26175680.706239756  9.0321
26191562.747223116  9.036027
26207464.92118288  9.039954
26223387.266425896  9.043881
26239329.821356226  9.047808
26255292.62447551  9.051735
26271275.714383237  9.055662
26287279.129777085  9.059589
26303302.909453183  9.063516
26319347.092306502  9.067443
26335344.64345436  9.07137
26338878.89643777  9.075297
26342279.55681744  9.079224
26345536.69935053  9.083151
26348797.931586884  9.087078
26352063.261233974  9.091005
26355332.696018618  9.094932
26358606.243687097  9.098859
26361883.912005175  9.102786
26365165.7087582  9.106713
26368513.654639345  9.11064
26383407.49332194  9.114567
26398320.127267085  9.118494
26413251.592075214  9.122421
26428201.92343675  9.126348
26443171.15713237  9.130275
26458159.329033263  9.134202
26473166.475101463  9.138129
26488066.005591676  9.142056
26502825.79650066  9.145983
26517609.49510673  9.14991
26533436.301880386  9.153837
26549282.865800057  9.157764
26565149.223884102  9.161691
26581035.413243465  9.165618
26596941.471081894  9.169545
26612867.434696276  9.173472
26628813.34147688  9.177399
26644779.228907708  9.181326
26660765.13456672  9.185253
26676729.022217285  9.18918
26684882.291487414  9.193107
26693045.802690137  9.197034
26701219.575136065  9.200961
26709319.78504651  9.204888
26717228.977640282  9.208815
26725147.961453293  9.212742
26733076.754678413  9.216669
26741015.37555364  9.220596
26748963.842362184  9.224523
26756945.348933868  9.22845
26769250.086617313  9.232377
26781570.113787133  9.236304
26793905.458958406  9.240231
26806256.150717173  9.244158
26818622.217720613  9.248085
26831003.68869736  9.252012
26843400.592447605  9.255939
26855812.95784342  9.259866
26868240.81382891  9.263793
26880667.39380494  9.26772
26891414.604633473  9.271647
26902175.025309227  9.275574
26912948.680202365  9.279501
26923735.593743  9.283428
26934535.79042142  9.287355
26945349.29478829  9.291282
26956176.131454766  9.295209
26967016.32509278  9.299136
26977869.90043513  9.303063
26988784.794836715  9.30699
27008222.915054847  9.310917
27027685.075223744  9.314844
27047171.31996781  9.318771
27066681.69402202  9.322698
27086216.24223218  9.326625
27105775.009555303  9.330552
27125171.081597995  9.334479
27144493.365780286  9.338406
27163839.24416349  9.342333
27183151.479413457  9.34626
27192313.80793402  9.350187
27201487.344989907  9.354114
27210672.11116128  9.358041
27219868.12707871  9.361968
27229075.41342335  9.365895
27238293.99092707  9.369822
27247523.88037263  9.373749
27256765.1025938  9.377676
27266017.67847558  9.381603
27275298.256216563  9.38553
27287543.404272713  9.389457
27299803.62435458  9.393384
27312031.03807603  9.397311
27324037.248272423  9.401238
27336058.013504382  9.405165
27348093.36025539  9.409092
27360143.31507323  9.413019
27372207.90457015  9.416946
27384287.155423116  9.420873
27396386.97032155  9.4248
27409545.12248495  9.428727
27422719.294145316  9.432654
27435909.514575075  9.436581
27449115.813117992  9.440508
27462338.21918944  9.444435
27475576.762276553  9.448362
27488831.471938536  9.452289
27502102.377806768  9.456216
27515389.50958515  9.460143
27528538.020847008  9.46407
27542590.437948197  9.467997
27556659.777507145  9.471924
27570746.07011028  9.475851
27584849.346417774  9.479778
27598969.637163788  9.483705
27613106.973156672  9.487632
27627261.38527922  9.491559
27641432.90448885  9.495486
27655621.561817884  9.499413
27669843.0135888  9.50334
27686856.83942696  9.507267
27703891.278078154  9.511194
27720946.367024757  9.515121
27738022.14384004  9.519048
27755118.646188527  9.522975
27772235.911826197  9.526902
27789133.135382116  9.530829
27806007.256014574  9.534756
27822901.561171997  9.538683
27839787.69920328  9.54261
27851652.192668293  9.546537
27863530.903741043  9.550464
27875423.857992973  9.554391
27887331.0810569  9.558318
27899252.598627187  9.562245
27911188.436459906  9.566172
27923138.620373074  9.570099
27935103.176246766  9.574026
27947082.1300234  9.577953
27959028.022568434  9.58188
27962554.61811704  9.585807
27966085.465173192  9.589734
27969616.766337756  9.593660999999999
27972872.461379252  9.597588
27976132.02230161  9.601515
27979395.455994565  9.605442
27982662.76936423  9.609369
27985933.96933315  9.613296
27989209.06284035  9.617223
27992547.842457112  9.62115
28006508.87052561  9.625077
28020486.545396555  9.629004
28034480.89686159  9.632931
28048491.954783496  9.636858
28062519.749096386  9.640785
28076564.30980595  9.644712
28090625.666989613  9.648639
28104703.850796826  9.652566
28118798.89144921  9.656493
28132905.132830955  9.66042
28148888.781217765  9.664347
28164891.280345224  9.668274
28180912.663581155  9.672201
28196952.96437225  9.676128
28213012.216244183  9.680055
28229090.452801917  9.683982
28245187.707729902  9.687909
28261304.01479234  9.691836
28277439.407833394  9.695763
28293550.008804943  9.69969
28301880.715727143  9.703617
28310221.305970803  9.707544
28318571.79713431  9.711471
28326932.20685787  9.715398
28335302.552823596  9.719325
28343682.852755684  9.723252
28352073.124420475  9.727179
28360192.259150285  9.731106
28368319.1609811  9.735033
28376509.463730518  9.73896
28393859.600547325  9.742887
28411230.095968783  9.746814
28428620.98584902  9.750741
28446032.306126423  9.754668
28463464.092823837  9.758595
28480916.38204888  9.762522
28498389.209994126  9.766449
28515882.612937417  9.770376
28533396.627242055  9.774303
28550868.884926185  9.77823
28557763.03192506  9.782157
28564665.316239312  9.786084
28571575.752284423  9.790011
28578494.354509957  9.793938
28585193.01748735  9.797865
28591844.8301537  9.801792
28598504.385378066  9.805719
28605171.696686562  9.809646
28611846.777636822  9.813573
28618623.295456998  9.8175
28641313.6798999  9.821427
28664030.55251111  9.825354
28686773.9597001  9.829281
28709543.947984867  9.833208
28732340.56399216  9.837135
28755163.85445788  9.841061999999999
28778013.866227362  9.844989
28800890.646255657  9.848916
28823794.24160796  9.852843
28846648.979541425  9.85677
28856670.363763645  9.860697
28866561.794990014  9.864624
28876323.194600504  9.868551
28886095.877796646  9.872478
28895879.864154458  9.876405
28905675.173295278  9.880332
28915481.824885886  9.884259
28925299.83863862  9.888186
28935129.234311543  9.892113
28944999.20828287  9.89604
28959835.91801653  9.899967
28974689.857753742  9.903894
28989561.05752597  9.907821
29004449.54743452  9.911748
29019355.357650746  9.915675
29034278.51841621  9.919602
29049219.060042962  9.923529
29064177.01291365  9.927456
29079131.43451024  9.931383
29093882.60626506  9.93531
29115695.863355428  9.939237
29137534.17448718  9.943164
29159397.582849607  9.947091
29181286.131731268  9.951018
29203199.864520393  9.954945
29225138.824705057  9.958872
29247103.05587357  9.962799
29269092.601714667  9.966726
29291107.506017894  9.970653
29313070.282031924  9.97458
29321890.834299643  9.978507
29330721.57610144  9.982434
29339562.525104016  9.986361
29348413.69901491  9.990288
29357275.115582667  9.994215
29366146.7925969  9.998142
29366066.231197387  10.002069
29357939.598779634  10.005996
29349812.966361873  10.009923
29341733.93072171  10.01385
29341733.93072171  10.017777
29341733.93072171  10.021704
29341733.93072171  10.025631
29341733.93072171  10.029558
29341733.93072171  10.033485
29341733.93072171  10.037412
29341733.93072171  10.041339
29341733.93072171  10.045266
29341733.93072171  10.049193
