1    6.272928658119995e-09
2    9.453789352173678e-09
3    1.1657211916590971e-08
4    1.3312871779153087e-08
5    1.4532209254115642e-08
6    1.5483892623311098e-08
7    1.6373806017726665e-08
8    1.694010715587944e-08
9    1.7389687512341214e-08
10    1.7832166039072502e-08
11    1.8120826769595876e-08
12    1.83744088188479e-08
13    1.8419703367740704e-08
14    1.8798263286177657e-08
15    1.8842063070006824e-08
16    1.8843574110650276e-08
17    1.882033394153647e-08
18    1.878579427652594e-08
19    1.8853480888652395e-08
20    1.8797664428539385e-08
21    1.8730075458494104e-08
22    1.8629980194018583e-08
23    1.8533193530676134e-08
24    1.8470856641165356e-08
25    1.837839428385894e-08
26    1.8272399044294656e-08
27    1.8113657028181113e-08
28    1.8002418968833882e-08
29    1.7980057639486795e-08
30    1.779242927020227e-08
31    1.7599106506002876e-08
32    1.7403603113028666e-08
33    1.72089800087555e-08
34    1.701791807391456e-08
35    1.6832694390409702e-08
36    1.665475471400009e-08
37    1.648487888689708e-08
38    1.6322847837808885e-08
39    1.6167990725749446e-08
40    1.601906459644725e-08
41    1.5874838416865607e-08
42    1.5734215808549123e-08
43    1.5596233914470333e-08
44    1.5459970768555836e-08
45    1.532452324155895e-08
46    1.5188725887389514e-08
47    1.5051714004263778e-08
48    1.4912972016449737e-08
49    1.4772443684572761e-08
50    1.463044383805455e-08
51    1.4461416621511786e-08
52    1.4317847494772796e-08
53    1.4175657664071429e-08
54    1.4034703280327808e-08
55    1.3894825943505628e-08
56    1.3744046589291903e-08
57    1.3617991812923654e-08
58    1.3492044333796084e-08
59    1.3365673784281162e-08
60    1.3238509719603007e-08
61    1.3110292440634591e-08
62    1.2980925166846096e-08
63    1.2850465856182812e-08
64    1.271905694204421e-08
65    1.258692544837671e-08
66    1.2454307503503547e-08
67    1.2321491652513784e-08
68    1.218875399462426e-08
69    1.2056310763529286e-08
70    1.1924409564289223e-08
71    1.1793311196314573e-08
72    1.1663347534252867e-08
73    1.1534850822621074e-08
74    1.1408121462857616e-08
75    1.1283468062510374e-08
76    1.1161171629471795e-08
77    1.1041432219004953e-08
78    1.092438632881962e-08
79    1.081009865497171e-08
80    1.0698565624950418e-08
81    1.0589719631759652e-08
82    1.0483427173646956e-08
83    1.0379573904098196e-08
84    1.027805265713396e-08
85    1.0178753404627332e-08
86    1.0081562970334693e-08
87    9.986349636090573e-09
88    9.892986959266753e-09
89    9.801399076433994e-09
90    9.633797355198143e-09
91    9.54107754209591e-09
92    9.450607051494127e-09
93    9.362374007463512e-09
94    9.276372319328328e-09
95    9.192561262869167e-09
96    9.110894041282055e-09
97    9.121008479460006e-09
98    9.041423229633476e-09
99    8.962876651099002e-09
100    8.885360910740903e-09
101    8.808862872580836e-09
102    8.733353549966994e-09
103    8.658803928245288e-09
104    8.585194251396701e-09
105    8.512509025450985e-09
106    8.44072372924605e-09
107    8.369808734683538e-09
108    8.299734325826382e-09
109    8.230451318159514e-09
110    8.161894399219054e-09
111    8.094012304556359e-09
112    8.026759327862106e-09
113    7.960077206084474e-09
114    7.8938862236543e-09
115    7.828115584981253e-09
116    7.762708613740361e-09
117    7.697621667469889e-09
118    7.632818721122662e-09
119    7.56826958688775e-09
120    7.503962813935572e-09
121    7.439895466201537e-09
122    7.3760697964600335e-09
123    7.312501719434418e-09
124    7.249215546770263e-09
125    7.186248053431629e-09
126    7.1236354201370794e-09
127    7.061418852023842e-09
128    6.999652528750267e-09
129    6.938399233049404e-09
130    6.877725498252021e-09
131    6.817690914208429e-09
132    6.758351639723675e-09
133    6.699765645645229e-09
134    6.641994482601144e-09
135    6.585095308775037e-09
136    6.529118385309578e-09
137    6.474106775460052e-09
138    6.420091377760701e-09
139    6.367099519996708e-09
140    6.315154488442271e-09
141    6.264275632956108e-09
142    6.21447812307972e-09
143    6.165760624001633e-09
144    6.153489269065422e-09
145    6.100217870070364e-09
146    6.047817138032643e-09
147    5.996316720181304e-09
148    5.945741466726325e-09
149    5.896113639161777e-09
150    5.847453429554259e-09
151    5.799778218264861e-09
152    5.753096331054254e-09
153    5.707397225039602e-09
154    5.662664870887798e-09
155    5.6550151210985574e-09
156    5.617371600284794e-09
157    5.580291051702712e-09
158    5.543734680874987e-09
159    5.507662847409614e-09
160    5.47203921777061e-09
161    5.436832068846909e-09
162    5.40200800190422e-09
163    5.367536333625421e-09
164    5.333389814801118e-09
165    5.299541803264674e-09
166    5.265971626020323e-09
167    5.232662922802946e-09
168    5.199598424231376e-09
169    5.1667615545828735e-09
170    5.134130330825321e-09
171    5.101655331683729e-09
172    5.069283355476448e-09
173    5.03696392432691e-09
174    5.004647702867716e-09
175    4.972403338087662e-09
176    4.9403906644067065e-09
177    4.908532637235031e-09
178    4.876722166147925e-09
179    4.844932327008918e-09
180    4.813187330612045e-09
181    4.781504848233816e-09
182    4.749884979611712e-09
183    4.71832668380428e-09
184    4.686836086585137e-09
185    4.655422489638799e-09
186    4.624095047000402e-09
187    4.59286592294129e-09
188    4.5617516063317954e-09
189    4.530770759107169e-09
190    4.499941818529086e-09
191    4.4692822033040216e-09
192    4.438808664318794e-09
193    4.408537082509737e-09
194    4.378484784725977e-09
195    4.348671115726488e-09
196    4.319113857309394e-09
197    4.289828763427615e-09
198    4.260830382841036e-09
199    4.232132185502486e-09
200    4.203746019709617e-09
201    4.175682006475115e-09
202    4.147951618546957e-09
203    4.120564113365104e-09
204    4.093522809207814e-09
205    4.066828084594623e-09
206    4.078446239226431e-09
207    4.055106109685695e-09
208    4.0319659049766974e-09
209    4.009022029361381e-09
210    3.98626942146259e-09
211    3.963697470281073e-09
212    3.941295415847613e-09
213    3.9190531349247415e-09
214    3.896961001104632e-09
215    3.818817195137512e-09
216    3.7958264938975725e-09
217    3.7731382466990385e-09
218    3.750746480324312e-09
219    3.728645812505095e-09
220    3.706831333828625e-09
221    3.685296594486868e-09
222    3.6640351448410356e-09
223    3.643040279295832e-09
224    3.622304402081737e-09
225    3.601820011862162e-09
226    3.5815797945870214e-09
227    3.5615766252364824e-09
228    3.5418035656115937e-09
229    3.5222552919470476e-09
230    3.502927366833274e-09
231    3.4838127073524257e-09
232    3.464904076234261e-09
233    3.4461950176715628e-09
234    3.4276796899023476e-09
235    3.409352460939666e-09
236    3.391207716117612e-09
237    3.373239328411864e-09
238    3.3554404475593448e-09
239    3.337806013650064e-09
240    3.3203312170898867e-09
241    3.3030112448071327e-09
242    3.28584138957791e-09
243    3.2688170809812654e-09
244    3.2519338962682267e-09
245    3.2351870741611158e-09
246    3.2185715640579317e-09
247    3.2020828626047604e-09
248    3.1857177581567293e-09
249    3.1694734826303446e-09
250    3.1533472967578727e-09
251    3.1373368282362855e-09
252    3.121439370113783e-09
253    3.1056512619675787e-09
254    3.0899688235929177e-09
255    3.074388491731114e-09
256    3.058906906539003e-09
257    3.043520402527019e-09
258    3.028223878262933e-09
259    3.0130125261151512e-09
260    2.9978830140506625e-09
261    2.982832935663726e-09
262    2.9678607882882024e-09
263    2.9529652192760823e-09
264    2.9381449466754286e-09
265    2.923398758353313e-09
266    2.9087243419157955e-09
267    2.894112642699933e-09
268    2.879551269267276e-09
269    2.8650277725036815e-09
270    2.850530294374147e-09
271    2.8360480802974943e-09
272    2.821571803324454e-09
273    2.8070950747160252e-09
274    2.7926520593501503e-09
275    2.778298079177808e-09
276    2.7640350081561993e-09
277    2.7498382975889223e-09
278    2.7356841393385442e-09
279    2.7215528511585174e-09
280    2.707444343570096e-09
281    2.693365054526958e-09
282    2.6793218549726636e-09
283    2.665320276473981e-09
284    2.6513615123543204e-09
285    2.5913300063725895e-09
286    2.5796200019191056e-09
287    2.5680862299803304e-09
288    2.5567193837117773e-09
289    2.5455103328319627e-09
290    2.534450281208793e-09
291    2.5235307509460664e-09
292    2.512743569637181e-09
293    2.502080864747361e-09
294    2.4915349853595255e-09
295    2.4810979347502093e-09
296    2.4707616772637315e-09
297    2.460518510534271e-09
298    2.450361272908411e-09
299    2.440284189115121e-09
300    2.4302825470255933e-09
301    2.4203517900386952e-09
302    2.4104874985914132e-09
303    2.4006851550018772e-09
304    2.3909394838982088e-09
305    2.381245150556984e-09
306    2.371596982518752e-09
307    2.348318140988675e-09
308    2.3363105711205423e-09
309    2.3244296060578683e-09
310    2.312677642406752e-09
311    2.3010568790575055e-09
312    2.289569047027563e-09
313    2.2782152451252904e-09
314    2.266996235972232e-09
315    2.255912679283013e-09
316    2.244965144510085e-09
317    2.2341540096546013e-09
318    2.2234792549421424e-09
319    2.2129398853379494e-09
320    2.2025344097749194e-09
321    2.192261340270866e-09
322    2.1821187322276762e-09
323    2.1721041328803876e-09
324    2.16221513162944e-09
325    2.15244927505748e-09
326    2.1428036996781622e-09
327    2.1332755520082276e-09
328    2.1238620684771775e-09
329    2.1145605769696953e-09
330    2.1053684939261514e-09
331    2.0962830110738505e-09
332    2.0873000408828463e-09
333    2.0784147685028035e-09
334    2.0696222391101243e-09
335    2.06091768978388e-09
336    2.0522965370388033e-09
337    2.0437543581779135e-09
338    2.035287072270209e-09
339    2.026891023553843e-09
340    2.0185627049881507e-09
341    2.0102987445335794e-09
342    2.0020957957182177e-09
343    1.9939503665728653e-09
344    1.985859066072985e-09
345    1.977818595413348e-09
346    1.9698257482299434e-09
347    1.9618774211100958e-09
348    1.9539706142951143e-09
349    1.946102399201599e-09
350    1.938269787462867e-09
351    1.9304700081738244e-09
352    1.9227009537867744e-09
353    1.914960506867417e-09
354    1.9072465362308604e-09
355    1.8995569750759532e-09
356    1.8918898177132904e-09
357    1.8842431183714666e-09
358    1.8766151721799347e-09
359    1.8690048145424865e-09
360    1.8614109972098873e-09
361    1.8538327229982294e-09
362    1.8462691536659737e-09
363    1.8387200198127395e-09
364    1.831185321124723e-09
365    1.823665273008892e-09
366    1.8161601241183401e-09
367    1.8086701207246634e-09
368    1.8011954987309614e-09
369    1.7937364825767314e-09
370    1.7862932894452528e-09
371    1.7788661365558305e-09
372    1.771455129099053e-09
373    1.7640592324104065e-09
374    1.7566766945111104e-09
375    1.7493057947200114e-09
376    1.7419448559053282e-09
377    1.7345922751884843e-09
378    1.727246666706386e-09
379    1.7199067470681502e-09
380    1.7125712095512928e-09
381    1.7052385714058752e-09
382    1.6979079455165394e-09
383    1.690588928668834e-09
384    1.683299784365829e-09
385    1.6760553308328735e-09
386    1.6688542964042674e-09
387    1.661690674592203e-09
388    1.6545588963469723e-09
389    1.6252266508943913e-09
390    1.618054011163758e-09
391    1.6109628844640528e-09
392    1.6039533811981477e-09
393    1.597025370063704e-09
394    1.5901784787935422e-09
395    1.5834123173695574e-09
396    1.5767264863566434e-09
397    1.5701205772362182e-09
398    1.5635941565254933e-09
399    1.5571462738255774e-09
400    1.5507753737613101e-09
401    1.544479837076332e-09
402    1.5382580469836925e-09
403    1.5509920857472166e-09
404    1.544375287451475e-09
405    1.5377997144838712e-09
406    1.5312658950230672e-09
407    1.5247743432354229e-09
408    1.5183255643383263e-09
409    1.5119200406669256e-09
410    1.5055581984168094e-09
411    1.49924045056765e-09
412    1.492967336995979e-09
413    1.4867394870550033e-09
414    1.4805576118249554e-09
415    1.4744224789058785e-09
416    1.4683348234689198e-09
417    1.4622952050997762e-09
418    1.4563039790991773e-09
419    1.45036124590709e-09
420    1.4444668727792375e-09
421    1.4386207265269286e-09
422    1.4328226753614815e-09
423    1.42707256848456e-09
424    1.421370265832348e-09
425    1.4157156274747796e-09
426    1.4101085088115365e-09
427    1.4045487588520035e-09
428    1.3990362012279403e-09
429    1.3935705732746222e-09
430    1.38815152746675e-09
431    1.3827786207256859e-09
432    1.377451399916675e-09
433    1.3721694163780374e-09
434    1.3669322258165412e-09
435    1.361739375805397e-09
436    1.3565903255716617e-09
437    1.351484502651898e-09
438    1.346421343678352e-09
439    1.3414002934815742e-09
440    1.3364208048150449e-09
441    1.3314823383924718e-09
442    1.326584364939268e-09
443    1.321726342242136e-09
444    1.3169076314631348e-09
445    1.31212745428418e-09
446    1.3073847765271962e-09
447    1.302678503141684e-09
448    1.298007569247896e-09
449    1.293370931540856e-09
450    1.2887675712001495e-09
451    1.2841964935020342e-09
452    1.279656734499567e-09
453    1.2751475470368677e-09
454    1.2706684133240268e-09
455    1.2662188366197082e-09
456    1.2617983084614702e-09
457    1.257406228283903e-09
458    1.253041979500504e-09
459    1.248704957740995e-09
460    1.2443945701189043e-09
461    1.240110234929682e-09
462    1.2358514113027817e-09
463    1.231617605347448e-09
464    1.2274080602935716e-09
465    1.2232219442190436e-09
466    1.2190584279429625e-09
467    1.2149167011215278e-09
468    1.2107959817474576e-09
469    1.2066955060409194e-09
470    1.2026146831044773e-09
471    1.198553112129211e-09
472    1.1945105279355317e-09
473    1.1904866756398119e-09
474    1.1864813017945311e-09
475    1.1824941545458436e-09
476    1.1785249834992894e-09
477    1.1745735394509165e-09
478    1.1706395810444038e-09
479    1.166722915739825e-09
480    1.1628233273343907e-09
481    1.1589406292462038e-09
482    1.1550746069332176e-09
483    1.1573817383086808e-09
484    1.1534028558907736e-09
485    1.1494378782840734e-09
486    1.145485420713202e-09
487    1.1415441062327853e-09
488    1.1376125947260893e-09
489    1.1336896234304388e-09
490    1.129774017688509e-09
491    1.1258646355209279e-09
492    1.121960363433939e-09
493    1.118060116680836e-09
494    1.1141628395926082e-09
495    1.1102675058168502e-09
496    1.106373234736275e-09
497    1.1024833510638034e-09
498    1.0986062036460724e-09
499    1.0947502457711173e-09
500    1.090921805890525e-09
501    1.0871195525682204e-09
502    1.083340345583449e-09
503    1.0795811185576997e-09
504    1.0729282545438137e-09
505    1.06933314592008e-09
506    1.0657455813801061e-09
507    1.0621659027424567e-09
508    1.058594811392718e-09
509    1.0550329372832426e-09
510    1.0514807350543133e-09
511    1.0479385486283904e-09
512    1.0444066738355707e-09
513    1.0408852928854206e-09
514    1.0373742223821169e-09
515    1.0338732091072677e-09
516    1.030382003963423e-09
517    1.0269003577025873e-09
518    1.0234280284353982e-09
519    1.019964782714341e-09
520    1.0165104474487835e-09
521    1.0130650958844141e-09
522    1.009628996246499e-09
523    1.0062024335645973e-09
524    1.0027857135109753e-09
525    9.99379149388803e-10
526    9.959830435242758e-10
527    9.925976357285527e-10
528    9.892231207816845e-10
529    9.858596886435626e-10
530    9.825075299071805e-10
531    9.791668407754227e-10
532    9.758378145957267e-10
533    9.72520639281634e-10
534    9.692155054309028e-10
535    9.659226184734992e-10
536    9.626421777200538e-10
537    9.59374375609973e-10
538    9.561193978543053e-10
539    9.5287742396924e-10
540    9.496486254479345e-10
541    9.464331734748812e-10
542    9.432312948275613e-10
543    9.400432676167046e-10
544    9.368693483825071e-10
545    9.33709779451998e-10
546    9.305647934930424e-10
547    9.274346142497277e-10
548    9.243194610294112e-10
549    9.212195573807799e-10
550    9.181351266413957e-10
551    9.150664637430493e-10
552    9.120139191616685e-10
553    9.089778453154343e-10
554    9.059585828477973e-10
555    9.029564531076772e-10
556    8.999717448516046e-10
557    8.970047321640251e-10
558    8.940556784529391e-10
559    8.911248164969287e-10
560    8.882123368577681e-10
561    8.853184157031978e-10
562    8.824432269854548e-10
563    8.795869192156654e-10
564    8.767495279592116e-10
565    8.739310409292591e-10
566    8.711314423634256e-10
567    8.683507133646541e-10
568    8.655888320899873e-10
569    8.628457737918757e-10
570    8.601215109580477e-10
571    8.574160131895756e-10
572    8.547292450540968e-10
573    8.520611821146588e-10
574    8.494118218279609e-10
575    8.467811884954036e-10
576    8.44169359513971e-10
577    8.415763949285519e-10
578    8.390022555785357e-10
579    8.364468733419707e-10
580    8.339101768854786e-10
581    8.313920806181639e-10
582    8.288924946632023e-10
583    8.264113293872149e-10
584    8.239484956231361e-10
585    8.215039053837482e-10
586    8.190774195072054e-10
587    8.16668820927757e-10
588    8.142778923585573e-10
589    8.119044217482228e-10
590    8.095482002452142e-10
591    8.029938982500072e-10
592    8.006553275051894e-10
593    7.98336631494544e-10
594    7.96037637945285e-10
595    7.937581610317148e-10
596    7.914979934256571e-10
597    7.892569285923668e-10
598    7.870347625505577e-10
599    7.848312898339133e-10
