10    4.394313033985434e-08
11    4.377595174927888e-08
12    4.336087474801789e-08
13    4.2866473927034365e-08
14    4.2265879324968214e-08
15    4.159077638043371e-08
16    4.089232817366167e-08
17    4.019251907477842e-08
18    3.9441640161965525e-08
19    3.8793125174203005e-08
20    3.7856969645614024e-08
21    3.7338181799703136e-08
22    3.658986182131666e-08
23    3.584160919855265e-08
24    3.510552231914444e-08
25    3.447692891210675e-08
26    3.37841836773096e-08
27    3.300753414515145e-08
28    3.234408336297584e-08
29    3.1697145827794115e-08
30    3.106408619953526e-08
31    3.0441064453703055e-08
32    2.9732220549873254e-08
33    2.9132696873030634e-08
34    2.8536996867084167e-08
35    2.7939614605780775e-08
36    2.747268274853254e-08
37    2.6954487445105634e-08
38    2.644832878257588e-08
39    2.5950874713318458e-08
40    2.5459537421083357e-08
41    2.4973263073242495e-08
42    2.4492361579102626e-08
43    2.401849566350586e-08
44    2.3554028203458935e-08
45    2.310143657497197e-08
46    2.266237999130592e-08
47    2.2237625660431238e-08
48    2.1827346241329535e-08
49    2.1559772838025893e-08
50    2.1189706298641148e-08
51    2.0824233118552703e-08
52    2.0321748338796927e-08
53    1.9976721767199782e-08
54    1.9642997349939147e-08
55    1.9319870338461662e-08
56    1.900664205146327e-08
57    1.8702223211152505e-08
58    1.8405576879348518e-08
59    1.811584335548282e-08
60    1.7832110365773264e-08
61    1.7553460807775643e-08
62    1.7279161954250262e-08
63    1.7008799438151634e-08
64    1.6742459626488546e-08
65    1.648017242296137e-08
66    1.6222174741598637e-08
67    1.5969084092265432e-08
68    1.572145406141175e-08
69    1.5479782296933385e-08
70    1.524465187658632e-08
71    1.5016477961037567e-08
72    1.4795538153993788e-08
73    1.4581940717893246e-08
74    1.4450723124206105e-08
75    1.4263926383751408e-08
76    1.4079114478793011e-08
77    1.3895702300186111e-08
78    1.3615214026895442e-08
79    1.3438684561573476e-08
80    1.3266439821143515e-08
81    1.309793354116166e-08
82    1.2932692575535475e-08
83    1.2770302765891351e-08
84    1.2610406148871459e-08
85    1.2452870871301696e-08
86    1.2297577349286352e-08
87    1.2144322159643785e-08
88    1.1992984700740891e-08
89    1.184354824514389e-08
90    1.1696097580631431e-08
91    1.1550678868456168e-08
92    1.1407467622774037e-08
93    1.1266554898204918e-08
94    1.1128120558752898e-08
95    1.0992305380830577e-08
96    1.0859199934858239e-08
97    1.0728920598328714e-08
98    1.056163484941742e-08
99    1.0441002122243535e-08
100    1.0323585071854995e-08
101    1.0209250880332904e-08
102    1.0097743884350851e-08
103    1.0007697420729803e-08
104    9.897165968860712e-09
105    9.789163424389673e-09
106    9.683573336457766e-09
107    9.5803037318943e-09
108    9.479288455175626e-09
109    9.380369992702375e-09
110    9.283410852847899e-09
111    9.188315222684688e-09
112    9.094951149667513e-09
113    9.003178520580036e-09
114    8.912880573038822e-09
115    8.823934226452854e-09
116    8.736221806723633e-09
117    8.649607427114822e-09
118    8.563939436046071e-09
119    8.479120012507482e-09
120    8.395098169829158e-09
121    8.311798513933825e-09
122    8.229202093086117e-09
123    8.147364599256787e-09
124    8.066313371157226e-09
125    7.986040775912516e-09
126    7.906613017080196e-09
127    7.828130326463977e-09
128    7.750672778766577e-09
129    7.674289501695728e-09
130    7.61507331454711e-09
131    7.537248719016606e-09
132    7.460404090423677e-09
133    7.384637205461653e-09
134    7.3100293468191365e-09
135    7.236702412317495e-09
136    7.164787208290802e-09
137    7.107867426407851e-09
138    7.04317399254892e-09
139    6.979807161988884e-09
140    6.9177128476984954e-09
141    6.856833963137905e-09
142    6.797098678414582e-09
143    6.7384401362511955e-09
144    6.680807817174664e-09
145    6.624121569485398e-09
146    6.568292480071002e-09
147    6.513279164377798e-09
148    6.459023239235309e-09
149    6.405415910293401e-09
150    6.352397354239133e-09
151    6.299960217548161e-09
152    6.248060100581798e-09
153    6.19664088439845e-09
154    6.145682488266452e-09
155    6.095185237993558e-09
156    6.045143811339772e-09
157    5.9955335555180455e-09
158    5.946326034631519e-09
159    5.8975392362496274e-09
160    5.849198453409745e-09
161    5.801296800287041e-09
162    5.753833219421645e-09
163    5.706820614386286e-09
164    5.660278177460334e-09
165    5.614228011359406e-09
166    5.568693109682164e-09
167    5.523699791583905e-09
168    5.479273138819766e-09
169    5.462933148630324e-09
170    5.42010171931614e-09
171    5.377455721440691e-09
172    5.3350063910820275e-09
173    5.292775895688083e-09
174    5.250799470597819e-09
175    5.18423174152498e-09
176    5.144486341427129e-09
177    5.105348332946524e-09
178    5.0668119403672415e-09
179    5.028867392545629e-09
180    4.991502332038822e-09
181    4.954713970677056e-09
182    4.918503644281039e-09
183    4.882860943954702e-09
184    4.847770856659304e-09
185    4.813213326044579e-09
186    4.77916143778864e-09
187    4.745586451847609e-09
188    4.712467694249794e-09
189    4.679792155710019e-09
190    4.6475387813337256e-09
191    4.615682512147765e-09
192    4.5842032912065376e-09
193    4.553081195684258e-09
194    4.5222961374283254e-09
195    4.4918301880086e-09
196    4.461666619341573e-09
197    4.431793396469552e-09
198    4.402195431018098e-09
199    4.372850804109475e-09
200    4.3437419215559375e-09
201    4.314854818806562e-09
202    4.2861812269160305e-09
203    4.257717310119812e-09
204    4.209265250389841e-09
205    4.182437685492786e-09
206    4.156008221922138e-09
207    4.1299649456404786e-09
208    4.10429656805078e-09
209    4.078989752784094e-09
210    4.054022729953666e-09
211    4.0293780099667966e-09
212    4.005036957171035e-09
213    3.980986352812557e-09
214    3.957217977993242e-09
215    3.933594746618779e-09
216    3.9082377935607685e-09
217    3.883172415386637e-09
218    3.858405965984298e-09
219    3.833937895219951e-09
220    3.8097688190481065e-09
221    3.785902172621282e-09
222    3.762343684407065e-09
223    3.739097972417073e-09
224    3.7161684614537916e-09
225    3.6935568094644964e-09
226    3.6712522032755637e-09
227    3.649241153789124e-09
228    3.627515186225845e-09
229    3.606078414718018e-09
230    3.5849412104167547e-09
231    3.5641030082646802e-09
232    3.5435487167001345e-09
233    3.5232580786071025e-09
234    3.5032157641878363e-09
235    3.4834100745534136e-09
236    3.4638342826192278e-09
237    3.4444822273945257e-09
238    3.425346402484517e-09
239    3.406414725089942e-09
240    3.3876722566528185e-09
241    3.3691065455634026e-09
242    3.350709053337354e-09
243    3.332474098530992e-09
244    3.314393368313793e-09
245    3.2964583007924894e-09
246    3.2786614003404365e-09
247    3.26099689184637e-09
248    3.243459934492973e-09
249    3.2260465395404457e-09
250    3.208754162113416e-09
251    3.191580252665681e-09
252    3.1745239250204474e-09
253    3.1575854895329135e-09
254    3.1407631644165198e-09
255    3.124054586296558e-09
256    3.107457889347433e-09
257    3.0909742112355573e-09
258    3.0746068054989154e-09
259    3.044495479798985e-09
260    3.028240140212941e-09
261    3.012242294666783e-09
262    2.9965025844831023e-09
263    2.9810218464658546e-09
264    2.96579758421063e-09
265    2.9508241670166277e-09
266    2.9360936362100334e-09
267    2.9215952263959228e-09
268    2.9073199965831856e-09
269    2.893259108804799e-09
270    2.879402736800545e-09
271    2.873525693213413e-09
272    2.859029630283444e-09
273    2.844683743896305e-09
274    2.830485719038431e-09
275    2.816430945567103e-09
276    2.802518706860511e-09
277    2.7887507782139083e-09
278    2.7751281708691e-09
279    2.761649400347095e-09
280    2.74831157017529e-09
281    2.7351118408710183e-09
282    2.7220473348762566e-09
283    2.709118616326722e-09
284    2.696328192691863e-09
285    2.6836781351880604e-09
286    2.67116494288693e-09
287    2.658778770459111e-09
288    2.6465080683125198e-09
289    2.634344793143693e-09
290    2.622287537415546e-09
291    2.6103376472246366e-09
292    2.598498129307181e-09
293    2.5867665315486296e-09
294    2.5751378396818586e-09
295    2.563606636557919e-09
296    2.5521669068559497e-09
297    2.5408148676254193e-09
298    2.5295471156514377e-09
299    2.526074967174213e-09
300    2.5146563182999807e-09
301    2.5032703171275144e-09
302    2.491919418234811e-09
303    2.4806073688105782e-09
304    2.469335898514536e-09
305    2.4581069994311088e-09
306    2.4469233498463366e-09
307    2.435789980781534e-09
308    2.424713004482006e-09
309    2.4136987703121177e-09
310    2.4027501683122376e-09
311    2.391865862019373e-09
312    2.381045748750476e-09
313    2.370291529103871e-09
314    2.3596078628661435e-09
315    2.3488716514646793e-09
316    2.3387995274362104e-09
317    2.32878583772963e-09
318    2.3188318028168284e-09
319    2.308938786778775e-09
320    2.2991079616475642e-09
321    2.2893400098989294e-09
322    2.2796357658906802e-09
323    2.269997226250696e-09
324    2.2604269180159343e-09
325    2.2509264767362156e-09
326    2.241496137188116e-09
327    2.2321351347029297e-09
328    2.222842582534896e-09
329    2.2136176166247997e-09
330    2.2044610934374154e-09
331    2.1953744381705982e-09
332    2.1863590482144235e-09
333    2.1774163694392463e-09
334    2.1685475151164456e-09
335    2.1597529345827325e-09
336    2.1510326369894364e-09
337    2.142385917092821e-09
338    2.1338121061246073e-09
339    2.125310561584656e-09
340    2.1168808596470933e-09
341    2.108522253751234e-09
342    2.100234277032222e-09
343    2.0920162537431077e-09
344    2.0838670958708592e-09
345    2.07578579018391e-09
346    2.067771625505904e-09
347    2.059822970940275e-09
348    2.051938007680724e-09
349    2.0441153829670537e-09
350    2.036354038189259e-09
351    2.028652209942013e-09
352    2.0210084023158486e-09
353    2.0134209474336645e-09
354    2.0058879646109624e-09
355    1.9984074920472593e-09
356    1.9909780804910068e-09
357    1.9835986073510954e-09
358    1.9762678076586092e-09
359    1.968676445493105e-09
360    1.9616431200943752e-09
361    1.9546525002081563e-09
362    1.947702929792578e-09
363    1.940792792855003e-09
364    1.933921182400246e-09
365    1.9270873096132265e-09
366    1.9202903080341033e-09
367    1.9135289510535868e-09
368    1.9068011111802352e-09
369    1.9001047449391985e-09
370    1.8934383764399563e-09
371    1.886801835573057e-09
372    1.880195572785446e-09
373    1.87361975645677e-09
374    1.867072568167337e-09
375    1.8605514000137086e-09
376    1.8540536889538516e-09
377    1.8475769610569253e-09
378    1.8411188166988041e-09
379    1.8346767143372938e-09
380    1.828250273390938e-09
381    1.8218410677121975e-09
382    1.815450943784901e-09
383    1.8090816908850142e-09
384    1.8027345896711244e-09
385    1.7964104412227128e-09
386    1.7901098919905777e-09
387    1.7838334476317007e-09
388    1.7775816747548773e-09
389    1.7713547223193138e-09
390    1.7651526547377891e-09
391    1.7589755333992435e-09
392    1.7500012263003808e-09
393    1.7439854538152083e-09
394    1.7380116952019087e-09
395    1.7320799996784655e-09
396    1.7261899000370943e-09
397    1.7203406958326023e-09
398    1.7145318543904981e-09
399    1.7087631832333803e-09
400    1.7030343302588895e-09
401    1.6973447291871098e-09
402    1.6916938477818494e-09
403    1.6860812574332013e-09
404    1.6805066413146294e-09
405    1.6749696266824251e-09
406    1.6694697195227846e-09
407    1.6640067183362749e-09
408    1.6584469300841373e-09
409    1.6528514928856888e-09
410    1.6472942953392195e-09
411    1.6417738567234607e-09
412    1.6362896481372733e-09
413    1.6308434640884087e-09
414    1.6254374710023417e-09
415    1.6200742305003903e-09
416    1.6147562348862054e-09
417    1.609484537451666e-09
418    1.6042587633829946e-09
419    1.5990784478133356e-09
420    1.5939431190407063e-09
421    1.5888521875188142e-09
422    1.5838056949396267e-09
423    1.578804099143774e-09
424    1.5738473736552294e-09
425    1.568935267200325e-09
426    1.5640674861742387e-09
427    1.5592432686428071e-09
428    1.5544614633541898e-09
429    1.549720876988807e-09
430    1.5450206180499732e-09
431    1.540360249748153e-09
432    1.5357387470110541e-09
433    1.5311550169085633e-09
434    1.5266080391789375e-09
435    1.5220968221459502e-09
436    1.5176207648751135e-09
437    1.5131793353769607e-09
438    1.508771767288699e-09
439    1.504397356497721e-09
440    1.500055359196799e-09
441    1.4957440813060436e-09
442    1.4914610833157386e-09
443    1.4872043110386474e-09
444    1.4829721514644575e-09
445    1.4787632364240555e-09
446    1.4745770737305904e-09
447    1.470413491814273e-09
448    1.4662721670688252e-09
449    1.4622403979327613e-09
450    1.4579519337100076e-09
451    1.4536835190768615e-09
452    1.4494359631339521e-09
453    1.4452100566814913e-09
454    1.4410066469398748e-09
455    1.4368258140539543e-09
456    1.4326671219091008e-09
457    1.428530020900269e-09
458    1.4244138970330246e-09
459    1.4203181529735695e-09
460    1.4162424579888552e-09
461    1.4121867502180862e-09
462    1.4081512140973446e-09
463    1.4061097380344062e-09
464    1.4022026929923337e-09
465    1.398307230499516e-09
466    1.3944229582172446e-09
467    1.3905494949573787e-09
468    1.386686553332503e-09
469    1.382834026390796e-09
470    1.3789920187442973e-09
471    1.3751606812136516e-09
472    1.3713399486382493e-09
473    1.3675296932382374e-09
474    1.3637299396015075e-09
475    1.359941140837081e-09
476    1.3561638411445557e-09
477    1.352398572116566e-09
478    1.3486458940995423e-09
479    1.3449062924516511e-09
480    1.3411800377554513e-09
481    1.3374672088821317e-09
482    1.333767800983422e-09
483    1.3300821902315552e-09
484    1.326410974714947e-09
485    1.322754944369317e-09
486    1.31911494388184e-09
487    1.3154918223685045e-09
488    1.311886475893338e-09
489    1.308299777768189e-09
490    1.3047323579101853e-09
491    1.3011842600515774e-09
492    1.2976550975691926e-09
493    1.2941443301579308e-09
494    1.2906512793378169e-09
495    1.287175447528687e-09
496    1.283716538873222e-09
497    1.2802742718307459e-09
498    1.276848856887859e-09
499    1.2734414866671476e-09
500    1.2700533276562004e-09
501    1.2666853951530453e-09
502    1.2633384546787594e-09
503    1.2600130591599247e-09
504    1.2567096148667167e-09
505    1.2534284547975287e-09
506    1.2501695209673792e-09
507    1.2469322311915383e-09
508    1.2437159537498532e-09
509    1.2405201474147308e-09
510    1.2373442994913587e-09
511    1.2341878976580292e-09
512    1.2310504400626253e-09
513    1.2279313247184e-09
514    1.2248301782032e-09
515    1.2217468311102404e-09
516    1.2186810232319476e-09
517    1.215632595672238e-09
518    1.2126017041668025e-09
519    1.2095887511569152e-09
520    1.2065942418459647e-09
521    1.2036185957004818e-09
522    1.2006619335147907e-09
523    1.1977239583668627e-09
524    1.1948043332357772e-09
525    1.1919024823910132e-09
526    1.1890174742890078e-09
527    1.186148656312036e-09
528    1.1832956792328219e-09
529    1.1804583248612268e-09
530    1.1776362258139986e-09
531    1.1748289630066788e-09
532    1.1720363430227999e-09
533    1.1692581239256293e-09
534    1.1664940771596007e-09
535    1.163743990368552e-09
536    1.1610076834025e-09
537    1.1582849772584293e-09
538    1.1555753581387686e-09
539    1.152877989648519e-09
540    1.150192016541474e-09
541    1.1475166780314587e-09
542    1.1448515442905402e-09
543    1.1421963780434906e-09
544    1.139551400018863e-09
545    1.1369173449537599e-09
546    1.1342945263511489e-09
547    1.1316830131516182e-09
548    1.1290828733337529e-09
549    1.1264942093115924e-09
550    1.123916966316225e-09
551    1.1213505660032576e-09
552    1.1187943316048533e-09
553    1.1162476414213606e-09
554    1.113710086540504e-09
555    1.1111813253643614e-09
556    1.108661051228055e-09
557    1.1061491986416426e-09
558    1.1036458239891317e-09
559    1.1011509793667129e-09
560    1.0986647374706608e-09
561    1.0961871619216385e-09
562    1.0937181498378818e-09
563    1.0912575267820412e-09
564    1.0888050755167643e-09
565    1.0863605784452256e-09
566    1.0839238197719227e-09
567    1.0814945870941717e-09
568    1.0790727033637987e-09
569    1.0766580754159197e-09
570    1.0742505875087705e-09
571    1.0718500741660952e-09
572    1.0694563684892618e-09
573    1.0670693045049361e-09
574    1.0646887042740137e-09
575    1.0623143940387846e-09
576    1.0599464689951055e-09
577    1.0575851493773154e-09
578    1.0552306831414076e-09
579    1.0528833742989537e-09
580    1.0505437079450492e-09
581    1.0482122196897057e-09
582    1.0458892141849114e-09
583    1.0435747369715402e-09
584    1.0412687515536184e-09
585    1.038971039276153e-09
586    1.0366813797047246e-09
587    1.034399536258972e-09
588    1.0321253015307114e-09
589    1.029858725484826e-09
590    1.0275999951795291e-09
591    1.0253493036473586e-09
592    1.0231068315847248e-09
593    1.0208727485014675e-09
594    1.0186472280283838e-09
595    1.016430364250838e-09
596    1.0142222269823308e-09
597    1.0120229556468309e-09
598    1.0098327124086857e-09
599    1.0076515925853778e-09
