1    6.224882779805641e-09
2    9.381477522774785e-09
3    1.1579578693155127e-08
4    1.3225549931945226e-08
5    1.443555772031572e-08
6    1.5389330489705606e-08
7    1.6271022587763247e-08
8    1.6840048922999374e-08
9    1.7287823736669152e-08
10    1.7727868539447844e-08
11    1.8016275428142328e-08
12    1.8266295810152687e-08
13    1.8328875787678597e-08
14    1.8700928879723668e-08
15    1.8752344961962118e-08
16    1.875931718385094e-08
17    1.8739062619116306e-08
18    1.8803486811777992e-08
19    1.8769245947291092e-08
20    1.871632144113916e-08
21    1.8650912950611228e-08
22    1.8576294961209936e-08
23    1.8462072432649606e-08
24    1.836277458385437e-08
25    1.8310871446308307e-08
26    1.820985866526154e-08
27    1.809800974301161e-08
28    1.7939775314139054e-08
29    1.7944932084072663e-08
30    1.776517025932404e-08
31    1.7578553837530668e-08
32    1.738860403483734e-08
33    1.7198337994147652e-08
34    1.7010350253829523e-08
35    1.682705814283673e-08
36    1.6650178552012398e-08
37    1.648071157908499e-08
38    1.631899630950312e-08
39    1.6164513482217147e-08
40    1.601644895656361e-08
41    1.599067277434994e-08
42    1.5830859707736787e-08
43    1.5674036355297522e-08
44    1.5519897263190868e-08
45    1.5321903746981136e-08
46    1.51639257684944e-08
47    1.506920677764527e-08
48    1.4935511461847886e-08
49    1.4800140085357352e-08
50    1.4663126695023395e-08
51    1.4524901173058828e-08
52    1.4386069102347791e-08
53    1.4214488968576379e-08
54    1.4076927471774901e-08
55    1.3940578848332438e-08
56    1.3782879016458463e-08
57    1.3660257177534253e-08
58    1.3538273977959983e-08
59    1.3416365939801749e-08
60    1.3294037661496716e-08
61    1.3170915391602516e-08
62    1.3046851512128643e-08
63    1.2921733131461422e-08
64    1.2795636807300646e-08
65    1.2668720374841275e-08
66    1.2541158953188308e-08
67    1.2413241809679061e-08
68    1.228517525567457e-08
69    1.2157233415314237e-08
70    1.2029623094092139e-08
71    1.1902555686101471e-08
72    1.1776288434783927e-08
73    1.1651091776909378e-08
74    1.1527300395580332e-08
75    1.140519168583773e-08
76    1.128507231051273e-08
77    1.116719426406878e-08
78    1.1051780017678505e-08
79    1.0938946294255787e-08
80    1.0828753785347357e-08
81    1.0721201065605592e-08
82    1.0616209582728584e-08
83    1.0513692541181903e-08
84    1.0413539633848099e-08
85    1.0315652752762334e-08
86    1.021988088283847e-08
87    1.0126142217403888e-08
88    1.003433017205696e-08
89    9.878364880412715e-09
90    9.784265599267393e-09
91    9.692478163778069e-09
92    9.602932597156949e-09
93    9.515561640822301e-09
94    9.430295346261181e-09
95    9.347096734594414e-09
96    9.357117077543335e-09
97    9.278324087258237e-09
98    9.200624138346904e-09
99    9.123961780828065e-09
100    9.048294375820562e-09
101    8.973610553995395e-09
102    8.899901392815588e-09
103    8.827155017401246e-09
104    8.755341060542433e-09
105    8.684440987705244e-09
106    8.614435247870778e-09
107    8.545308319068193e-09
108    8.477036324104538e-09
109    8.409586437159528e-09
110    8.342914797451815e-09
111    8.276973225834076e-09
112    8.211705769195056e-09
113    8.147069979684597e-09
114    8.083011461940145e-09
115    8.019471234077315e-09
116    7.956385805511236e-09
117    7.893693413691446e-09
118    7.831344194068038e-09
119    7.769303005837831e-09
120    7.707538390868052e-09
121    7.646019432732672e-09
122    7.584716878923933e-09
123    7.523620099315193e-09
124    7.462750436860859e-09
125    7.402133728364968e-09
126    7.341792161002458e-09
127    7.281744009380291e-09
128    7.222018881909528e-09
129    7.16267283272453e-09
130    7.103766649876322e-09
131    7.045359965764127e-09
132    6.987508294583502e-09
133    6.930268386977408e-09
134    6.8737000903148396e-09
135    6.817861010429546e-09
136    6.762803184772485e-09
137    6.7085708876998495e-09
138    6.655209100198388e-09
139    6.602760021677246e-09
140    6.551259519304707e-09
141    6.500738459549963e-09
142    6.451220239123161e-09
143    6.402722357439668e-09
144    6.355255822823818e-09
145    6.30882101638028e-09
146    6.263408177145388e-09
147    6.218993787832692e-09
148    6.1942062636418034e-09
149    6.145033572276968e-09
150    6.09674877552918e-09
151    6.04937039478946e-09
152    6.002916062195902e-09
153    5.957396585832467e-09
154    5.912811394146706e-09
155    5.8691484607090504e-09
156    5.826402332563789e-09
157    5.784576337558051e-09
158    5.743654704368563e-09
159    5.750601772511307e-09
160    5.715701268177035e-09
161    5.681266762182176e-09
162    5.6472715546780204e-09
163    5.613677361149434e-09
164    5.580444317466524e-09
165    5.5475422249254805e-09
166    5.51495334917137e-09
167    5.482659998902346e-09
168    5.4506395005302455e-09
169    5.418866433052053e-09
170    5.387314277263234e-09
171    5.355954727126015e-09
172    5.3247621441964685e-09
173    5.293718643051872e-09
174    5.262813146847368e-09
175    5.232033606991475e-09
176    5.201356825639981e-09
177    5.170762037613553e-09
178    5.140237961936058e-09
179    5.109780313360946e-09
180    5.0793851238094855e-09
181    5.0490435867547515e-09
182    5.018747643964341e-09
183    4.988494648308772e-09
184    4.9582880675778035e-09
185    4.928134662684129e-09
186    4.898039781069968e-09
187    4.8680105011971e-09
188    4.838055851119628e-09
189    4.808184916057457e-09
190    4.77840650956376e-09
191    4.748732989740217e-09
192    4.719186418540858e-09
193    4.689790965705386e-09
194    4.660563567529906e-09
195    4.631516106284474e-09
196    4.602661639268553e-09
197    4.574019623067732e-09
198    4.5456098327035834e-09
199    4.517447417977208e-09
200    4.4895449560160975e-09
201    4.4619153669917175e-09
202    4.434573100174995e-09
203    4.40753318543086e-09
204    4.3808056808178484e-09
205    4.379158276197331e-09
206    4.356123845373024e-09
207    4.333293487651106e-09
208    4.310663397131736e-09
209    4.288227756828689e-09
210    4.265980945630886e-09
211    4.243917707890868e-09
212    4.222033253148814e-09
213    4.200322460687993e-09
214    4.1313964982937875e-09
215    4.108240300063325e-09
216    4.085399486343296e-09
217    4.062868506868476e-09
218    4.040638138196094e-09
219    4.018699171524427e-09
220    3.997047534906463e-09
221    3.975682353032468e-09
222    3.954599980560356e-09
223    3.933789161056726e-09
224    3.913237026057886e-09
225    3.892935938780464e-09
226    3.872884493385604e-09
227    3.853080957188635e-09
228    3.833518021583634e-09
229    3.814185824406645e-09
230    3.795075277633408e-09
231    3.776179192716279e-09
232    3.7574914611195835e-09
233    3.739005257454278e-09
234    3.720713406614097e-09
235    3.7026091566735857e-09
236    3.684687380274276e-09
237    3.6669439714635127e-09
238    3.6493750829139138e-09
239    3.631977389896088e-09
240    3.6147474616479675e-09
241    3.5976793819359695e-09
242    3.580765894278883e-09
243    3.5640007754036442e-09
244    3.5473804963802936e-09
245    3.5309022403740175e-09
246    3.514563143189471e-09
247    3.4983598353441552e-09
248    3.482289046985782e-09
249    3.466346363145246e-09
250    3.450526525053754e-09
251    3.4348239756989974e-09
252    3.419235728514165e-09
253    3.403758738295952e-09
254    3.388386067591326e-09
255    3.373109552228424e-09
256    3.3579250066240155e-09
257    3.342832641721185e-09
258    3.3278340248163143e-09
259    3.312929496885013e-09
260    3.2981172312296222e-09
261    3.2833935270943333e-09
262    3.268754891172767e-09
263    3.2541978795918243e-09
264    3.2397183170583965e-09
265    3.2253118257125926e-09
266    3.2109739322229714e-09
267    3.1967002356673857e-09
268    3.1824870980852524e-09
269    3.1683322422843176e-09
270    3.1542325340508073e-09
271    3.1401837391746246e-09
272    3.1261825320101014e-09
273    3.112226654854391e-09
274    3.098313985285855e-09
275    3.0844414197292384e-09
276    3.0706056419069595e-09
277    3.0568047736424034e-09
278    3.043036890861097e-09
279    3.0293007826798386e-09
280    3.015595958907097e-09
281    3.001922058833388e-09
282    2.98827890586712e-09
283    2.9746668940998616e-09
284    2.9610869535266585e-09
285    2.9475403527267534e-09
286    2.934027709233656e-09
287    2.9205497477079993e-09
288    2.9071087632580723e-09
289    2.893707787262234e-09
290    2.880349115422709e-09
291    2.8670332255603664e-09
292    2.8537608792559164e-09
293    2.840534344520516e-09
294    2.827356662584491e-09
295    2.8142316345547957e-09
296    2.8011632041043073e-09
297    2.7881551160914883e-09
298    2.7752106172994065e-09
299    2.762332797346321e-09
300    2.749526705637437e-09
301    2.7367983461961733e-09
302    2.713913177060247e-09
303    2.704240686970958e-09
304    2.6946340931621126e-09
305    2.6850881260752476e-09
306    2.6755975286417385e-09
307    2.6661570796753862e-09
308    2.6567617092352118e-09
309    2.6474071918024143e-09
310    2.638091584123608e-09
311    2.6288133976791636e-09
312    2.6195711616653463e-09
313    2.610363421067573e-09
314    2.601188010912684e-09
315    2.5920403429054115e-09
316    2.5829156100772484e-09
317    2.5738092704179778e-09
318    2.5647169220488256e-09
319    2.5556347266322578e-09
320    2.546560944977444e-09
321    2.5374944316169873e-09
322    2.528434057323257e-09
323    2.519378806872645e-09
324    2.5103279749537587e-09
325    2.5012802444528395e-09
326    2.4922340786448298e-09
327    2.4831879838394445e-09
328    2.4741405063356237e-09
329    2.4650901579946914e-09
330    2.4560349365139147e-09
331    2.446972679051661e-09
332    2.4379014064697655e-09
333    2.4288202726399337e-09
334    2.4197294983727547e-09
335    2.4106304508458266e-09
336    2.401524967557425e-09
337    2.39241485153216e-09
338    2.383301869216073e-09
339    2.3741875541600444e-09
340    2.3650713621230863e-09
341    2.3559515915396257e-09
342    2.3468270289120764e-09
343    2.337697001751962e-09
344    2.328561001390173e-09
345    2.319419816080916e-09
346    2.3102751158683637e-09
347    2.301128622618766e-09
348    2.262851993608588e-09
349    2.2550345464819744e-09
350    2.2472635346652144e-09
351    2.239535626369012e-09
352    2.2318475909867956e-09
353    2.224196318765942e-09
354    2.2165788423017608e-09
355    2.2089922292150553e-09
356    2.2014335749116606e-09
357    2.1938999301912573e-09
358    2.186388763164683e-09
359    2.1788985641944234e-09
360    2.1714280440197985e-09
361    2.163976413819095e-09
362    2.156543351863012e-09
363    2.1491280955800735e-09
364    2.1417289644296334e-09
365    2.134344145577864e-09
366    2.126971833514618e-09
367    2.1196102838481227e-09
368    2.112258420594061e-09
369    2.1049165113001833e-09
370    2.0975851008135624e-09
371    2.0902647159886725e-09
372    2.0829558470620103e-09
373    2.0684807459814396e-09
374    2.0599878293551396e-09
375    2.051552006621994e-09
376    2.0431746001489797e-09
377    2.034856821926298e-09
378    2.026599817251776e-09
379    2.018404469876118e-09
380    2.0102719142822255e-09
381    2.0022044706201475e-09
382    1.9942045506086806e-09
383    1.986274476731754e-09
384    1.9784164843505634e-09
385    1.9706323485413784e-09
386    1.962922719905306e-09
387    1.9552880265683096e-09
388    1.9477284617033775e-09
389    1.9402437661758273e-09
390    1.9328340154097994e-09
391    1.9255000353745427e-09
392    1.9182427685063e-09
393    1.911063132210139e-09
394    1.9039620068840977e-09
395    1.89694003649787e-09
396    1.8899970310400474e-09
397    1.8831324951428416e-09
398    1.897665479174278e-09
399    1.8908127651819163e-09
400    1.883989061418051e-09
401    1.8771954627217486e-09
402    1.870433065473513e-09
403    1.8637030695566443e-09
404    1.8570066658871007e-09
405    1.850345019470315e-09
406    1.843719256549857e-09
407    1.8371301574983088e-09
408    1.830578030091247e-09
409    1.8240632539128857e-09
410    1.8175861941541632e-09
411    1.8111471992020603e-09
412    1.8047469715710436e-09
413    1.7983869783856235e-09
414    1.7920687529473868e-09
415    1.7857939032578418e-09
416    1.7795640177157198e-09
417    1.7733798602218882e-09
418    1.767241169983682e-09
419    1.7611476570204623e-09
420    1.755099064817846e-09
421    1.7490951571718892e-09
422    1.7431362883227857e-09
423    1.737223044657755e-09
424    1.7313558981988184e-09
425    1.7255354337620016e-09
426    1.7197622317423775e-09
427    1.7140362358914956e-09
428    1.7083567867656074e-09
429    1.7027231875278424e-09
430    1.6971347746148744e-09
431    1.6915908639759667e-09
432    1.6860911038331581e-09
433    1.6806354192480214e-09
434    1.675223737848112e-09
435    1.669855983011411e-09
436    1.6645320568113928e-09
437    1.6592516846626631e-09
438    1.6540144839339962e-09
439    1.6488200671420345e-09
440    1.6436679931639585e-09
441    1.6385577294376357e-09
442    1.6334887322191145e-09
443    1.6284604551584496e-09
444    1.623472318883521e-09
445    1.6185235940139805e-09
446    1.613613583511869e-09
447    1.6087419608026247e-09
448    1.6039085214876388e-09
449    1.599113061351345e-09
450    1.5943553668258591e-09
451    1.5896349415710665e-09
452    1.584950612341455e-09
453    1.5803010453108688e-09
454    1.5756848818693338e-09
455    1.5711007860080138e-09
456    1.5665475676807006e-09
457    1.5620244114079267e-09
458    1.5575305822850862e-09
459    1.5530653892695148e-09
460    1.548628183911979e-09
461    1.5442184107556175e-09
462    1.5398353897855911e-09
463    1.5354783793908766e-09
464    1.531146651833408e-09
465    1.526839492002947e-09
466    1.5225561079794064e-09
467    1.5182955687867164e-09
468    1.5140570122844528e-09
469    1.5098399489032599e-09
470    1.5056440268257506e-09
471    1.5014692015883714e-09
472    1.4973157718643968e-09
473    1.4931838990393606e-09
474    1.4890737030185637e-09
475    1.4849852513827379e-09
476    1.4809180501745298e-09
477    1.4768708828398995e-09
478    1.472842519250971e-09
479    1.4688317749112714e-09
480    1.4648375151827685e-09
481    1.4608590381347794e-09
482    1.4568959774361188e-09
483    1.4529479493130887e-09
484    1.4490147390513944e-09
485    1.4450963187988732e-09
486    1.4411924679472716e-09
487    1.437302880113507e-09
488    1.433427614431227e-09
489    1.4295665381176367e-09
490    1.425718839829938e-09
491    1.421884309409723e-09
492    1.4241673494295643e-09
493    1.42019142501961e-09
494    1.4162265589286505e-09
495    1.4122721459904608e-09
496    1.4083276508284217e-09
497    1.4043931372899223e-09
498    1.4004690085813418e-09
499    1.3965556226868002e-09
500    1.3926532249301906e-09
501    1.3887621130173956e-09
502    1.384882498286783e-09
503    1.3810144793156082e-09
504    1.377158165338286e-09
505    1.37331366272467e-09
506    1.3694810740251381e-09
507    1.365660585015873e-09
508    1.3618524110156572e-09
509    1.3580565259670774e-09
510    1.3542728223144684e-09
511    1.3505011932195364e-09
512    1.346741508293032e-09
513    1.3429936201884662e-09
514    1.3392573857812862e-09
515    1.3355327314615287e-09
516    1.331819697046988e-09
517    1.328118315092892e-09
518    1.324428573686583e-09
519    1.3207504434024587e-09
520    1.317083894310894e-09
521    1.3117627946060664e-09
522    1.3082356949235532e-09
523    1.3047169055328941e-09
524    1.3012065960476784e-09
525    1.2977049469748492e-09
526    1.2942121829615086e-09
527    1.2907285397354119e-09
528    1.2872542645946056e-09
529    1.283789663391443e-09
530    1.2803349745378484e-09
531    1.2768903356196708e-09
532    1.273455874333569e-09
533    1.2700317152353557e-09
534    1.2666179677177247e-09
535    1.2632146013527445e-09
536    1.2598215001188007e-09
537    1.2564385929349865e-09
538    1.253065973937743e-09
539    1.2497038401412037e-09
540    1.2463525901995374e-09
541    1.243012714616984e-09
542    1.239684716271104e-09
543    1.2363691138668122e-09
544    1.23306633494418e-09
545    1.229776494567173e-09
546    1.2264995362341083e-09
547    1.2232353932498832e-09
548    1.21998404478694e-09
549    1.2167455250446419e-09
550    1.2135200304201036e-09
551    1.2103077923047084e-09
552    1.2071090293660467e-09
553    1.2039239665135967e-09
554    1.2007528406320417e-09
555    1.19759588294468e-09
556    1.194453320743229e-09
557    1.1913253771153833e-09
558    1.1882122763177521e-09
559    1.1851142062596396e-09
560    1.1820312894540205e-09
561    1.1789638031658967e-09
562    1.1759121085203584e-09
563    1.1728765574377495e-09
564    1.1698575071326363e-09
565    1.16685533759806e-09
566    1.1638704398778417e-09
567    1.1609031987647755e-09
568    1.1579539336396529e-09
569    1.1550227325377644e-09
570    1.1521095680112376e-09
571    1.1492143821583806e-09
572    1.1463371136546725e-09
573    1.1434776998344927e-09
574    1.1406360767382618e-09
575    1.1378121813681307e-09
576    1.135006065763603e-09
577    1.132217951022435e-09
578    1.129448056725259e-09
579    1.1266965822537976e-09
580    1.1239636825342082e-09
581    1.1212494720126493e-09
582    1.1185540566759287e-09
583    1.1158775186488348e-09
584    1.1132197387475202e-09
585    1.1105804756145347e-09
586    1.1079594891288136e-09
587    1.1053565412223114e-09
588    1.1027713958038233e-09
589    1.1002038299471104e-09
590    1.097653614707155e-09
591    1.0951204790556372e-09
592    1.0926042464036123e-09
593    1.0901047813768963e-09
594    1.0876219543794364e-09
595    1.0851556469281333e-09
596    1.0827057566872604e-09
597    1.080272176683889e-09
598    1.0778547315981083e-09
599    1.075453136444612e-09
