1    6.272928666953813e-09
2    9.45378935153178e-09
3    1.1657193046324482e-08
4    1.3312871621301779e-08
5    1.453220930779974e-08
6    1.5483945839719695e-08
7    1.6373805813653052e-08
8    1.6940107068937863e-08
9    1.7389689149174234e-08
10    1.7832149853591227e-08
11    1.8120808835801382e-08
12    1.837440307468209e-08
13    1.8419657659874624e-08
14    1.8798262838366577e-08
15    1.8842062731791495e-08
16    1.8843574597072214e-08
17    1.8820330925991273e-08
18    1.8785797392166797e-08
19    1.8853480606599797e-08
20    1.8797663511639607e-08
21    1.8730075122819655e-08
22    1.862994464906071e-08
23    1.8533208152551343e-08
24    1.8470851020684756e-08
25    1.8378392875320023e-08
26    1.8272399538408993e-08
27    1.8113636145030016e-08
28    1.8002415569282117e-08
29    1.7980058612517577e-08
30    1.7792428364243195e-08
31    1.7599104951500612e-08
32    1.7403604680201174e-08
33    1.720897675807229e-08
34    1.701791247499524e-08
35    1.683269597856618e-08
36    1.665475810113052e-08
37    1.648488088207956e-08
38    1.6322858826909725e-08
39    1.616798962971375e-08
40    1.6019069242125504e-08
41    1.5874830666116805e-08
42    1.573420344652608e-08
43    1.5596217752215185e-08
44    1.5459956574292706e-08
45    1.5324506073467553e-08
46    1.5188723108341346e-08
47    1.5051700574248983e-08
48    1.4912979832427485e-08
49    1.4772435659450245e-08
50    1.4630451133980001e-08
51    1.4461373706688135e-08
52    1.4317791051432473e-08
53    1.4175608666433782e-08
54    1.4034670854545576e-08
55    1.3894801730578033e-08
56    1.3744044518390518e-08
57    1.3617997307643927e-08
58    1.3492054600894894e-08
59    1.336569253738413e-08
60    1.3238523181186537e-08
61    1.3110302166091364e-08
62    1.2980923513239219e-08
63    1.2850455526305019e-08
64    1.271904604518221e-08
65    1.2586900749346242e-08
66    1.245429113673201e-08
67    1.2321474022755549e-08
68    1.2188737111847157e-08
69    1.205630809981814e-08
70    1.1924404939681874e-08
71    1.1793314901236143e-08
72    1.1663355408543542e-08
73    1.1534850994042694e-08
74    1.1408122148669695e-08
75    1.1283472353854713e-08
76    1.1161169510837498e-08
77    1.1041429804829432e-08
78    1.0924383601806535e-08
79    1.0810089276513203e-08
80    1.0698566890877203e-08
81    1.0589718428896195e-08
82    1.0483422727043154e-08
83    1.0379575346433163e-08
84    1.0278056746200814e-08
85    1.0178753915211056e-08
86    1.0081551753972517e-08
87    9.986340390930516e-09
88    9.893008456192898e-09
89    9.801439464143873e-09
90    9.633851937678222e-09
91    9.541174443154896e-09
92    9.450728558594471e-09
93    9.362483191827452e-09
94    9.276435816587125e-09
95    9.192593550657276e-09
96    9.110923633723538e-09
97    9.121019581938993e-09
98    9.04140202128895e-09
99    8.962833396009577e-09
100    8.885297848249384e-09
101    8.80878123616196e-09
102    8.733265233636262e-09
103    8.658717569446004e-09
104    8.585112401272756e-09
105    8.512433071280045e-09
106    8.440660784706023e-09
107    8.369761239467297e-09
108    8.299695028119195e-09
109    8.230411036975667e-09
110    8.161850874188027e-09
111    8.093968546593714e-09
112    8.026708251041267e-09
113    7.960009512549617e-09
114    7.893808888585556e-09
115    7.828039202816308e-09
116    7.762641612607872e-09
117    7.697572931683128e-09
118    7.632798282808766e-09
119    7.568287334730888e-09
120    7.504014724293129e-09
121    7.439963673507256e-09
122    7.3761446114987576e-09
123    7.3125763286562815e-09
124    7.2492823884727765e-09
125    7.186297635213993e-09
126    7.123661946600905e-09
127    7.061429977720865e-09
128    6.999659099159404e-09
129    6.938406666805549e-09
130    6.87773103862039e-09
131    6.817690741739063e-09
132    6.758349000871406e-09
133    6.699766245890284e-09
134    6.641997165681721e-09
135    6.585091331268088e-09
136    6.529098103525307e-09
137    6.474065465755647e-09
138    6.4200335874289314e-09
139    6.36703583005721e-09
140    6.3150938258663265e-09
141    6.264220971463925e-09
142    6.214425612866963e-09
143    6.165707827754142e-09
144    6.153498987554838e-09
145    6.100226530274403e-09
146    6.047822519558145e-09
147    5.9963159862103725e-09
148    5.9457362238569065e-09
149    5.896110431817407e-09
150    5.847459374447737e-09
151    5.7997878455886475e-09
152    5.753095996734973e-09
153    5.707382361584973e-09
154    5.6626427649661485e-09
155    5.6550456503657905e-09
156    5.617408413163372e-09
157    5.580323121834318e-09
158    5.543755980255884e-09
159    5.507675165159609e-09
160    5.472045565555175e-09
161    5.436832737805243e-09
162    5.402004190888508e-09
163    5.367531111056504e-09
164    5.333388279648833e-09
165    5.29955078834187e-09
166    5.265993635379235e-09
167    5.2326910422627084e-09
168    5.199616706117503e-09
169    5.166745066850095e-09
170    5.134053517521584e-09
171    5.10152080303998e-09
172    5.069128114270863e-09
173    5.036857307336397e-09
174    5.004690411567363e-09
175    4.9726158992129965e-09
176    4.940623714031585e-09
177    4.908702524690832e-09
178    4.876841427761393e-09
179    4.845031801230182e-09
180    4.813272798421207e-09
181    4.781566714394233e-09
182    4.749917879103284e-09
183    4.718332620889842e-09
184    4.686818613738825e-09
185    4.655386647790213e-09
186    4.6240480490093075e-09
187    4.592814260101489e-09
188    4.561696318847483e-09
189    4.5307082001378015e-09
190    4.499869391798981e-09
191    4.469199866543867e-09
192    4.438719112103153e-09
193    4.408445455543443e-09
194    4.378396068743129e-09
195    4.348587104608715e-09
196    4.319033483729385e-09
197    4.289750299888903e-09
198    4.2607541602926426e-09
199    4.232059426726712e-09
200    4.203678803188931e-09
201    4.175623115646331e-09
202    4.147900065083293e-09
203    4.120516100650584e-09
204    4.093473998735981e-09
205    4.06677611568082e-09
206    4.078350636806598e-09
207    4.055023553244716e-09
208    4.031894026306783e-09
209    4.008956723643819e-09
210    3.9862055427157535e-09
211    3.963631565348621e-09
212    3.941226420262155e-09
213    3.918982210264683e-09
214    3.896891278441716e-09
215    3.818729566967446e-09
216    3.795740862745578e-09
217    3.7730602209701215e-09
218    3.750681150554612e-09
219    3.728596171119656e-09
220    3.7067979944995255e-09
221    3.685279356063608e-09
222    3.664033467149239e-09
223    3.6430531857976103e-09
224    3.62233123544619e-09
225    3.6018606183557817e-09
226    3.5816345421814876e-09
227    3.5616458600024743e-09
228    3.5418863152308606e-09
229    3.5223482153747566e-09
230    3.5030240502037576e-09
231    3.483906722186915e-09
232    3.464989893159323e-09
233    3.4462695917954364e-09
234    3.4277429443953465e-09
235    3.409405649944856e-09
236    3.3912510729859254e-09
237    3.373272721185004e-09
238    3.355465341940404e-09
239    3.3378241869777606e-09
240    3.320344424223291e-09
241    3.303021140346559e-09
242    3.2858496457477073e-09
243    3.268824767690942e-09
244    3.2519410599757702e-09
245    3.2351936662141816e-09
246    3.218578115137446e-09
247    3.2020903426318128e-09
248    3.185727010353006e-09
249    3.1694849255600087e-09
250    3.1533606544677987e-09
251    3.1373500837026247e-09
252    3.121449218134787e-09
253    3.105654402923655e-09
254    3.0899623907815207e-09
255    3.0743708056298043e-09
256    3.058877635914814e-09
257    3.043480409210916e-09
258    3.0281762010002973e-09
259    3.0129621681964926e-09
260    2.9978353049432026e-09
261    2.982791657150169e-09
262    2.9678260978147407e-09
263    2.952933059422174e-09
264    2.9381071751925844e-09
265    2.923344246094607e-09
266    2.908641459759526e-09
267    2.8939954947262963e-09
268    2.879402899788419e-09
269    2.864860453913738e-09
270    2.8503651308880524e-09
271    2.8359140353289878e-09
272    2.8215042848783186e-09
273    2.8071338968301397e-09
274    2.792801599688264e-09
275    2.778505729072706e-09
276    2.7642454745050354e-09
277    2.750020246781822e-09
278    2.7358295132138193e-09
279    2.7216728993336376e-09
280    2.7075502959816893e-09
281    2.693462806450567e-09
282    2.679411998764821e-09
283    2.665399372543768e-09
284    2.651426282231076e-09
285    2.5913255031197723e-09
286    2.5796198386244887e-09
287    2.568087552385299e-09
288    2.5567209664323793e-09
289    2.545512065801688e-09
290    2.5344528188556682e-09
291    2.5235353563055804e-09
292    2.5127514779016405e-09
293    2.502092325184191e-09
294    2.49154935367346e-09
295    2.4811145055123954e-09
296    2.470780460611457e-09
297    2.4605402495126644e-09
298    2.4503872827396298e-09
299    2.440315220361959e-09
300    2.430318149412987e-09
301    2.4203910060658685e-09
302    2.4105285115253555e-09
303    2.4007252947593865e-09
304    2.3909761588912903e-09
305    2.3812762616561882e-09
306    2.3716216090947423e-09
307    2.3482491173143375e-09
308    2.3362433068539987e-09
309    2.3243640408650355e-09
310    2.3126135892603115e-09
311    2.300993787948323e-09
312    2.2895060638182737e-09
313    2.278151751893228e-09
314    2.2669320621967256e-09
315    2.2558479923431307e-09
316    2.2449003465373927e-09
317    2.2340898051064622e-09
318    2.223416413937631e-09
319    2.21287879834974e-09
320    2.202474932338362e-09
321    2.192202656414098e-09
322    2.182059887696744e-09
323    2.172044653526405e-09
324    2.162155003299852e-09
325    2.1523887574995754e-09
326    2.1427434252474877e-09
327    2.1332160489430267e-09
328    2.1238035720417204e-09
329    2.114502404316236e-09
330    2.1053087751988166e-09
331    2.09621899961649e-09
332    2.0872295225920238e-09
333    2.0783369119024056e-09
334    2.0695374781939783e-09
335    2.0608274220945974e-09
336    2.052202848998373e-09
337    2.043659883038687e-09
338    2.0351947530693423e-09
339    2.026803653747069e-09
340    2.0184824942067382e-09
341    2.0102271283782274e-09
342    2.002033248797483e-09
343    1.9938968598490122e-09
344    1.9858144563707424e-09
345    1.9777827345098823e-09
346    1.9697985461635743e-09
347    1.9618588575148533e-09
348    1.9539607408408693e-09
349    1.9461014874738334e-09
350    1.938278429014779e-09
351    1.9304888031523796e-09
352    1.9227298841809624e-09
353    1.914998915773532e-09
354    1.9072933815268378e-09
355    1.89961094627606e-09
356    1.891949462148551e-09
357    1.8843074613702317e-09
358    1.876683840608529e-09
359    1.8690776664073185e-09
360    1.861488058689648e-09
361    1.8539140753042227e-09
362    1.8463547902991312e-09
363    1.8388093174530715e-09
364    1.8312770023830161e-09
365    1.8237576020144114e-09
366    1.8162509307479921e-09
367    1.8087568287775298e-09
368    1.80127512340673e-09
369    1.7938056125565077e-09
370    1.7863480831895882e-09
371    1.7789026095222107e-09
372    1.771469718231165e-09
373    1.7640500732366225e-09
374    1.7566442259262813e-09
375    1.7492526016718242e-09
376    1.7418756048761237e-09
377    1.7345136325835687e-09
378    1.7271670402731501e-09
379    1.7198362227372455e-09
380    1.7125217542187733e-09
381    1.7052242637074109e-09
382    1.6979446493713436e-09
383    1.6906838818925157e-09
384    1.683442863344355e-09
385    1.6762225846078815e-09
386    1.6690240342651319e-09
387    1.661848253463605e-09
388    1.6546962305982855e-09
389    1.6251733583915861e-09
390    1.6179985824180337e-09
391    1.6109057506819178e-09
392    1.6038949888410654e-09
393    1.5969659921522806e-09
394    1.5901182082832073e-09
395    1.5833510260904803e-09
396    1.5766636666749267e-09
397    1.5700553201730833e-09
398    1.5635251790314167e-09
399    1.5570724212651336e-09
400    1.5506961653245332e-09
401    1.5443953780776532e-09
402    1.5381687399370057e-09
403    1.5509660282626012e-09
404    1.5443360240844641e-09
405    1.537747550813108e-09
406    1.5312016493825899e-09
407    1.5246992988376422e-09
408    1.5182414072235774e-09
409    1.5118288094084594e-09
410    1.5054620555521034e-09
411    1.4991415526610881e-09
412    1.4928675927142563e-09
413    1.4866403598958227e-09
414    1.4804600898229958e-09
415    1.4743270289894932e-09
416    1.4682414089155854e-09
417    1.4622034433381345e-09
418    1.4562131727863922e-09
419    1.450270607680487e-09
420    1.4443758286235696e-09
421    1.4385290246950405e-09
422    1.4327304080078973e-09
423    1.4269801808251248e-09
424    1.4212785311430101e-09
425    1.4156255281771917e-09
426    1.410020923339085e-09
427    1.404464304192446e-09
428    1.3989552538283408e-09
429    1.3934933584278982e-09
430    1.3880782068701226e-09
431    1.382709375673818e-09
432    1.3773864078758515e-09
433    1.3721087962024071e-09
434    1.3668760045233773e-09
435    1.3616874262193702e-09
436    1.3565424033245047e-09
437    1.3514403664480807e-09
438    1.3463808275024328e-09
439    1.3413632808687714e-09
440    1.336387085156181e-09
441    1.3314515537136394e-09
442    1.3265560108928815e-09
443    1.321699799527832e-09
444    1.3168822754527718e-09
445    1.3121027724841144e-09
446    1.3073604179979315e-09
447    1.3026542688788897e-09
448    1.2979834258555342e-09
449    1.2933470265053295e-09
450    1.2887442201156051e-09
451    1.2841741409225504e-09
452    1.2796359337241776e-09
453    1.2751287445145773e-09
454    1.2706517401921795e-09
455    1.2662042131089662e-09
456    1.2617855396590583e-09
457    1.2573949708019257e-09
458    1.2530317587363e-09
459    1.2486951722913985e-09
460    1.244384509683742e-09
461    1.2400991078953424e-09
462    1.2358383295713932e-09
463    1.2316016616153792e-09
464    1.227388672767887e-09
465    1.2231989445594116e-09
466    1.2190320660661273e-09
467    1.2148875147684193e-09
468    1.210764673628328e-09
469    1.2066629317043522e-09
470    1.2025816871618718e-09
471    1.198520415583007e-09
472    1.1944786282436024e-09
473    1.1904558595652279e-09
474    1.1864516807441896e-09
475    1.1824656823731958e-09
476    1.178497465275894e-09
477    1.174546615646585e-09
478    1.1706126461922264e-09
479    1.1666950856240574e-09
480    1.1627934661967348e-09
481    1.158907385497715e-09
482    1.1550364768417204e-09
483    1.1573554985568366e-09
484    1.153355937219643e-09
485    1.1493686390115358e-09
486    1.145393607298982e-09
487    1.1414308417009322e-09
488    1.1374803440976436e-09
489    1.133542115891484e-09
490    1.1296161620407877e-09
491    1.1257025013642453e-09
492    1.1218011538207346e-09
493    1.1179120670687823e-09
494    1.1140349904631012e-09
495    1.1101696775515226e-09
496    1.1063160864651753e-09
497    1.1024742789948768e-09
498    1.0986443832268474e-09
499    1.0948265381486802e-09
500    1.091020882333591e-09
501    1.0872275551308907e-09
502    1.0834466474926898e-09
503    1.079678095504699e-09
504    1.0730554340843959e-09
505    1.0694520413985974e-09
506    1.0658581751092603e-09
507    1.0622736580022323e-09
508    1.0586983239616108e-09
509    1.0551320853557763e-09
510    1.0515749962049297e-09
511    1.0480271338377383e-09
512    1.0444885696558418e-09
513    1.0409594008623636e-09
514    1.037439732485868e-09
515    1.0339296657376344e-09
516    1.0304292744500735e-09
517    1.02693860784326e-09
518    1.0234577186237051e-09
519    1.0199866699342224e-09
520    1.0165255787748952e-09
521    1.0130745878015614e-09
522    1.009633788408163e-09
523    1.0062033263453575e-09
524    1.0027833560485805e-09
525    9.99374026882522e-10
526    9.959754846006415e-10
527    9.925878713255706e-10
528    9.892113252260833e-10
529    9.85845980455132e-10
530    9.824919732310345e-10
531    9.791494777624393e-10
532    9.758186849529194e-10
533    9.724997985713948e-10
534    9.691930231725316e-10
535    9.658985578494282e-10
536    9.62616622055961e-10
537    9.593474589406962e-10
538    9.560912998806153e-10
539    9.528483294289462e-10
540    9.496187219100473e-10
541    9.464026619812428e-10
542    9.432003697814665e-10
543    9.400120771947341e-10
544    9.368380107562861e-10
545    9.336783878608004e-10
546    9.305334278592718e-10
547    9.274033711526117e-10
548    9.242884538231683e-10
549    9.211889036155084e-10
550    9.181049458893281e-10
551    9.150368015097571e-10
552    9.119846924174855e-10
553    9.089488538210723e-10
554    9.059295555453287e-10
555    9.02927076405563e-10
556    8.999416654154851e-10
557    8.969735545495514e-10
558    8.940229613478772e-10
559    8.910900947787938e-10
560    8.881751660412675e-10
561    8.852784009958325e-10
562    8.824000421399734e-10
563    8.795402847497309e-10
564    8.766992694433412e-10
565    8.738771183857613e-10
566    8.710739436038014e-10
567    8.68289855076831e-10
568    8.655249590573933e-10
569    8.627793531030571e-10
570    8.6005312571389e-10
571    8.573463582580109e-10
572    8.546591127510342e-10
573    8.519913944036697e-10
574    8.493431377890211e-10
575    8.467142697820508e-10
576    8.441047069804123e-10
577    8.415143207974305e-10
578    8.38942917484097e-10
579    8.363902955574035e-10
580    8.338562558950168e-10
581    8.313406046483295e-10
582    8.288431572323869e-10
583    8.26363741922003e-10
584    8.239021463497261e-10
585    8.214581322820353e-10
586    8.190314715611142e-10
587    8.166219467760971e-10
588    8.142293445755759e-10
589    8.118534666874776e-10
590    8.094941282987494e-10
591    8.029532369911576e-10
592    8.00613463699556e-10
593    7.982936809596335e-10
594    7.959936534038e-10
595    7.937131303393739e-10
596    7.914518511510741e-10
597    7.892095565536871e-10
598    7.869859911265374e-10
599    7.847809032221658e-10
