18  1.878579427652594e-08  1.6277116116588397e-09  5.186139556861386e-16
54  1.4034703280327808e-08  7.084981779480678e-10  5.762377285401543e-17
90  9.633797355198143e-09  3.774044093737296e-10  2.0744558227445635e-17
126  7.1236354201370794e-09  2.3604248292154576e-10  1.0583958279308986e-17
162  5.40200800190422e-09  1.5792914813487753e-10  6.4026414282239674e-18
198  4.260830382841036e-09  1.1270618319624036e-10  4.286065749472216e-18
234  3.4276796899023476e-09  8.341853525547297e-11  3.068721631278948e-18
270  2.850530294374147e-09  6.459156069188279e-11  2.3049509141606357e-18
306  2.371596982518752e-09  5.048465605160083e-11  1.7945119573914842e-18
342  2.0020957957182177e-09  4.0317010134157337e-11  1.4366037553632754e-18
378  1.727246666706386e-09  3.308683101781219e-11  1.1759953643676698e-18
414  1.4805576118249554e-09  2.710171637931683e-11  9.80366645909522e-19
450  1.2887675712001495e-09  2.2628770296544593e-11  8.297823290978245e-19
486  1.145485420713202e-09  1.9354497301749934e-11  7.114046031359951e-19
522  1.009628996246499e-09  1.646085614530406e-11  6.166634431464191e-19
558  8.940556784529391e-10  1.409894866334536e-11  5.396607239189817e-19
594  7.96037637945285e-10  1.2167221797840634e-11  4.762295277191382e-19
