10.0   2.6938836638499707e-09
60.0   7.483010177361029e-11
110.0   2.226350135413199e-11
160.0   1.0522983061913948e-11
210.0   6.108579736621248e-12
260.0   3.985035005695223e-12
310.0   2.8032088073360777e-12
360.0   2.078613938155841e-12
410.0   1.602548283075533e-12
460.0   1.2731019205340127e-12
510.0   1.035710751191838e-12
560.0   8.590190254623631e-13
610.0   7.239676602660496e-13
660.0   6.184305931703331e-13
710.0   5.343946962606566e-13
760.0   4.663926010820585e-13
810.0   4.105904075369563e-13
860.0   3.642352168537007e-13
910.0   3.2530898005675286e-13
960.0   2.923050850531652e-13
1010.0   2.640803513233968e-13
1060.0   2.397546870638991e-13
1110.0   2.186416414130323e-13
1160.0   2.0019943994128797e-13
1210.0   1.8399587895976849e-13
1260.0   1.6968277046170134e-13
1310.0   1.5697707964862015e-13
1360.0   1.456468243863522e-13
1410.0   1.3550041063578144e-13
1460.0   1.2637847925736398e-13
1510.0   1.1814761036138636e-13
1560.0   1.1069541682486728e-13
1610.0   1.0392668739053165e-13
1660.0   9.776033037632352e-14
1710.0   9.212693354707331e-14
1760.0   8.696680216457808e-14
1810.0   8.22283710463652e-14
1860.0   7.786691131489105e-14
1910.0   7.384347095337219e-14
1960.0   7.012400207856025e-14
2010.0   6.667863824781492e-14
2060.0   6.34810930306808e-14
2110.0   6.050815713595765e-14
2160.0   5.77392760598845e-14
2210.0   5.5156193850452905e-14
2260.0   5.2742651418473854e-14
2310.0   5.048413005472106e-14
2360.0   4.8367632574152016e-14
2410.0   4.638149590829997e-14
2460.0   4.451523008543146e-14
