10    4.07700357768767e-09
11    3.4969877873651525e-09
12    3.037260485531473e-09
13    2.6518712596387807e-09
14    2.3377492349120576e-09
15    2.0743593217357985e-09
16    1.8514729331157735e-09
17    1.6617447880730703e-09
18    1.4983129604843795e-09
19    1.3548800853857946e-09
20    1.233475635839513e-09
21    1.1252332294340984e-09
22    1.0297870616889028e-09
23    9.452284950161617e-10
24    8.72194342092181e-10
25    8.035501014888092e-10
26    7.42553135149743e-10
27    6.88378430900687e-10
28    6.394746166493435e-10
29    5.951856487698725e-10
30    5.54967343987312e-10
31    5.183219886772412e-10
32    4.848660216306618e-10
33    4.542615399079701e-10
34    4.261881215987639e-10
35    4.004513000657558e-10
36    3.7682513260433225e-10
37    3.548598434668943e-10
38    3.3465783009183154e-10
39    3.1595679294984123e-10
40    2.9861382844796305e-10
41    2.8249491704808307e-10
42    2.675344711808754e-10
43    2.535924331384817e-10
44    2.406308897242499e-10
45    2.284904328094636e-10
46    2.1713135583819343e-10
47    2.0652456005042203e-10
48    1.9680149204548272e-10
49    1.8720138014276903e-10
50    1.7846444916181602e-10
51    1.70306450855912e-10
52    1.6257290565991113e-10
53    1.552910359286694e-10
54    1.4842868676410344e-10
55    1.419620579779974e-10
56    1.358602491650071e-10
57    1.3009451094260826e-10
58    1.246238223736425e-10
59    1.1946348400685517e-10
60    1.1457759618237004e-10
61    1.0994803379895027e-10
62    1.0555814100817978e-10
63    1.0124634127357737e-10
64    9.743733836779524e-11
65    9.36793291268246e-11
66    9.009279346936064e-11
67    8.668696903927544e-11
68    8.346456071232265e-11
69    8.038602629618874e-11
70    7.745342389800355e-11
71    7.424977485058207e-11
72    7.199215874535087e-11
73    6.944583754067517e-11
74    6.701475884309925e-11
75    6.46925206841341e-11
76    6.247309906697383e-11
77    6.035087310081907e-11
78    5.832058965143424e-11
79    5.637736943872271e-11
80    5.451669147906148e-11
81    5.273433375739884e-11
82    5.102635019393669e-11
83    4.938877285726717e-11
84    4.7817569923385455e-11
85    4.6328917690907775e-11
86    4.488136457673056e-11
87    4.349084126138005e-11
88    4.214516364682958e-11
89    4.086424386898567e-11
90    3.963310353911835e-11
91    3.8532573616117215e-11
92    3.731080443465134e-11
93    3.6215313794758785e-11
94    3.5160903004124855e-11
95    3.411221694437072e-11
96    3.3167909638491294e-11
97    3.2225874949429026e-11
98    3.131802928748917e-11
99    3.044476077412829e-11
100    2.9601013034087715e-11
101    2.87870277493419e-11
102    2.8001518576555363e-11
103    2.7243290876427473e-11
104    2.6511240046957004e-11
105    2.5803678005223466e-11
106    2.51213407806863e-11
107    2.446288289526849e-11
108    2.382722935233669e-11
109    2.321268955619055e-11
110    2.2613860616624853e-11
111    2.2038020018899975e-11
112    2.1480971221250788e-11
113    2.094196638289056e-11
114    2.0420291173039414e-11
115    1.9915264710297437e-11
116    1.942532295940347e-11
117    1.8916763835264717e-11
118    1.844704747108733e-11
119    1.804909434504607e-11
120    1.7618470406648628e-11
121    1.7201022184653982e-11
122    1.679624613545281e-11
123    1.6403662826564573e-11
124    1.6022818256940834e-11
125    1.565472190564392e-11
126    1.5293596142489736e-11
127    1.4943118208207676e-11
128    1.460776352693725e-11
129    1.4279693307255336e-11
130    1.3961085718635984e-11
131    1.365160825264184e-11
132    1.3355558975555467e-11
133    1.3067799419501303e-11
134    1.2771059563163619e-11
135    1.2495413561235689e-11
136    1.223007771485011e-11
137    1.1969035896721899e-11
138    1.1715179152011422e-11
139    1.1468268384283403e-11
140    1.1228074332900352e-11
141    1.0994374653285901e-11
142    1.0766951878930702e-11
143    1.0545594103271919e-11
144    1.033010108184583e-11
145    1.0120282616070347e-11
146    9.915954046403955e-12
147    9.716935411701337e-12
148    9.523052350370852e-12
149    9.334135098581013e-12
150    9.150023896175317e-12
151    8.970566510880336e-12
152    8.795615260463189e-12
153    8.625028794588513e-12
154    8.458673037804132e-12
155    8.296421918913902e-12
156    8.138155070872197e-12
157    7.983754780205357e-12
158    7.833106025108467e-12
159    7.686450495005641e-12
160    7.542739124268571e-12
161    7.40246773231711e-12
162    7.2735074293369636e-12
163    7.139773705925185e-12
164    7.026498196646798e-12
165    6.874836391874981e-12
166    6.750541662081614e-12
167    6.629133485913552e-12
168    6.510532142036786e-12
169    6.39465997587109e-12
170    6.2814406030352055e-12
171    6.17080007308999e-12
172    6.06266484639236e-12
173    5.9569638907389334e-12
174    5.853628438466921e-12
175    5.738196402110913e-12
176    5.639552572093383e-12
177    5.5571662958933776e-12
178    5.462655156919863e-12
179    5.370200564016451e-12
180    5.2797469057462285e-12
181    5.191240093429299e-12
182    5.104626001161846e-12
183    5.019852375252511e-12
184    4.936870639393978e-12
185    4.855635686297451e-12
186    4.776103622919953e-12
187    4.6982296992839836e-12
188    4.621970748513318e-12
189    4.54728612878143e-12
190    4.4741371797759354e-12
191    4.403197272658785e-12
192    4.3330558076551415e-12
193    4.264321658467715e-12
194    4.196959292993643e-12
195    4.130934250480623e-12
196    4.066212720196835e-12
197    4.002762584850373e-12
198    3.939851385924541e-12
199    3.877405921522728e-12
200    3.818015834100144e-12
201    3.7597918267874334e-12
202    3.7027044285775445e-12
203    3.646932197563869e-12
204    3.5917249715146697e-12
205    3.5375807881448253e-12
206    3.484474329072314e-12
207    3.4323808979458093e-12
208    3.3812766534566323e-12
209    3.3311381465482464e-12
210    3.2819429125150376e-12
211    3.2336696129812306e-12
212    3.1862971599574526e-12
213    3.1398044819833364e-12
214    3.0941708595543856e-12
215    3.049376402153334e-12
216    3.0054021419489337e-12
217    2.9622296089648633e-12
218    2.919840784459698e-12
219    2.8782178356108873e-12
220    2.8373433855722835e-12
221    2.7972006546447175e-12
222    2.7577735592978157e-12
223    2.7185485097127203e-12
224    2.6805602378182523e-12
225    2.649287358716882e-12
226    2.6122010190116376e-12
227    2.5757273298421118e-12
228    2.5398580437963313e-12
229    2.5004297586624167e-12
230    2.466266224820552e-12
231    2.420970631988301e-12
232    2.3890227853230725e-12
233    2.357651996227195e-12
234    2.3268395040158443e-12
235    2.3037416283989237e-12
236    2.2728713228128425e-12
237    2.2425225413360382e-12
238    2.2126844833861493e-12
239    2.183346511920681e-12
240    2.154498290823526e-12
241    2.126129773162633e-12
242    2.0982311175689748e-12
243    2.0707925782949538e-12
244    2.0438045507384635e-12
245    2.0172578968105214e-12
246    1.991144107822788e-12
247    1.96391843208634e-12
248    1.938600189576083e-12
249    1.913705883695867e-12
250    1.889227315429438e-12
251    1.8651562327672505e-12
252    1.843093572310135e-12
253    1.8197829949979082e-12
254    1.7968415101209941e-12
255    1.7742617991683046e-12
256    1.7520371256262551e-12
257    1.7301271343140601e-12
258    1.7085598731881621e-12
259    1.687330979138061e-12
260    1.6664346753295588e-12
261    1.64586517671852e-12
262    1.6256163128755147e-12
263    1.6056818719619384e-12
264    1.5860559461474666e-12
265    1.5667329252319797e-12
266    1.5477074342595805e-12
267    1.5289741291524946e-12
268    1.510527646125667e-12
269    1.4923626172201234e-12
270    1.4744737576758534e-12
271    1.4568558362554324e-12
272    1.4395039361718898e-12
273    1.422413223504032e-12
274    1.4055788182322353e-12
275    1.388995616006085e-12
276    1.3726584932214167e-12
277    1.356562587260179e-12
278    1.3407033579726948e-12
279    1.3250767251017866e-12
280    1.3096787572187927e-12
281    1.2945055922064785e-12
282    1.2795531939221184e-12
283    1.2648173741507547e-12
284    1.2502938503339293e-12
285    1.23597854001842e-12
286    1.221867509011277e-12
287    1.2079570583566288e-12
288    1.1942435544653247e-12
289    1.1807235890126347e-12
290    1.169890371928515e-12
291    1.156827559774201e-12
292    1.1439334728846947e-12
293    1.131205122709146e-12
294    1.1186396738424169e-12
295    1.1038741090669666e-12
296    1.0898609546333245e-12
297    1.0774139422642518e-12
298    1.0651494004932788e-12
299    1.0530652036570547e-12
300    1.0411594268117508e-12
301    1.0294302293141869e-12
302    1.0211654472175346e-12
303    1.0100371654047523e-12
304    9.990600215793987e-13
305    9.88231574165029e-13
306    9.775494126632576e-13
307    9.670111400377029e-13
308    9.566144067157687e-13
309    9.463569662664689e-13
310    9.362367577443357e-13
311    9.262518231757491e-13
312    9.16400228004407e-13
313    9.066799954381782e-13
314    8.970891972257199e-13
315    8.87625901185046e-13
316    8.782882008238975e-13
317    8.690742307319292e-13
318    8.599822748977142e-13
319    8.510107046487104e-13
320    8.421578374817496e-13
321    8.334218912620335e-13
322    8.248010160540868e-13
323    8.162933916598439e-13
324    8.078972054056213e-13
325    7.996107021101864e-13
326    7.914321883510333e-13
327    7.833600203215513e-13
328    7.753925211032536e-13
329    7.675279999226867e-13
330    7.597648022515746e-13
331    7.521013235108707e-13
332    7.445359953347405e-13
333    7.37067239486668e-13
334    7.296935124511718e-13
335    7.224132808162029e-13
336    7.152249886363691e-13
337    7.081271361582707e-13
338    7.011183159395386e-13
339    6.941971584566963e-13
340    6.873623203595909e-13
341    6.806125052905459e-13
342    6.739463878058714e-13
343    6.673626247165002e-13
344    6.608599025655669e-13
345    6.544057661386816e-13
346    6.480835139621058e-13
347    6.404636695732552e-13
348    6.34292031050099e-13
349    6.282004678205636e-13
350    6.221876546585791e-13
351    6.162522730149321e-13
352    6.103930073565089e-13
353    6.046085665567393e-13
354    6.001699433635764e-13
355    5.944965796442877e-13
356    5.88889857454038e-13
357    5.833488395087789e-13
358    5.778725764912839e-13
359    5.724600972358148e-13
360    5.671104521851354e-13
361    5.618227157597795e-13
362    5.565959793149517e-13
363    5.514293473180873e-13
364    5.463219277423946e-13
365    5.412728877390289e-13
366    5.362814492678167e-13
367    5.313468798577645e-13
368    5.264684472532776e-13
369    5.216454307084698e-13
370    5.168771228947211e-13
371    5.121628265115223e-13
372    5.075018606904203e-13
373    5.028935539834309e-13
374    4.983372278458193e-13
375    4.938321685053652e-13
376    4.893776723292109e-13
377    4.849730536913456e-13
378    4.806176630450459e-13
379    4.763108817142412e-13
380    4.720521227897561e-13
381    4.699124615696979e-13
382    4.657447124801017e-13
383    4.616201362097239e-13
384    4.575382609989332e-13
385    4.534986197599062e-13
386    4.495007496698984e-13
387    4.435503463946405e-13
388    4.3966015074507097e-13
389    4.3581382860995814e-13
390    4.320108972147431e-13
391    4.2825090831784454e-13
392    4.2453337886347295e-13
393    4.2085776453445744e-13
394    4.1722351938151405e-13
395    4.136300887548554e-13
396    4.100769330059473e-13
397    4.0656359249769383e-13
398    4.030896668615528e-13
399    3.9965476300786127e-13
400    3.962584514732409e-13
401    3.929002791437058e-13
402    3.8957974270309423e-13
403    3.8629632072102875e-13
404    3.8304949083311597e-13
405    3.798395266006637e-13
406    3.766654422540698e-13
407    3.7352636850044803e-13
408    3.704218293132249e-13
409    3.6735137132032257e-13
410    3.643145464402849e-13
411    3.6131089661779597e-13
412    3.5833996637041574e-13
413    3.554013206906087e-13
414    3.5249451345771584e-13
415    3.496190924416354e-13
416    3.467746207750077e-13
417    3.43960673152839e-13
418    3.411768225516114e-13
419    3.384226162125451e-13
420    3.356975960518022e-13
421    3.3300130573622203e-13
422    3.303332802101673e-13
423    3.2769306366148067e-13
424    3.250802270626027e-13
425    3.2249437082316864e-13
426    3.199350871041507e-13
427    3.1740197334314276e-13
428    3.149475877863432e-13
429    3.124230207906394e-13
430    3.09924469662146e-13
431    3.074516979456209e-13
432    3.050044507149537e-13
433    3.0258245370097884e-13
434    3.0018542970313135e-13
435    2.978130959819483e-13
436    2.9546516559184016e-13
437    2.931413630840093e-13
438    2.908414582279659e-13
439    2.8856525526272847e-13
440    2.8631255763356734e-13
441    2.8408316951071404e-13
442    2.818768897728529e-13
443    2.801303643663816e-13
444    2.7798809921790626e-13
445    2.7586625561428537e-13
446    2.7376459127694384e-13
447    2.716828662718437e-13
448    2.69620847041462e-13
449    2.6757829206624285e-13
450    2.6555498170921344e-13
451    2.635507001724948e-13
452    2.615652305557367e-13
453    2.595983837539585e-13
454    2.5765001989322987e-13
455    2.557200005260792e-13
456    2.538081706846536e-13
457    2.5191437126806267e-13
458    2.5003842636305184e-13
459    2.4818014589158574e-13
460    2.4633934335954663e-13
461    2.445158211589154e-13
462    2.4270937270020104e-13
463    2.4091980378754783e-13
464    2.3914693319521224e-13
465    2.3658026319998214e-13
466    2.3487093886436417e-13
467    2.331794237391409e-13
468    2.315054608711638e-13
469    2.2984879773596626e-13
470    2.282091827474092e-13
471    2.265863629143519e-13
472    2.249800539634652e-13
473    2.233899376914745e-13
474    2.218157039801803e-13
475    2.2025705440776922e-13
476    2.1871369753961056e-13
477    2.1718534318918416e-13
478    2.1567169913140465e-13
479    2.1417250168005884e-13
480    2.1268754610416549e-13
481    2.1121664347117416e-13
482    2.0975960124954914e-13
483    2.0831621464788788e-13
484    2.068862785991122e-13
485    2.0546959176573712e-13
486    2.0404921550670232e-13
487    2.0261786328096404e-13
488    2.0119966148087436e-13
489    1.999280686011032e-13
490    1.9855347127857436e-13
491    1.9719067334837995e-13
492    1.9583949128573592e-13
493    1.94499747154751e-13
494    1.9317127458364863e-13
495    1.9185391722749908e-13
496    1.9054754053828412e-13
497    1.8925201606856296e-13
498    1.8796721689480248e-13
499    1.86693017900308e-13
500    1.854292916676817e-13
501    1.8417591895938155e-13
502    1.8293278686527328e-13
503    1.8169978778808938e-13
504    1.8047681335611957e-13
505    1.7926375561598074e-13
506    1.7776480915358433e-13
507    1.7657032980031863e-13
508    1.7538619622948274e-13
509    1.7421228100150505e-13
510    1.730484613417997e-13
511    1.7189462500483028e-13
512    1.7075067681419526e-13
513    1.6961653054276606e-13
514    1.6849209914646734e-13
515    1.673772823066168e-13
516    1.662719709989046e-13
517    1.6517605494974882e-13
518    1.640894120610679e-13
519    1.6301191397079677e-13
520    1.6194343794794736e-13
521    1.6088386814879909e-13
522    1.5983309460167251e-13
523    1.587910054630348e-13
524    1.5775749635458853e-13
525    1.5673247879941132e-13
526    1.5571586653779045e-13
527    1.5470756796774588e-13
528    1.5370748876615012e-13
529    1.5271554124958915e-13
530    1.517316385921243e-13
531    1.507556913688079e-13
532    1.4978761602840163e-13
533    1.4882733148948558e-13
534    1.4787475800867103e-13
535    1.469298164410232e-13
536    1.4599242942294857e-13
537    1.450625268364791e-13
538    1.4414004125497417e-13
539    1.432248987283322e-13
540    1.4231702237772224e-13
541    1.41416335035741e-13
542    1.4052275928689536e-13
543    1.4000519216067507e-13
544    1.391022159841547e-13
545    1.382059845261625e-13
546    1.373164893000364e-13
547    1.3643372358704163e-13
548    1.3555768343668434e-13
549    1.346883698443666e-13
550    1.3382578390365613e-13
551    1.3296992061584458e-13
552    1.3212077300375596e-13
553    1.3127832764748754e-13
554    1.3044256295189016e-13
555    1.296134528729786e-13
556    1.2879096819727394e-13
557    1.2797507961288112e-13
558    1.2716575909749583e-13
559    1.2636297821994423e-13
560    1.2556670789552786e-13
561    1.2477691941583393e-13
562    1.2399358796474995e-13
563    1.2321668990075098e-13
564    1.2244620083766383e-13
565    1.21788640904693e-13
566    1.2104739605334842e-13
567    1.203118076852826e-13
568    1.1958183380108221e-13
569    1.1885743106701213e-13
570    1.1813855690381157e-13
571    1.1742516925528073e-13
572    1.1671722447890791e-13
573    1.1601467925321796e-13
574    1.153174908979763e-13
575    1.1462561592549386e-13
576    1.1393901138734222e-13
577    1.1325763599440805e-13
578    1.1258144744667605e-13
579    1.1191040276754172e-13
580    1.112444589535882e-13
581    1.1058357490136343e-13
582    1.0992771033250726e-13
583    1.0927682436403088e-13
584    1.0863087635936207e-13
585    1.0798982539368559e-13
586    1.0735362903825866e-13
587    1.0661456066855121e-13
588    1.059933964225192e-13
589    1.0537699312291014e-13
590    1.047653119215178e-13
591    1.0415831498322276e-13
592    1.0355596540517162e-13
593    1.0295822660610291e-13
594    1.0236505697512527e-13
595    1.0177640634293029e-13
596    1.0119222406851956e-13
597    1.0061245500342202e-13
598    1.0003703081369471e-13
599    9.946587967531311e-14
600    9.889893300647983e-14
601    9.833613439778823e-14
602    9.777743091296166e-14
603    9.72227704516095e-14
604    9.667210337580538e-14
605    9.612538313714663e-14
606    9.558257141237694e-14
607    9.504363204967272e-14
608    9.450852703126844e-14
609    9.397721875147169e-14
610    9.344966639272878e-14
611    9.292582944352594e-14
612    9.240566678577781e-14
613    9.18891368212479e-14
614    9.13762000536537e-14
615    9.086681325720267e-14
616    9.03609339562963e-14
617    8.985852423963718e-14
618    8.935954748966537e-14
619    8.886396599115802e-14
620    8.83717404439575e-14
621    8.788283434853823e-14
622    8.739721195325197e-14
623    8.691483865561936e-14
624    8.643568197481321e-14
625    8.595970944260952e-14
626    8.548688931383199e-14
627    8.501719038934418e-14
628    8.455058091069045e-14
629    8.408702965108011e-14
630    8.362650939667541e-14
631    8.316899608555656e-14
632    8.271446965324622e-14
633    8.226291213502826e-14
634    8.181430560972267e-14
635    8.136863219031707e-14
636    8.092587554901933e-14
637    8.048602190241244e-14
638    8.004905532638947e-14
639    7.961495929961677e-14
640    7.918371500658249e-14
641    7.875529869419725e-14
642    7.832968627956898e-14
643    7.790685607806659e-14
644    7.748679032443321e-14
645    7.706947238516907e-14
646    7.665488620861713e-14
647    7.624301702231976e-14
648    7.583384990333873e-14
649    7.542736927115418e-14
650    7.502355967339024e-14
651    7.462240475941923e-14
652    7.422388855179961e-14
653    7.382799461229671e-14
654    7.343470469287802e-14
655    7.304400027391022e-14
656    7.265586329680017e-14
657    7.227027958808298e-14
658    7.188723585643316e-14
659    7.150671778838738e-14
660    7.112871104697594e-14
661    7.075320108824397e-14
662    7.038017309877524e-14
663    7.000960965677844e-14
664    6.964149135805328e-14
665    6.927580114855796e-14
666    6.891252382847115e-14
667    6.85516436064115e-14
668    6.81931440582633e-14
669    6.783700907693303e-14
670    6.748322441592595e-14
671    6.713177642482191e-14
672    6.678265219716023e-14
673    6.643583886585133e-14
674    6.60913235568946e-14
675    6.574909284002931e-14
676    6.540913238544183e-14
677    6.507142864372354e-14
678    6.473596815366257e-14
679    6.44027374897131e-14
680    6.407172291668895e-14
681    6.374291048716146e-14
682    6.341628608849757e-14
683    6.313080884252043e-14
684    6.281000022551882e-14
685    6.249128513905819e-14
686    6.217464800313234e-14
687    6.1860075293002e-14
688    6.15475541018589e-14
689    6.123707158060832e-14
690    6.092861534617653e-14
691    6.06221738115525e-14
692    6.031773530675563e-14
693    6.001528655750107e-14
694    5.971481325096146e-14
695    5.953730634244859e-14
696    5.923641216188796e-14
697    5.893735535422711e-14
698    5.864012675597201e-14
699    5.834471734596407e-14
700    5.805111917344947e-14
701    5.77593269203036e-14
702    5.746933617289167e-14
703    5.718114237769193e-14
704    5.689474192230185e-14
705    5.6610133355966604e-14
706    5.6327315303480226e-14
707    5.6046286161654284e-14
708    5.576704396445035e-14
709    5.5489586005999424e-14
710    5.521390878562475e-14
711    5.49400052214984e-14
712    5.4667862705366866e-14
713    5.439746637899835e-14
714    5.4128801505740557e-14
715    5.386185383064193e-14
716    5.359660999737068e-14
717    5.3333056911773383e-14
718    5.307118231782929e-14
719    5.281097742909425e-14
720    5.2552439151535406e-14
721    5.229556475121339e-14
722    5.204035094339041e-14
723    5.178679405575717e-14
724    5.1534890280505135e-14
725    5.1284635722355547e-14
726    5.103602598670273e-14
727    5.0789052610136646e-14
728    5.054370428754104e-14
729    5.029996859319944e-14
730    5.005783282315147e-14
731    4.981728409452283e-14
732    4.957830948279652e-14
733    4.93408969027818e-14
734    4.910503607687873e-14
735    4.8870718880669106e-14
736    4.863793743515891e-14
737    4.840668386067276e-14
738    4.8176950528244173e-14
739    4.794873076616839e-14
740    4.772201810783706e-14
741    4.749680591055653e-14
742    4.727308628534998e-14
743    4.7080232860233514e-14
744    4.686202997971028e-14
745    4.664513733513833e-14
746    4.6429541258639096e-14
747    4.6215229318637023e-14
748    4.600218949620841e-14
749    4.579040995077151e-14
750    4.5579879295238416e-14
751    4.537058750572563e-14
752    4.5162524692914985e-14
753    4.495568076293881e-14
754    4.4750046118790054e-14
755    4.4545611653822955e-14
756    4.434236823829339e-14
757    4.414030580573166e-14
758    4.3939413863006773e-14
759    4.373968198071923e-14
760    4.354109975117269e-14
761    4.334365688107107e-14
762    4.314734357754267e-14
763    4.2952150571802824e-14
764    4.2758068939629314e-14
765    4.256508955176975e-14
766    4.2373202802672905e-14
767    4.218239907336456e-14
768    4.1992668926547866e-14
769    4.180400360894023e-14
770    4.161639538599785e-14
771    4.1429836827066503e-14
772    4.1244320603792415e-14
773    4.1059839434776095e-14
774    4.087638605180156e-14
775    4.069395317814144e-14
776    4.0512534496409715e-14
777    4.0332124723654224e-14
778    4.015271882230352e-14
779    3.997431141170687e-14
780    3.9796896277388935e-14
781    3.962046711448631e-14
782    3.944501737188607e-14
783    3.927054042274751e-14
784    3.909702968946504e-14
785    3.892447860796463e-14
786    3.875288057722266e-14
787    3.85822283468406e-14
788    3.8412515174397285e-14
789    3.824373512505681e-14
790    3.8075882514500456e-14
791    3.790895174460418e-14
792    3.7742937163968235e-14
793    3.7577833113310114e-14
794    3.741363356001191e-14
795    3.7250331831531334e-14
796    3.7087921245690645e-14
797    3.6926395230293817e-14
798    3.6765747105593494e-14
799    3.660597001361888e-14
800    3.6447057302269996e-14
801    3.6289003188840817e-14
802    3.6131802144261736e-14
803    3.597566849551293e-14
804    3.58204419898909e-14
805    3.5666051070218736e-14
806    3.5512491008464696e-14
807    3.5359756949660684e-14
808    3.520784404602531e-14
809    3.5056748559224306e-14
810    3.490646850480401e-14
811    3.4757001988714094e-14
812    3.460834713742169e-14
813    3.446050154685804e-14
814    3.4313462751722516e-14
815    3.416722864400463e-14
816    3.40217970603224e-14
817    3.387716580971839e-14
818    3.373333297338962e-14
819    3.35902971272668e-14
820    3.3448055607890006e-14
821    3.3306602539803253e-14
822    3.3165931852105897e-14
823    3.302603637929494e-14
824    3.288690851705054e-14
825    3.2748540351494284e-14
826    3.261092447858921e-14
827    3.24740536602279e-14
828    3.2337920716008244e-14
829    3.220251862955753e-14
830    3.206784061239666e-14
831    3.1933882011083146e-14
832    3.180064200378343e-14
833    3.166811991180373e-14
834    3.1536315018662604e-14
835    3.1405226573418887e-14
836    3.1274853760750016e-14
837    3.114519570699647e-14
838    3.101625164426544e-14
839    3.088802107564722e-14
840    3.0760502534468104e-14
841    3.0633693595998925e-14
842    3.050759123861653e-14
843    3.038219058552428e-14
844    3.025748649410351e-14
845    3.0133474099305635e-14
846    3.001014863984388e-14
847    2.9887505336222534e-14
848    2.9765539407841294e-14
849    2.964424671489525e-14
850    2.952362321981366e-14
851    2.940366451478263e-14
852    2.928436614313259e-14
853    2.9165723795057266e-14
854    2.904773341958542e-14
855    2.893039095856203e-14
856    2.8813692102824255e-14
857    2.8697632795157597e-14
858    2.85822087175577e-14
859    2.8467415096564743e-14
860    2.835324714111581e-14
861    2.823970010834127e-14
862    2.8126769336292562e-14
863    2.801445027469975e-14
864    2.7902738383955906e-14
865    2.779162903314531e-14
866    2.7681117649321375e-14
867    2.757119973525555e-14
868    2.746187072604569e-14
869    2.7353125627698762e-14
870    2.7244958849484427e-14
871    2.7137364812190693e-14
872    2.703033797804264e-14
873    2.6923872839857595e-14
874    2.6817963968892192e-14
875    2.6712606213033542e-14
876    2.6607794951315316e-14
877    2.650352572856724e-14
878    2.6399794116542068e-14
879    2.6296595712920027e-14
880    2.619392616032045e-14
881    2.6091781190812576e-14
882    2.5990157004584445e-14
883    2.588905010899897e-14
884    2.5788457021580984e-14
885    2.5688374366087363e-14
886    2.5588798975870606e-14
887    2.5489728137065948e-14
888    2.539115896251598e-14
889    2.529308809818849e-14
890    2.5195512192349112e-14
891    2.5098427920762772e-14
892    2.5001831809652703e-14
893    2.4905720309350187e-14
894    2.4810089881216685e-14
895    2.4714936976544395e-14
896    2.4620258072956978e-14
897    2.4526049648398843e-14
898    2.443230770374589e-14
899    2.4339027505849554e-14
900    2.4246204190435436e-14
901    2.4153833057906244e-14
902    2.4061909735191168e-14
903    2.3970430152869596e-14
904    2.3879390323330603e-14
905    2.3788786308047214e-14
906    2.369861420324565e-14
907    2.360887002629886e-14
908    2.3519549802265305e-14
909    2.3430650461613852e-14
910    2.3342169938153373e-14
911    2.3254106246497138e-14
912    2.3166457622885187e-14
913    2.3079222548351613e-14
914    2.2992399567721038e-14
915    2.2905987244283345e-14
916    2.281998414994888e-14
917    2.2734388810423465e-14
918    2.264919927781891e-14
919    2.2564413304102223e-14
920    2.248002821218633e-14
921    2.2396040936622976e-14
922    2.2312448472111737e-14
923    2.2229247779481188e-14
924    2.2146435853011892e-14
925    2.206400962193388e-14
926    2.1981965808118446e-14
927    2.190030130193822e-14
928    2.1819013020252148e-14
929    2.1738097923481536e-14
930    2.1657553022156337e-14
931    2.157737573849126e-14
932    2.1497564081580754e-14
933    2.141811615426168e-14
934    2.1339030309000636e-14
935    2.1260304823069235e-14
936    2.118193778989161e-14
937    2.1103927313687052e-14
938    2.1026271731033074e-14
939    2.0948970010528552e-14
940    2.0872021435518386e-14
941    2.079542533461151e-14
942    2.0719180821107767e-14
943    2.064328654014701e-14
944    2.0567741017268794e-14
945    2.0492542671648932e-14
946    2.041768989486497e-14
947    2.0343181084193092e-14
948    2.0269014646236165e-14
949    2.0195189093521628e-14
950    2.0121702939884406e-14
951    2.0048554183188565e-14
952    1.9975740748091672e-14
953    1.9903260876412553e-14
954    1.9831113123332023e-14
955    1.9759296096541435e-14
956    1.968780843647858e-14
957    1.961664902581129e-14
958    1.954581688048604e-14
959    1.9475310998154666e-14
960    1.9405130344619297e-14
961    1.933527368499057e-14
962    1.9265739450067884e-14
963    1.919652615911114e-14
964    1.912763246614164e-14
965    1.9059056825541248e-14
966    1.899079774262608e-14
967    1.8922853769748724e-14
968    1.8855223431475616e-14
969    1.878790518634934e-14
970    1.872089742224349e-14
971    1.8654198545118606e-14
972    1.858780705166423e-14
973    1.8521721495752806e-14
974    1.845594043679043e-14
975    1.8390462403735136e-14
976    1.83252857688584e-14
977    1.826040886863284e-14
978    1.819583003184705e-14
979    1.8131547581680602e-14
980    1.8067559917851572e-14
981    1.800386546579637e-14
982    1.7940462654269038e-14
983    1.7877349889385898e-14
984    1.7814525578575205e-14
985    1.77519881383057e-14
986    1.7689735999146022e-14
987    1.762776767873336e-14
988    1.7566082036920325e-14
989    1.7504678242247116e-14
990    1.7443555471755226e-14
991    1.7382712881672118e-14
992    1.7322149618396943e-14
993    1.726186487407235e-14
994    1.720185769938656e-14
995    1.7142126794240046e-14
996    1.7082670775030688e-14
997    1.7023488264879963e-14
998    1.696457774167504e-14
999    1.6905937587879323e-14
1000    1.6847566224784705e-14
1001    1.6789462222151397e-14
1002    1.6731624198821012e-14
1003    1.6674050781500678e-14
1004    1.661674053995186e-14
1005    1.6559691860059596e-14
1006    1.6502903103552506e-14
1007    1.6446372538982277e-14
1008    1.6390098395271443e-14
1009    1.6334079016553504e-14
1010    1.6278312839822792e-14
1011    1.622279831885873e-14
1012    1.616753389034934e-14
1013    1.6112518105934608e-14
1014    1.6057749661598445e-14
1015    1.6003227305954367e-14
1016    1.5948949805319946e-14
1017    1.5894915902383014e-14
1018    1.5841124279703844e-14
1019    1.578757357672228e-14
1020    1.5734262339112994e-14
1021    1.568118913616355e-14
1022    1.5628352676346658e-14
1023    1.5575751736033894e-14
1024    1.552338509912472e-14
1025    1.547125155663062e-14
1026    1.541934990939146e-14
1027    1.5367678996850416e-14
1028    1.531623769038057e-14
1029    1.5265024868048335e-14
1030    1.5214039359093413e-14
1031    1.516327980779904e-14
1032    1.5112744833404084e-14
1033    1.5062433078104378e-14
1034    1.5012343173599585e-14
1035    1.4962473754577124e-14
1036    1.4912823451422147e-14
1037    1.4863390842584824e-14
1038    1.4814174501027966e-14
1039    1.4765173101451092e-14
1040    1.4716385446957368e-14
1041    1.4667810357723807e-14
1042    1.4619446714562688e-14
1043    1.4571293378848735e-14
1044    1.452334918824286e-14
1045    1.44756129920232e-14
1046    1.442808362128776e-14
1047    1.4380759836008114e-14
1048    1.433364022930006e-14
1049    1.428672335949332e-14
1050    1.424000788657121e-14
1051    1.4193492501691188e-14
1052    1.4147175906368462e-14
1053    1.4101056678666497e-14
1054    1.405513320163848e-14
1055    1.4009403875269984e-14
1056    1.3963867075640694e-14
1057    1.3918521186270354e-14
1058    1.3873364648505368e-14
1059    1.3828395970490968e-14
1060    1.3783613686409642e-14
1061    1.3739016357971202e-14
1062    1.3694602563281528e-14
1063    1.3650370893893327e-14
1064    1.3606320104023681e-14
1065    1.3562449407336192e-14
1066    1.3518758188887962e-14
1067    1.347524588359751e-14
1068    1.343191196566704e-14
1069    1.3388755909414012e-14
1070    1.3345777187679037e-14
1071    1.3302975271876381e-14
1072    1.326034963278366e-14
1073    1.3217899750457529e-14
1074    1.3175624991224961e-14
1075    1.313352458113614e-14
1076    1.3091597518233208e-14
1077    1.3049842773460345e-14
1078    1.300825932611911e-14
1079    1.2966846162149298e-14
1080    1.2925602274810997e-14
1081    1.2884526666229878e-14
1082    1.2843618326079027e-14
1083    1.2802876206122196e-14
1084    1.2762299276695056e-14
1085    1.2721886489050918e-14
1086    1.2681636843111567e-14
1087    1.2641549543110302e-14
1088    1.2601623846450221e-14
1089    1.2561859075728268e-14
1090    1.2522254697755878e-14
1091    1.2482810256840426e-14
1092    1.2443525356001134e-14
1093    1.240439959940799e-14
1094    1.2365432602088974e-14
1095    1.2326624002173938e-14
1096    1.2287973419863197e-14
1097    1.2249480427403477e-14
1098    1.2211144509065936e-14
1099    1.2172965089062845e-14
1100    1.2134941215726272e-14
1101    1.2097071651399645e-14
1102    1.2059355156590533e-14
1103    1.2021790503075709e-14
1104    1.198437647422048e-14
1105    1.1947111833489332e-14
1106    1.1909995338312277e-14
1107    1.1873025782359688e-14
1108    1.183620203182177e-14
1109    1.1799523093120229e-14
1110    1.176298800108322e-14
1111    1.1726595797259209e-14
1112    1.1690345532408537e-14
1113    1.165423643197993e-14
1114    1.1618268225036897e-14
1115    1.1582440729039894e-14
1116    1.154675375038555e-14
1117    1.151120705508763e-14
1118    1.1475800375529277e-14
1119    1.1440533430043444e-14
1120    1.1405405916638947e-14
1121    1.1370417562692906e-14
1122    1.1335568099338184e-14
1123    1.1300857254721806e-14
1124    1.126628475390106e-14
1125    1.1231850297300606e-14
1126    1.119755343240442e-14
1127    1.1163393433997751e-14
1128    1.1129369437497589e-14
1129    1.10954805839014e-14
1130    1.1061726025099821e-14
1131    1.1028104911612588e-14
1132    1.0994616392668705e-14
1133    1.0961259630445355e-14
1134    1.0928033831584114e-14
1135    1.0894938286513095e-14
1136    1.0861972313176235e-14
1137    1.0829135236121512e-14
1138    1.0796426355665332e-14
1139    1.0763844969851994e-14
1140    1.0731390456325689e-14
1141    1.0699062341121089e-14
1142    1.0666860138210882e-14
1143    1.0634783402053561e-14
1144    1.0602831751171984e-14
1145    1.0571004806274186e-14
1146    1.0539302188067292e-14
1147    1.0507723516553112e-14
1148    1.0476268410939421e-14
1149    1.0444936489852838e-14
1150    1.0413727370783179e-14
1151    1.0382640660879523e-14
1152    1.0351675869027908e-14
1153    1.0320832449519098e-14
1154    1.029010976361462e-14
1155    1.0259507153191492e-14
1156    1.0229023966933298e-14
1157    1.0198659556820023e-14
1158    1.0168413280893312e-14
1159    1.013828450536386e-14
1160    1.0108272609536442e-14
1161    1.0078376997111135e-14
1162    1.0048597079672112e-14
1163    1.0018932282010055e-14
1164    9.989382095070567e-15
1165    9.959946097563642e-15
1166    9.9306238771706e-15
1167    9.901415026059207e-15
1168    9.87231914268153e-15
1169    9.843335853670377e-15
1170    9.81446480676871e-15
1171    9.785705661985459e-15
1172    9.757058070345402e-15
1173    9.72852164661835e-15
1174    9.700096003419326e-15
1175    9.67178070739155e-15
1176    9.643575235381927e-15
1177    9.615479045353219e-15
1178    9.587491539421227e-15
1179    9.559612111543728e-15
1180    9.531840172899715e-15
1181    9.504175148834414e-15
1182    9.476616468630917e-15
1183    9.449163543087866e-15
1184    9.421815774051344e-15
1185    9.394572567657713e-15
1186    9.367433384963371e-15
1187    9.340397806801823e-15
1188    9.313465438901285e-15
1189    9.286635893624794e-15
1190    9.259908799983647e-15
1191    9.233283785594142e-15
1192    9.206760482224063e-15
1193    9.180338523537035e-15
1194    9.154017545396416e-15
1195    9.127797184458536e-15
1196    9.101677077125881e-15
1197    9.075656845253309e-15
1198    9.049736056372903e-15
1199    9.023914248546235e-15
1200    8.998190964078343e-15
1201    8.972565752682711e-15
1202    8.947038166319285e-15
1203    8.921607738843944e-15
1204    8.896273903752315e-15
1205    8.87103606690456e-15
1206    8.84589363790651e-15
1207    8.820846000641113e-15
1208    8.795892469732021e-15
1209    8.77103234158419e-15
1210    8.746264911655451e-15
1211    8.721589479594367e-15
1212    8.697005384825074e-15
1213    8.67251203553012e-15
1214    8.648108847217993e-15
1215    8.62379523656667e-15
1216    8.599570625795666e-15
1217    8.575434446297484e-15
1218    8.551386136859504e-15
1219    8.527425154120163e-15
1220    8.503551038224515e-15
1221    8.479763441955453e-15
1222    8.456062074371312e-15
1223    8.43244663827471e-15
1224    8.40891684422411e-15
1225    8.385472454785586e-15
1226    8.362113252281042e-15
1227    8.338839018045652e-15
1228    8.315649531524485e-15
1229    8.292544533640094e-15
1230    8.269523654050184e-15
1231    8.246586444522136e-15
1232    8.223732435320034e-15
1233    8.200961159889188e-15
1234    8.178272158697777e-15
1235    8.155664982558998e-15
1236    8.133139186277983e-15
1237    8.110694327267071e-15
1238    8.08832996393921e-15
1239    8.066045654364778e-15
1240    8.043840961736001e-15
1241    8.021715461098368e-15
1242    7.999668746394243e-15
1243    7.977700411727618e-15
1244    7.955810053497513e-15
1245    7.933997276017616e-15
1246    7.912261692953242e-15
1247    7.89060295353712e-15
1248    7.869020718239832e-15
1249    7.847514639559912e-15
1250    7.826084371658075e-15
1251    7.804729570565794e-15
1252    7.783449896809872e-15
1253    7.762245008939477e-15
1254    7.741114561170551e-15
1255    7.720058206719495e-15
1256    7.699075585269606e-15
1257    7.678166335749604e-15
1258    7.657330100530146e-15
1259    7.63656652581075e-15
1260    7.61587526710753e-15
1261    7.595255972767532e-15
1262    7.57470831026079e-15
1263    7.554231959419283e-15
1264    7.53382662136089e-15
1265    7.513492021247694e-15
1266    7.493227887602133e-15
1267    7.473033951202297e-15
1268    7.452909944019828e-15
1269    7.432855594005776e-15
1270    7.41287062912872e-15
1271    7.392954774482895e-15
1272    7.373107752124349e-15
1273    7.353329276520833e-15
1274    7.333619045679174e-15
1275    7.313976712961216e-15
1276    7.294401955892828e-15
1277    7.274894508497172e-15
1278    7.25545411879198e-15
1279    7.236080537129811e-15
1280    7.216773515937163e-15
1281    7.19753280761748e-15
1282    7.178358158565458e-15
1283    7.159249311253608e-15
1284    7.1402060079004e-15
1285    7.121227991341463e-15
1286    7.10231497904681e-15
1287    7.0834666399066286e-15
1288    7.064682704654528e-15
1289    7.0459629663014375e-15
1290    7.027307212543274e-15
1291    7.008715217547819e-15
1292    6.9901867243251775e-15
1293    6.971721453632583e-15
1294    6.953319126520659e-15
1295    6.934979459447771e-15
1296    6.916702166463346e-15
1297    6.8984869682661425e-15
1298    6.88033359656895e-15
1299    6.8622418213901486e-15
1300    6.844211437064909e-15
1301    6.8262422188872666e-15
1302    6.8083338870060575e-15
1303    6.790486152437618e-15
1304    6.772698724166105e-15
1305    6.7549713125649165e-15
1306    6.7373036353064024e-15
1307    6.7196954347161425e-15
1308    6.702146532084094e-15
1309    6.684656791375142e-15
1310    6.667226080262187e-15
1311    6.649854264718749e-15
1312    6.6325412078956615e-15
1313    6.615286773132693e-15
1314    6.59809082650207e-15
1315    6.580953261013018e-15
1316    6.563873936873933e-15
1317    6.546852641195552e-15
1318    6.5298891590550955e-15
1319    6.512983274435302e-15
1320    6.496134743880457e-15
1321    6.47934331922902e-15
1322    6.46260875259147e-15
1323    6.445930775217501e-15
1324    6.429309093927004e-15
1325    6.4127434416765696e-15
1326    6.3962335718466835e-15
1327    6.379779239181557e-15
1328    6.3633801892107514e-15
1329    6.3470361482403114e-15
1330    6.330746840732893e-15
1331    6.314512019990001e-15
1332    6.298331449367694e-15
1333    6.282204902760446e-15
1334    6.2661321900660966e-15
1335    6.2501131299376874e-15
1336    6.234147539692934e-15
1337    6.218235234934294e-15
1338    6.202376036806025e-15
1339    6.186569784599464e-15
1340    6.170816326166192e-15
1341    6.155115509917611e-15
1342    6.139467145809945e-15
1343    6.123871021280336e-15
1344    6.1083269314763376e-15
1345    6.0928346882653856e-15
1346    6.077394104766286e-15
1347    6.062004992497388e-15
1348    6.0466671568275026e-15
1349    6.031380402907188e-15
1350    6.01614453358262e-15
1351    6.000959321410278e-15
1352    5.985824522296946e-15
1353    5.970739895981943e-15
1354    5.955705197713802e-15
1355    5.940720177270172e-15
1356    5.925784591912345e-15
1357    5.9108982008686954e-15
1358    5.896060764858763e-15
1359    5.881272046123669e-15
1360    5.866531808475566e-15
1361    5.851839816893325e-15
1362    5.837195836678583e-15
1363    5.8225996353365806e-15
1364    5.808051008819119e-15
1365    5.793549769287164e-15
1366    5.779095729167937e-15
1367    5.764688703959839e-15
1368    5.75032854870351e-15
1369    5.736015166550838e-15
1370    5.721748463467593e-15
1371    5.7075283465278715e-15
1372    5.69335472242282e-15
1373    5.6792274973956675e-15
1374    5.665146576268503e-15
1375    5.651111848503573e-15
1376    5.637123186432658e-15
1377    5.623180411595492e-15
1378    5.609283318259129e-15
1379    5.595431701536059e-15
1380    5.581625357613553e-15
1381    5.567864083152192e-15
1382    5.554147667284019e-15
1383    5.5404758965294644e-15
1384    5.526848562864136e-15
1385    5.513265466924564e-15
1386    5.4997264220102564e-15
1387    5.4862312303433294e-15
1388    5.472779693036667e-15
1389    5.459371611994445e-15
1390    5.446006790569921e-15
1391    5.432685034013079e-15
1392    5.4194061498070866e-15
1393    5.406169946333798e-15
1394    5.392976221977238e-15
1395    5.379824758398024e-15
1396    5.366715329711324e-15
1397    5.353647721187807e-15
1398    5.340621733369066e-15
1399    5.327637169435062e-15
1400    5.314693839101203e-15
1401    5.301791577512165e-15
1402    5.288930243578399e-15
1403    5.276109717859228e-15
1404    5.263329890897493e-15
1405    5.25059065342761e-15
1406    5.237891894519198e-15
1407    5.225233501352245e-15
1408    5.212615355789203e-15
1409    5.200037348282256e-15
1410    5.187499383462294e-15
1411    5.17500136469593e-15
1412    5.1625431879357355e-15
1413    5.150124747915379e-15
1414    5.137745939203734e-15
1415    5.125406655841953e-15
1416    5.1131067659067086e-15
1417    5.100846017599559e-15
1418    5.088624117969615e-15
1419    5.076440786477955e-15
1420    5.0642957690761475e-15
1421    5.052188816426219e-15
1422    5.040119668606398e-15
1423    5.028088046460303e-15
1424    5.016093671251315e-15
1425    5.004136266853861e-15
1426    4.992215559481472e-15
1427    4.9803312770229975e-15
1428    4.9684831473804486e-15
1429    4.956670898382971e-15
1430    4.944894258667596e-15
1431    4.9331529579319344e-15
1432    4.921446819847142e-15
1433    4.909775793387176e-15
1434    4.898139836620375e-15
1435    4.886538923661079e-15
1436    4.874973053931088e-15
1437    4.863442231695762e-15
1438    4.8519464599551045e-15
1439    4.840485741567918e-15
1440    4.829060080206728e-15
1441    4.8176694703418925e-15
1442    4.806313877440755e-15
1443    4.794993259926048e-15
1444    4.783707575361356e-15
1445    4.772456780763908e-15
1446    4.761240833153398e-15
1447    4.750059674297408e-15
1448    4.738913138001495e-15
1449    4.7278010118873085e-15
1450    4.7167230785228864e-15
1451    4.7056791215537504e-15
1452    4.694668926232635e-15
1453    4.68369228353805e-15
1454    4.672748986653399e-15
1455    4.661838830145133e-15
1456    4.650961610254782e-15
1457    4.6401171249272795e-15
1458    4.629305173737897e-15
1459    4.618525557289855e-15
1460    4.6077780741264585e-15
1461    4.597062523172959e-15
1462    4.5863787050713434e-15
1463    4.575726456764475e-15
1464    4.565105703039284e-15
1465    4.554516384630998e-15
1466    4.543958442231417e-15
1467    4.533431816429123e-15
1468    4.52293644755968e-15
1469    4.512472276143957e-15
1470    4.502039255211234e-15
1471    4.4916373489550885e-15
1472    4.481266520591882e-15
1473    4.470926729587323e-15
1474    4.460617931856369e-15
1475    4.450340060903469e-15
1476    4.440093052869639e-15
1477    4.4298768539019394e-15
1478    4.419691407272262e-15
1479    4.4095366238689976e-15
1480    4.3994123919245735e-15
1481    4.389318599459762e-15
1482    4.379255134911444e-15
1483    4.369221887178002e-15
1484    4.359218745663774e-15
1485    4.349245601477883e-15
1486    4.339302350086139e-15
1487    4.329388886171128e-15
1488    4.319505093475173e-15
1489    4.309650848321182e-15
1490    4.299826014194558e-15
1491    4.290030454143831e-15
1492    4.280264031656377e-15
1493    4.270526611144453e-15
1494    4.260818064640926e-15
1495    4.251138287064777e-15
1496    4.2414871789345715e-15
1497    4.231864646709715e-15
1498    4.22227060051494e-15
1499    4.2127049496416425e-15
1500    4.203167602902817e-15
1501    4.193658469169201e-15
1502    4.184177457633437e-15
1503    4.174724478098821e-15
1504    4.165299441021632e-15
1505    4.155902260691555e-15
1506    4.1465328551320224e-15
1507    4.137191142610919e-15
1508    4.1278770345745185e-15
1509    4.118590435116788e-15
1510    4.10933124206615e-15
1511    4.100099347031034e-15
1512    4.090894641490805e-15
1513    4.0817170171530966e-15
1514    4.072566366063735e-15
1515    4.06344258064943e-15
1516    4.054345551861149e-15
1517    4.045275167955001e-15
1518    4.0362313174821e-15
1519    4.027213897935011e-15
1520    4.018222818693962e-15
1521    4.009257990399132e-15
1522    4.0003193240339195e-15
1523    3.991406728100298e-15
1524    3.982520110620345e-15
1525    3.9736593810351015e-15
1526    3.964824453459117e-15
1527    3.9560152437255084e-15
1528    3.947231667945509e-15
1529    3.938473643278531e-15
1530    3.929741091631741e-15
1531    3.921033936423252e-15
1532    3.9123521012353524e-15
1533    3.903695509913814e-15
1534    3.895064086616752e-15
1535    3.886457755258552e-15
1536    3.877876438857069e-15
1537    3.869320062082357e-15
1538    3.860788551514873e-15
1539    3.85228183796129e-15
1540    3.843799853801387e-15
1541    3.835342520786933e-15
1542    3.826909736675537e-15
1543    3.818501399653534e-15
1544    3.810117412024512e-15
1545    3.80175767656939e-15
1546    3.7934220950430785e-15
1547    3.78511056923018e-15
1548    3.776823002040133e-15
1549    3.768559297012828e-15
1550    3.7603193582307046e-15
1551    3.752103090715965e-15
1552    3.7439104049643345e-15
1553    3.735741225576753e-15
1554    3.727595479856878e-15
1555    3.719473095082322e-15
1556    3.711373992816854e-15
1557    3.7032980823317454e-15
1558    3.695245270470286e-15
1559    3.687215464107027e-15
1560    3.679208569708287e-15
1561    3.671224494245396e-15
1562    3.6632631452937005e-15
1563    3.655324434789786e-15
1564    3.647408289895848e-15
1565    3.6395146415634014e-15
1566    3.631643420969652e-15
1567    3.62379455939907e-15
1568    3.615967988262513e-15
1569    3.60816363915691e-15
1570    3.600381444596489e-15
1571    3.5926213378865566e-15
1572    3.584883253735183e-15
1573    3.577167128490569e-15
1574    3.569472894270532e-15
1575    3.561800465916264e-15
1576    3.554149754070591e-15
1577    3.5465206703298923e-15
1578    3.5389131268993763e-15
1579    3.531327036488587e-15
1580    3.5237623123769668e-15
1581    3.516218868308618e-15
1582    3.5086966186841763e-15
1583    3.501195481797678e-15
1584    3.4937153829804947e-15
1585    3.486256248026026e-15
1586    3.478818001075225e-15
1587    3.4714005658166654e-15
1588    3.4640038655052248e-15
1589    3.456627823098928e-15
1590    3.4492723618918463e-15
1591    3.4419374055284135e-15
1592    3.4346228783520917e-15
1593    3.427328707108887e-15
1594    3.4200548166068757e-15
1595    3.4128011275771056e-15
1596    3.405567560965404e-15
1597    3.398354041279948e-15
1598    3.3911604947587166e-15
1599    3.3839868478688344e-15
1600    3.3768330275863345e-15
1601    3.3696989613190524e-15
1602    3.3625845769815222e-15
1603    3.355489802133805e-15
1604    3.3484145612566147e-15
1605    3.3413587788803328e-15
1606    3.334322380102626e-15
1607    3.3273052900788313e-15
1608    3.320307430854964e-15
1609    3.3133287227396244e-15
1610    3.3063690907404322e-15
1611    3.299428467821722e-15
1612    3.2925067880133517e-15
1613    3.2856039869932394e-15
1614    3.2787200070112188e-15
1615    3.271854793288317e-15
1616    3.2650082928526324e-15
1617    3.258180452983532e-15
1618    3.2513712211428244e-15
1619    3.244580545341865e-15
1620    3.2378083735537e-15
1621    3.231054653814543e-15
1622    3.224319334313129e-15
1623    3.2176023617660687e-15
1624    3.2109036733583472e-15
1625    3.20422320292989e-15
1626    3.197560884569546e-15
1627    3.190916652548947e-15
1628    3.1842904407258773e-15
1629    3.1776821828459127e-15
1630    3.171091811233023e-15
1631    3.164519256536999e-15
1632    3.1579644493191844e-15
1633    3.1514273170843576e-15
1634    3.144907786866368e-15
1635    3.138405794580078e-15
1636    3.1319212800868524e-15
1637    3.125454184288301e-15
1638    3.1190044493369943e-15
1639    3.1125720178203068e-15
1640    3.1061568325427525e-15
1641    3.0997588356182215e-15
1642    3.0933779681778474e-15
1643    3.087014171569792e-15
1644    3.080667387403142e-15
1645    3.0743375588799254e-15
1646    3.068024631505983e-15
1647    3.0617285511604862e-15
1648    3.055449263891812e-15
1649    3.049186715668578e-15
1650    3.042940851595384e-15
1651    3.0367116191327008e-15
1652    3.03049896710314e-15
1653    3.0243028436924742e-15
1654    3.0181231969494434e-15
1655    3.0119599748499355e-15
1656    3.0058131262018048e-15
1657    2.9996826006853775e-15
1658    2.9935683482623537e-15
1659    2.987470318566042e-15
1660    2.981388461243764e-15
1661    2.9753227263472844e-15
1662    2.9692730639033284e-15
1663    2.963239422005911e-15
1664    2.9572217510808894e-15
1665    2.9512200002912138e-15
1666    2.9452341221278485e-15
1667    2.939264071456971e-15
1668    2.9333098033152917e-15
1669    2.927371272871197e-15
1670    2.9214484352174835e-15
1671    2.9155412440869485e-15
1672    2.909649651963892e-15
1673    2.9037736113230976e-15
1674    2.8979130757473156e-15
1675    2.892068002029767e-15
1676    2.8862383473752847e-15
1677    2.880424066095009e-15
1678    2.8746251085386064e-15
1679    2.8688414249297957e-15
1680    2.863072971026379e-15
1681    2.8573197094891243e-15
1682    2.851581600260916e-15
1683    2.845858602586605e-15
1684    2.840150675951369e-15
1685    2.834457776266528e-15
1686    2.828779842307819e-15
1687    2.8231168087112322e-15
1688    2.817468610479838e-15
1689    2.81183518297732e-15
1690    2.8062164623896395e-15
1691    2.8006123891202003e-15
1692    2.795022905681221e-15
1693    2.789447954064434e-15
1694    2.7838874763028985e-15
1695    2.7783414147231034e-15
1696    2.772809713438062e-15
1697    2.767292325864079e-15
1698    2.761789206971539e-15
1699    2.756300310241014e-15
1700    2.7508255890283673e-15
1701    2.7453649967134193e-15
1702    2.739918486834247e-15
1703    2.734486013066727e-15
1704    2.7290675271271067e-15
1705    2.7236629771468937e-15
1706    2.7182723110963043e-15
1707    2.712895478225793e-15
1708    2.707532435712195e-15
1709    2.7021831441950332e-15
1710    2.6968475641294976e-15
1711    2.691525655958083e-15
1712    2.686217381306962e-15
1713    2.6809227075483332e-15
1714    2.6756416040803163e-15
1715    2.67037404088009e-15
1716    2.6651199892385893e-15
1717    2.6598794215307454e-15
1718    2.6546523148871154e-15
1719    2.649438644098951e-15
1720    2.6442383819312495e-15
1721    2.6390515011146686e-15
1722    2.633877974365107e-15
1723    2.6287177743116836e-15
1724    2.6235708735022525e-15
1725    2.6184372444537553e-15
1726    2.6133168596324186e-15
1727    2.6082096914804658e-15
1728    2.603115710254544e-15
1729    2.5980348806307953e-15
1730    2.5929671598006558e-15
1731    2.5879125001831934e-15
1732    2.5828708532831325e-15
1733    2.5778421700951355e-15
1734    2.5728264016990402e-15
1735    2.567823499418844e-15
1736    2.562833414796156e-15
1737    2.557856099581087e-15
1738    2.552891505978757e-15
1739    2.547939588765075e-15
1740    2.5430003042704276e-15
1741    2.5380736088128136e-15
1742    2.5331594588509926e-15
1743    2.5282578110202557e-15
1744    2.523368620143781e-15
1745    2.518491834437209e-15
1746    2.5136274007860426e-15
1747    2.508775266376235e-15
1748    2.503935379076984e-15
1749    2.4991076877560273e-15
1750    2.4942921399338924e-15
1751    2.489488680037425e-15
1752    2.484697260650615e-15
1753    2.479917844267635e-15
1754    2.475150393626044e-15
1755    2.4703948713264627e-15
1756    2.465651240021648e-15
1757    2.4609194626772683e-15
1758    2.456199505865582e-15
1759    2.451491338557063e-15
1760    2.4467949276537643e-15
1761    2.442110239621604e-15
1762    2.437437240931867e-15
1763    2.4327758922970533e-15
1764    2.428126145746152e-15
1765    2.423487952837613e-15
1766    2.4188612654013355e-15
1767    2.4142460372454623e-15
1768    2.4096422396567696e-15
1769    2.405049854176033e-15
1770    2.400468862378804e-15
1771    2.395899247699112e-15
1772    2.3913409984134423e-15
1773    2.386794103502694e-15
1774    2.3822585535562343e-15
1775    2.3777343435248527e-15
1776    2.3732214698884472e-15
1777    2.3668704695315484e-15
1778    2.3624141254902847e-15
1779    2.3579688577512306e-15
1780    2.3535346310868852e-15
1781    2.3491114099741255e-15
1782    2.3446991589922655e-15
1783    2.3402978434402403e-15
1784    2.3359074291902495e-15
1785    2.331527882254185e-15
1786    2.3271591687603436e-15
1787    2.322801254683847e-15
1788    2.318454104944208e-15
1789    2.3141176792021743e-15
1790    2.309791934071313e-15
1791    2.305476826063458e-15
1792    2.3011723118873283e-15
1793    2.2968783487342244e-15
1794    2.292594894190178e-15
1795    2.2883219060798813e-15
1796    2.2840593437846154e-15
1797    2.2798071755227237e-15
1798    2.275565378719998e-15
1799    2.271333932873492e-15
1800    2.2671128225546465e-15
1801    2.262902036891222e-15
1802    2.258701565085744e-15
1803    2.2545113962429716e-15
1804    2.2503315193585813e-15
1805    2.2461619233199837e-15
1806    2.2420025969048345e-15
1807    2.2378535287354655e-15
1808    2.233714707378225e-15
1809    2.2295861216393996e-15
1810    2.2254677603123036e-15
1811    2.2213596103809586e-15
1812    2.217261654726317e-15
1813    2.2131738731587964e-15
1814    2.2090962384889967e-15
1815    2.2050287035872583e-15
1816    2.200971217931705e-15
1817    2.19692373135639e-15
1818    2.192886194217122e-15
1819    2.188858557206649e-15
1820    2.1848407713154197e-15
1821    2.180832787853842e-15
1822    2.1768345584500444e-15
1823    2.1728460350474256e-15
1824    2.1688671699032736e-15
1825    2.1648979156001083e-15
1826    2.160938224752235e-15
1827    2.156988047609092e-15
1828    2.1530473333076723e-15
1829    2.149116031170604e-15
1830    2.145194090547553e-15
1831    2.1412814613250285e-15
1832    2.1373781121678623e-15
1833    2.1334840437793397e-15
1834    2.129599260029239e-15
1835    2.12572376457554e-15
1836    2.1218575607949515e-15
1837    2.1180006517229294e-15
1838    2.11415304019163e-15
1839    2.110314728816738e-15
1840    2.1064857199761303e-15
1841    2.1026660168092685e-15
1842    2.0988556251277437e-15
1843    2.095054551093591e-15
1844    2.0912628006372563e-15
1845    2.0874803794159125e-15
1846    2.0837072928010027e-15
1847    2.079943545830715e-15
1848    2.0761891432619206e-15
1849    2.072444087908064e-15
1850    2.0687083424823374e-15
1851    2.064981829229151e-15
1852    2.0612644691861388e-15
1853    2.0575561840480537e-15
1854    2.0538568961618655e-15
1855    2.0501665283786023e-15
1856    2.0464850012656208e-15
1857    2.042812233224227e-15
1858    2.0391481432263898e-15
1859    2.0354926509346418e-15
1860    2.0318456769231278e-15
1861    2.028207142904589e-15
1862    2.0245769713134104e-15
1863    2.0209550852411328e-15
1864    2.0173414084390268e-15
1865    2.013735865296145e-15
1866    2.0101383807436046e-15
1867    2.0065488843897025e-15
1868    2.002967351530804e-15
1869    1.999393785592619e-15
1870    1.9958281912096865e-15
1871    1.992270578384015e-15
1872    1.9887209588658124e-15
1873    1.985179344119745e-15
1874    1.981645745289469e-15
1875    1.9781201730700773e-15
1876    1.974602637827089e-15
1877    1.9710931496488418e-15
1878    1.9675917184571862e-15
1879    1.9640983549826356e-15
1880    1.960613070294444e-15
1881    1.95713587518159e-15
1882    1.9536667801478517e-15
1883    1.9502057954144432e-15
1884    1.9467529309191644e-15
1885    1.943308191255819e-15
1886    1.9398715530377004e-15
1887    1.9364429832621282e-15
1888    1.933022449205904e-15
1889    1.92960991833017e-15
1890    1.9262053582907027e-15
1891    1.9228087373102604e-15
1892    1.919420024128719e-15
1893    1.916039187252913e-15
1894    1.9126661952182193e-15
1895    1.909301016702129e-15
1896    1.905943620541028e-15
1897    1.9025939757431493e-15
1898    1.899252051458279e-15
1899    1.8959178166714557e-15
1900    1.892591236184219e-15
1901    1.8892722716957378e-15
1902    1.8859608846766477e-15
1903    1.8826570403068052e-15
1904    1.8793607160921303e-15
1905    1.87607189210058e-15
1906    1.8727905484554266e-15
1907    1.8695166653351013e-15
1908    1.8662502229730375e-15
1909    1.862991201657524e-15
1910    1.8597395817315463e-15
1911    1.8564953435543175e-15
1912    1.8532584673234296e-15
1913    1.850028933240741e-15
1914    1.846806722477118e-15
1915    1.84359181968599e-15
1916    1.8403842104263976e-15
1917    1.8371838801826143e-15
1918    1.833990814084607e-15
1919    1.8308049971707677e-15
1920    1.8276264144580785e-15
1921    1.824455047332712e-15
1922    1.8212908703492188e-15
1923    1.818133857419502e-15
1924    1.8149839827411337e-15
1925    1.8118412218433455e-15
1926    1.808705550894939e-15
1927    1.805576946181816e-15
1928    1.802455384131668e-15
1929    1.7993408435513256e-15
1930    1.796233306670906e-15
1931    1.7931327560846446e-15
1932    1.7900391747547068e-15
1933    1.7869525461927067e-15
1934    1.783872853994749e-15
1935    1.780800081792484e-15
1936    1.7777342132530887e-15
1937    1.7746752320792917e-15
1938    1.7716231220501684e-15
1939    1.7685778681680808e-15
1940    1.7655394568474191e-15
1941    1.7625078746533683e-15
1942    1.7594831081305144e-15
1943    1.7564651432518109e-15
1944    1.7534539618449228e-15
1945    1.7504495435818472e-15
1946    1.7474518681898187e-15
1947    1.744460915363201e-15
1948    1.7414766642213596e-15
1949    1.738499093714113e-15
1950    1.7355281828657488e-15
1951    1.7325639107862537e-15
1952    1.7296062565231352e-15
1953    1.726655197768995e-15
1954    1.7237107114758978e-15
1955    1.7207727746897038e-15
1956    1.7178413647866325e-15
1957    1.7149164620222088e-15
1958    1.7119980487192105e-15
1959    1.7090861076473522e-15
1960    1.706180621733693e-15
1961    1.7032815739566031e-15
1962    1.700388947345158e-15
1963    1.697502724978981e-15
1964    1.6946228899880677e-15
1965    1.6917494255526348e-15
1966    1.688882314908108e-15
1967    1.6860215413856545e-15
1968    1.6831670883837997e-15
1969    1.6803189393485076e-15
1970    1.6774770778093987e-15
1971    1.6746414875213792e-15
1972    1.6718121523780358e-15
1973    1.6689890581399974e-15
1974    1.6661721936452221e-15
1975    1.6633615456882847e-15
1976    1.6605571000801286e-15
1977    1.6577588426551273e-15
1978    1.6549667592738174e-15
1979    1.6521808358222964e-15
1980    1.6494010582006106e-15
1981    1.6466274123239668e-15
1982    1.643859884127237e-15
1983    1.6410984595460597e-15
1984    1.6383431245368544e-15
1985    1.6355938650834616e-15
1986    1.6328506672054756e-15
1987    1.6301135167790582e-15
1988    1.6273823982965008e-15
1989    1.6246572957390788e-15
1990    1.6219381931280757e-15
1991    1.6192250745261488e-15
1992    1.6165179240822637e-15
1993    1.6138167260144811e-15
1994    1.6111214634846917e-15
1995    1.6084321188808525e-15
1996    1.6057486746321719e-15
1997    1.6030711132339255e-15
1998    1.6003994172471616e-15
1999    1.5977335692984056e-15
