10    1.7727868408906498e-08
11    1.8016274519417304e-08
12    1.8266294182743028e-08
13    1.8328880018590318e-08
14    1.870093264200968e-08
15    1.8752348441879364e-08
16    1.8759319919293088e-08
17    1.8739067306149955e-08
18    1.8803488234619603e-08
19    1.8769248099572833e-08
20    1.8716325676547616e-08
21    1.8650917415415738e-08
22    1.857629758607901e-08
23    1.8462074022372973e-08
24    1.836277888407882e-08
25    1.8310874449159573e-08
26    1.8209864886181184e-08
27    1.809801682574487e-08
28    1.793978015793043e-08
29    1.794493743448436e-08
30    1.7765175387630222e-08
31    1.7578558197706463e-08
32    1.7388607538730376e-08
33    1.7198342697031412e-08
34    1.70103576688568e-08
35    1.6827067607270726e-08
36    1.6650188044100013e-08
37    1.6480717959074905e-08
38    1.6318997353234455e-08
39    1.6164509867854246e-08
40    1.601644285300672e-08
41    1.599067916245714e-08
42    1.583086360161486e-08
43    1.5674038829115614e-08
44    1.5519898950918054e-08
45    1.5321903505804022e-08
46    1.5163929102384012e-08
47    1.5069200856379895e-08
48    1.4935510936642202e-08
49    1.4800144537643607e-08
50    1.4663132819292343e-08
51    1.4524908085374586e-08
52    1.4386077214579343e-08
53    1.4214490829842643e-08
54    1.4076930661812498e-08
55    1.3940583025826576e-08
56    1.378288310858098e-08
57    1.3660259054754184e-08
58    1.3538275019668066e-08
59    1.3416366282443264e-08
60    1.329403529007575e-08
61    1.317091105798219e-08
62    1.3046850111609906e-08
63    1.2921731386788032e-08
64    1.2795636330110202e-08
65    1.266871834429358e-08
66    1.2541156537338241e-08
67    1.241324124081131e-08
68    1.2285172771407744e-08
69    1.2157232506807666e-08
70    1.2029622162117536e-08
71    1.1902557378825968e-08
72    1.1776289928597016e-08
73    1.1651095964432405e-08
74    1.1527305937339005e-08
75    1.1405197416722128e-08
76    1.1285077926406556e-08
77    1.1167199530105039e-08
78    1.1051784066141821e-08
79    1.0938950542833532e-08
80    1.0828756786784242e-08
81    1.0721203012030906e-08
82    1.0616209934540324e-08
83    1.0513692737630217e-08
84    1.041353851195734e-08
85    1.0315652570428533e-08
86    1.0219879968837965e-08
87    1.0126142415638412e-08
88    1.0034330368931834e-08
89    9.878369857573587e-09
90    9.784272112556933e-09
91    9.692486302599171e-09
92    9.602942462045448e-09
93    9.515572365436913e-09
94    9.430304938389744e-09
95    9.347104467616626e-09
96    9.357112480125328e-09
97    9.278319782638293e-09
98    9.200621644602832e-09
99    9.12396012159761e-09
100    9.048293638427155e-09
101    8.973610472554465e-09
102    8.899902096213748e-09
103    8.827156677849118e-09
104    8.755343249492135e-09
105    8.684443546889093e-09
106    8.614437942150622e-09
107    8.54531093048675e-09
108    8.477038400213404e-09
109    8.40958811474424e-09
110    8.342916216196369e-09
111    8.27697391253571e-09
112    8.211706106380297e-09
113    8.147069757263842e-09
114    8.08301089888886e-09
115    8.01947118493968e-09
116    7.956385667767758e-09
117    7.893692854259527e-09
118    7.83134451861416e-09
119    7.769304705677139e-09
120    7.707538958934606e-09
121    7.646017768652068e-09
122    7.584713453366553e-09
123    7.523614812674159e-09
124    7.462744926830475e-09
125    7.402126727305998e-09
126    7.341782651323294e-09
127    7.281733533449609e-09
128    7.2220079305530724e-09
129    7.1626612005335966e-09
130    7.103755128077327e-09
131    7.045349156890557e-09
132    6.9874993583277115e-09
133    6.930261748029244e-09
134    6.873693563545805e-09
135    6.817855396028029e-09
136    6.762800975017159e-09
137    6.708570389090811e-09
138    6.655207711908551e-09
139    6.602757155620243e-09
140    6.551255784734839e-09
141    6.500735251386345e-09
142    6.451218033783677e-09
143    6.402720665725444e-09
144    6.3552548240179565e-09
145    6.308821774461949e-09
146    6.263410391828449e-09
147    6.2189955756695e-09
148    6.1942047740531415e-09
149    6.145032204574292e-09
150    6.096747259440806e-09
151    6.0493691614748475e-09
152    6.0029160500501e-09
153    5.957397193331272e-09
154    5.912811290587326e-09
155    5.869148261849173e-09
156    5.826403561039794e-09
157    5.784578270875948e-09
158    5.743655490819795e-09
159    5.750600363111595e-09
160    5.715699544730357e-09
161    5.681266076548069e-09
162    5.647272896572132e-09
163    5.613680302955248e-09
164    5.580447521010731e-09
165    5.5475448678693925e-09
166    5.514955640244165e-09
167    5.482662703157455e-09
168    5.450642803468471e-09
169    5.4188697585051904e-09
170    5.3873166199465544e-09
171    5.355955855742513e-09
172    5.324762829945702e-09
173    5.293720057019356e-09
174    5.26281594279785e-09
175    5.232037365659724e-09
176    5.201360003626413e-09
177    5.170763254707883e-09
178    5.140236874165762e-09
179    5.109777686596009e-09
180    5.079382296524588e-09
181    5.049041217304766e-09
182    5.018745615615903e-09
183    4.988492576239093e-09
184    4.958286291346946e-09
185    4.928134062104063e-09
186    4.898040687020186e-09
187    4.868012334759428e-09
188    4.838057340439999e-09
189    4.808185526753586e-09
190    4.778406803936845e-09
191    4.748734272898649e-09
192    4.719189152350131e-09
193    4.689794312370033e-09
194    4.660566232494485e-09
195    4.631517584560166e-09
196    4.6026624500477555e-09
197    4.574020403154072e-09
198    4.545610775975536e-09
199    4.517448204298566e-09
200    4.4895455403478196e-09
201    4.461916023933756e-09
202    4.434574021363925e-09
203    4.407534080348401e-09
204    4.380805873203692e-09
205    4.379158757532727e-09
206    4.356124251902111e-09
207    4.333293782568888e-09
208    4.310663453885572e-09
209    4.288227566202057e-09
210    4.265980589846389e-09
211    4.243917241411732e-09
212    4.222032587030442e-09
213    4.200321570575613e-09
214    4.131394719768206e-09
215    4.108238491187574e-09
216    4.085398119027119e-09
217    4.062867786699198e-09
218    4.0406376370875434e-09
219    4.018698167318193e-09
220    3.9970461632022575e-09
221    3.975681391261915e-09
222    3.954600017210358e-09
223    3.933789778064339e-09
224    3.913237276567168e-09
225    3.892935701995762e-09
226    3.872884337838138e-09
227    3.853081550160525e-09
228    3.833519355742719e-09
229    3.814187620117256e-09
230    3.795077353249356e-09
231    3.7761815898549766e-09
232    3.7574942227695415e-09
233    3.739008341127708e-09
234    3.7207168474549073e-09
235    3.702613001168191e-09
236    3.684691511301273e-09
237    3.6669479984875137e-09
238    3.6493787865384293e-09
239    3.631980877678249e-09
240    3.6147509329434473e-09
241    3.597682656616849e-09
242    3.580768633146808e-09
243    3.5640028295371028e-09
244    3.547381944117759e-09
245    3.530903315850779e-09
246    3.5145641014856933e-09
247    3.4983609496915785e-09
248    3.4822905185108133e-09
249    3.4663482499110016e-09
250    3.4505287337421883e-09
251    3.434826615589548e-09
252    3.419238883285039e-09
253    3.4037621758764447e-09
254    3.3883892766911235e-09
255    3.3731125301310987e-09
256    3.3579282673948523e-09
257    3.342836458860094e-09
258    3.3278381301230833e-09
259    3.312933261471209e-09
260    3.2981200840828755e-09
261    3.2833952572252e-09
262    3.2687554912698965e-09
263    3.2541974175932844e-09
264    3.2397170078996563e-09
265    3.225310014892057e-09
266    3.2109719611438892e-09
267    3.196698428444576e-09
268    3.1824858113270074e-09
269    3.1683317135419542e-09
270    3.154232650608058e-09
271    3.1401842685141466e-09
272    3.1261833821901507e-09
273    3.1122278017635295e-09
274    3.098315342397031e-09
275    3.084442713649075e-09
276    3.0706066355960994e-09
277    3.0568053304700557e-09
278    3.0430368903182167e-09
279    3.029300139011485e-09
280    3.015594616031823e-09
281    3.001919987364122e-09
282    2.9882762045051536e-09
283    2.9746638837899394e-09
284    2.9610841524508497e-09
285    2.947538116384595e-09
286    2.9340261998204196e-09
287    2.9205490751382292e-09
288    2.9071090147267104e-09
289    2.893708823124534e-09
290    2.880350475728039e-09
291    2.867034498739516e-09
292    2.853761919753049e-09
293    2.840535148013904e-09
294    2.827357165935911e-09
295    2.8142317405435176e-09
296    2.8011628056479838e-09
297    2.7881541073777717e-09
298    2.7752088779856865e-09
299    2.7623304870868777e-09
300    2.7495243176448125e-09
301    2.7367963485173474e-09
302    2.713916410756722e-09
303    2.704244041554058e-09
304    2.6946372529840128e-09
305    2.6850907854210853e-09
306    2.6755996779573986e-09
307    2.6661587161426172e-09
308    2.656762555589823e-09
309    2.6474072155041415e-09
310    2.6380911968189007e-09
311    2.628813283755316e-09
312    2.6195722094622015e-09
313    2.610366286171445e-09
314    2.601192556744824e-09
315    2.5920460840947073e-09
316    2.5829221863443444e-09
317    2.57381627462396e-09
318    2.564723797556837e-09
319    2.555641026982574e-09
320    2.5465665434261206e-09
321    2.5374993787032874e-09
322    2.5284385741130514e-09
323    2.5193832943776764e-09
324    2.5103328599401364e-09
325    2.5012857308488308e-09
326    2.492240182832449e-09
327    2.4831945417399963e-09
328    2.474147179465444e-09
329    2.4650964386884096e-09
330    2.456040334120629e-09
331    2.446976843894784e-09
332    2.4379041683170967e-09
333    2.4288217254167026e-09
334    2.419729960744273e-09
335    2.4106303672182187e-09
336    2.4015247412702825e-09
337    2.3924148434008473e-09
338    2.3833023989144472e-09
339    2.3741887650407567e-09
340    2.365073038848432e-09
341    2.3559534744219635e-09
342    2.3468288569208116e-09
343    2.337698441747454e-09
344    2.3285617306002636e-09
345    2.31941978983399e-09
346    2.310274418664057e-09
347    2.3011274599016496e-09
348    2.2628396531610545e-09
349    2.255023696097348e-09
350    2.2472535845640057e-09
351    2.239525925227603e-09
352    2.231837480599501e-09
353    2.2241854682453446e-09
354    2.216567512064068e-09
355    2.208981041547982e-09
356    2.201423007811734e-09
357    2.193890266751733e-09
358    2.18638020650193e-09
359    2.17889103268061e-09
360    2.1714211853949466e-09
361    2.1639699689555802e-09
362    2.1565371626891e-09
363    2.149121943658286e-09
364    2.1417226817064106e-09
365    2.1343376583527763e-09
366    2.1269651410417393e-09
367    2.119603460202237e-09
368    2.1122517303166593e-09
369    2.1049102548003466e-09
370    2.0975795181040115e-09
371    2.090259919893691e-09
372    2.082951751535496e-09
373    2.068481204019711e-09
374    2.0599889507267395e-09
375    2.0515532444210603e-09
376    2.043175500034774e-09
377    2.0348570898043157e-09
378    2.0265993088977277e-09
379    2.018403168063444e-09
380    2.010270081159693e-09
381    2.002202399152955e-09
382    1.994202470135279e-09
383    1.9862725546770843e-09
384    1.9784148230616766e-09
385    1.9706308632240915e-09
386    1.9629212987533897e-09
387    1.9552866182003466e-09
388    1.947727020229815e-09
389    1.9402422952275718e-09
390    1.932832661265773e-09
391    1.92549893924402e-09
392    1.9182419853803122e-09
393    1.9110626332953487e-09
394    1.903961681839161e-09
395    1.8969396414291083e-09
396    1.8899963592480293e-09
397    1.883131444453851e-09
398    1.897664888083455e-09
399    1.890812774011806e-09
400    1.8839898471695494e-09
401    1.8771970306315854e-09
402    1.870435295259037e-09
403    1.8637057713302338e-09
404    1.8570095912329702e-09
405    1.8503479939695573e-09
406    1.8437222439700717e-09
407    1.8371330855718643e-09
408    1.83058072316115e-09
409    1.8240654352529464e-09
410    1.8175875658714405e-09
411    1.8111475323195758e-09
412    1.8047463210577977e-09
413    1.798385646133969e-09
414    1.79206722996151e-09
415    1.7857927578765219e-09
416    1.7795636792627545e-09
417    1.7733803452251645e-09
418    1.767242340081613e-09
419    1.761149371076894e-09
420    1.7551011498130452e-09
421    1.749097390939376e-09
422    1.7431385958298792e-09
423    1.7372253929144437e-09
424    1.7313583310298613e-09
425    1.725538070508701e-09
426    1.7197652133236652e-09
427    1.7140395329531756e-09
428    1.7083603182863453e-09
429    1.7027268454406812e-09
430    1.6971384318311533e-09
431    1.6915943845189237e-09
432    1.6860944355309578e-09
433    1.6806385228346966e-09
434    1.675226580994196e-09
435    1.6698585401503024e-09
436    1.664534293133678e-09
437    1.6592535508355725e-09
438    1.654015970375945e-09
439    1.648821208644941e-09
440    1.643668854747414e-09
441    1.6385583975424603e-09
442    1.633489268371811e-09
443    1.628460898669451e-09
444    1.6234726754293675e-09
445    1.618523828258465e-09
446    1.6136136783590617e-09
447    1.6087419725519445e-09
448    1.6039085367904834e-09
449    1.5991131964212596e-09
450    1.5943557582034011e-09
451    1.5896356160023854e-09
452    1.5849514948947623e-09
453    1.5803020194667213e-09
454    1.5756858076019715e-09
455    1.5711015063963967e-09
456    1.5665479920493099e-09
457    1.5620245041468729e-09
458    1.5575303289984726e-09
459    1.553064798655947e-09
460    1.54862729354133e-09
461    1.5442172633090455e-09
462    1.5398340007026267e-09
463    1.5354767617190085e-09
464    1.531144816501686e-09
465    1.5268374433370257e-09
466    1.5225538051807265e-09
467    1.5182929536666553e-09
468    1.5140540696074245e-09
469    1.509836720631589e-09
470    1.5056405835898818e-09
471    1.5014657239838773e-09
472    1.4973124261420196e-09
473    1.4931808273345999e-09
474    1.489071034962301e-09
475    1.484983071026384e-09
476    1.4809162591358917e-09
477    1.4768693719182819e-09
478    1.472841205990885e-09
479    1.4688306018543987e-09
480    1.4648364808038799e-09
481    1.4608582070990248e-09
482    1.4568953407807008e-09
483    1.452947425868531e-09
484    1.4490142634113852e-09
485    1.445095791425651e-09
486    1.4411924998147767e-09
487    1.4373036175920547e-09
488    1.433428720562199e-09
489    1.4295675731487323e-09
490    1.425719954200587e-09
491    1.4218856523486096e-09
492    1.4241695234393545e-09
493    1.4201929305513726e-09
494    1.4162272974290808e-09
495    1.412272108880379e-09
496    1.4083269735387308e-09
497    1.4043920768249879e-09
498    1.4004677756689314e-09
499    1.3965543457890357e-09
500    1.3926519421312721e-09
501    1.3887607890984586e-09
502    1.3848810520432368e-09
503    1.3810128764718176e-09
504    1.3771564181730426e-09
505    1.3733118291476747e-09
506    1.3694792591986908e-09
507    1.3656589075459275e-09
508    1.3618509238415793e-09
509    1.3580552221278768e-09
510    1.3542716715926861e-09
511    1.3505001444269673e-09
512    1.3467405115986304e-09
513    1.3429926431636543e-09
514    1.3392564152042028e-09
515    1.3355317863671164e-09
516    1.3318188101694954e-09
517    1.3281175211650168e-09
518    1.3244279073385019e-09
519    1.3207499423972868e-09
520    1.3170836000218507e-09
521    1.3117650616997443e-09
522    1.3082377122088454e-09
523    1.3047186579077813e-09
524    1.3012080881709964e-09
525    1.2977061995598027e-09
526    1.294213234705459e-09
527    1.290729432468441e-09
528    1.2872550589739324e-09
529    1.283790427891393e-09
530    1.2803357534474566e-09
531    1.2768911599271383e-09
532    1.2734567665780977e-09
533    1.2700326896958455e-09
534    1.2666190097800505e-09
535    1.2632156355930935e-09
536    1.2598224262863341e-09
537    1.2564393161933023e-09
538    1.2530664403168068e-09
539    1.2497040481193947e-09
540    1.2463526013599903e-09
541    1.243012605095487e-09
542    1.2396845795386402e-09
543    1.236369054783337e-09
544    1.233066423693506e-09
545    1.2297767556021467e-09
546    1.2264999757559193e-09
547    1.2232360110920645e-09
548    1.2199848385048045e-09
549    1.2167465075803413e-09
550    1.2135211964194777e-09
551    1.2103090894228854e-09
552    1.2071103626291654e-09
553    1.2039252367064645e-09
554    1.2007539710946213e-09
555    1.1975968311074875e-09
556    1.1944540794997997e-09
557    1.1913259739121088e-09
558    1.188212767830819e-09
559    1.1851146617325181e-09
560    1.1820318296091859e-09
561    1.1789645832557913e-09
562    1.1759132635154425e-09
563    1.1728782013300535e-09
564    1.1698597172930609e-09
565    1.1668581269456103e-09
566    1.1638737548202734e-09
567    1.1609069189977474e-09
568    1.157957850233659e-09
569    1.1550266119593833e-09
570    1.1521132012705668e-09
571    1.1492175927669397e-09
572    1.146339757318319e-09
573    1.1434796657538983e-09
574    1.1406373055313816e-09
575    1.1378126812646375e-09
576    1.135005939470901e-09
577    1.1322173368265284e-09
578    1.1294471145042348e-09
579    1.1266954823426458e-09
580    1.1239625866390678e-09
581    1.1212485388553443e-09
582    1.1185534429070674e-09
583    1.1158773481949489e-09
584    1.1132200427239148e-09
585    1.1105812312955977e-09
586    1.107960622675713e-09
587    1.105357929808266e-09
588    1.1027728874941384e-09
589    1.100205282096802e-09
590    1.0976548923802495e-09
591    1.0951214735461652e-09
592    1.092604866187599e-09
593    1.090104939623029e-09
594    1.087621604997115e-09
595    1.085154792348242e-09
596    1.0827044443244687e-09
597    1.0802704914065761e-09
598    1.0778527531513873e-09
599    1.0754508714492026e-09
600    1.0730644173015696e-09
601    1.070692954036907e-09
602    1.0683360272204078e-09
603    1.061980834623506e-09
604    1.0596560540443501e-09
605    1.0573491470203755e-09
606    1.0550597756478094e-09
607    1.052787609246353e-09
608    1.0505323545515768e-09
609    1.0482937482161472e-09
610    1.046071577965156e-09
611    1.0438657047630266e-09
612    1.0416759917351317e-09
613    1.0395022876695978e-09
614    1.0373444518934977e-09
615    1.035202333313907e-09
616    1.0330757785260925e-09
617    1.0309646337655667e-09
618    1.0288686851102882e-09
619    1.0267875671524676e-09
620    1.0247206605291652e-09
621    1.0226673094966562e-09
622    1.0206268842086242e-09
623    1.0185988256214482e-09
624    1.0165826545671353e-09
625    1.0145779042338902e-09
626    1.012584109341098e-09
627    1.0106007732125794e-09
628    1.0086273722933482e-09
629    1.0066634858762825e-09
630    1.0047087582596982e-09
631    1.00276283883216e-09
632    1.000825381921532e-09
633    9.988960545434447e-10
634    9.969745410055688e-10
635    9.950605301869424e-10
636    9.931537152185861e-10
637    9.912537855852066e-10
638    9.893603386937905e-10
639    9.874729377824758e-10
640    9.855911564435631e-10
641    9.837145741920397e-10
642    9.81842776726694e-10
643    9.799753350013553e-10
644    9.781117724489303e-10
645    9.762516205623498e-10
646    9.743944262873207e-10
647    9.725398102151257e-10
648    9.706874925267068e-10
649    9.688371809827443e-10
650    9.669885827022916e-10
651    9.651414098530354e-10
652    9.632953904382936e-10
653    9.614502807741021e-10
654    9.596059043041139e-10
655    9.577621476506436e-10
656    9.559188881065736e-10
657    9.540759282947224e-10
658    9.52233055641646e-10
659    9.503900417011307e-10
660    9.485466564576404e-10
661    9.467026738453263e-10
662    9.448578717335865e-10
663    9.430120319136629e-10
664    9.411649400866939e-10
665    9.39316392982931e-10
666    9.374662357855264e-10
667    9.35614333604081e-10
668    9.337605695424731e-10
669    9.319049095120956e-10
670    9.300473509209637e-10
671    9.28187932426762e-10
672    9.263267074737215e-10
673    9.244637203251405e-10
674    9.225989511349847e-10
675    9.207324453493783e-10
676    9.188643200568928e-10
677    9.169946926657569e-10
678    9.151236851515326e-10
679    9.132514766173403e-10
680    9.113782768667994e-10
681    9.095042932320866e-10
682    9.076297405592862e-10
683    9.057548711597194e-10
684    9.038799199756525e-10
685    9.020050536688864e-10
686    9.001304299918628e-10
687    8.982562047211282e-10
688    8.963825265794936e-10
689    8.945094755682867e-10
690    8.926370965851326e-10
691    8.907654261602708e-10
692    8.888944856757055e-10
693    8.870243380399357e-10
694    8.851551807528458e-10
695    8.832872423148742e-10
696    8.814207539469975e-10
697    8.795559613837028e-10
698    8.776931115611255e-10
699    8.758324883957046e-10
700    8.739744155043839e-10
701    8.721192138804725e-10
702    8.702671871429087e-10
703    8.684185316849918e-10
704    8.665733793244225e-10
705    8.647318319837854e-10
706    8.62893988098878e-10
707    8.610599453053304e-10
708    8.592298187381809e-10
709    8.57403736646457e-10
710    8.555818287240613e-10
711    8.537642490488945e-10
712    8.519512128605118e-10
713    8.501429764560282e-10
714    8.483397886069672e-10
715    8.465418838577874e-10
716    8.447494911776595e-10
717    8.42962835425437e-10
718    8.41182137091827e-10
719    8.394076044322286e-10
720    8.376394250075569e-10
721    8.358777397279415e-10
722    8.341226278229767e-10
723    8.323741619247068e-10
724    8.306324196094215e-10
725    8.288974939017366e-10
726    8.271694798894489e-10
727    8.254484804945441e-10
728    8.237346007657439e-10
729    8.220279502573239e-10
730    8.203286660081962e-10
731    8.186369346970012e-10
732    8.169529486160893e-10
733    8.152768963894776e-10
734    8.136089560160322e-10
735    8.119492770536508e-10
736    8.102980003454714e-10
737    8.086552599971816e-10
738    8.070211695856322e-10
739    8.053958044352055e-10
740    8.037791219203162e-10
741    8.021710394072253e-10
742    8.005714745626474e-10
743    7.989803454069964e-10
744    7.973975783368724e-10
745    7.958231416245827e-10
746    7.942570180516058e-10
747    7.926991901951911e-10
748    7.911496422839868e-10
749    7.896083936210789e-10
750    7.880755199190702e-10
751    7.865511090311674e-10
752    7.850352325574322e-10
753    7.853670804602393e-10
754    7.83960907207757e-10
755    7.825605991065357e-10
756    7.811661227179658e-10
757    7.797774462139857e-10
758    7.783945455595232e-10
759    7.770174057306864e-10
760    7.756460103077762e-10
761    7.742803263240708e-10
762    7.729203107769377e-10
763    7.715658957538834e-10
764    7.702170034257516e-10
765    7.68873514692535e-10
766    7.675352838761771e-10
767    7.662021653920866e-10
768    7.648740250805989e-10
769    7.63550738560364e-10
770    7.622321976797435e-10
771    7.609183022476973e-10
772    7.596089534767364e-10
773    7.583040634819943e-10
774    7.570035590023032e-10
775    7.557073653358617e-10
776    7.544154082634582e-10
777    7.531276123571097e-10
778    7.518438987254279e-10
779    7.505641770221665e-10
780    7.492883325326812e-10
781    7.48016245437641e-10
782    7.467477972730783e-10
783    7.454828709202275e-10
784    7.442213877654693e-10
785    7.429633222248141e-10
786    7.417086562663978e-10
787    7.404573720848917e-10
788    7.392094518568883e-10
789    7.379648738915262e-10
790    7.367236060445653e-10
791    7.35485600103224e-10
792    7.342507969999657e-10
793    7.330191395984905e-10
794    7.317905661793269e-10
795    7.305649792689363e-10
796    7.293422689840113e-10
797    7.281223269077228e-10
798    7.269050542895313e-10
799    7.256903939957226e-10
800    7.244783124956678e-10
801    7.23268780524318e-10
802    7.220617685597354e-10
803    7.208572441486129e-10
804    7.196551744605423e-10
805    7.18455542028369e-10
806    7.172583583261947e-10
807    7.160636160355049e-10
808    7.148713048921594e-10
809    7.136814146110653e-10
810    7.124939348890548e-10
811    7.113088553904309e-10
812    7.101261657642558e-10
813    7.089458557301902e-10
814    7.077679165055691e-10
815    7.065923428400194e-10
816    7.054191160296308e-10
817    7.042481996182127e-10
818    7.030795567218491e-10
819    7.019131472829669e-10
820    7.007489298211319e-10
821    6.995868600700602e-10
822    6.984268964485106e-10
823    6.972689988177583e-10
824    6.961131275697575e-10
825    6.949592436214514e-10
826    6.938073099988331e-10
827    6.926573112974907e-10
828    6.915092462937693e-10
829    6.903631223579719e-10
830    6.89218965414732e-10
831    6.880768037500115e-10
832    6.86936665347832e-10
833    6.857985791225965e-10
834    6.846625908463221e-10
835    6.835287638075971e-10
836    6.823971605604198e-10
837    6.812678135206806e-10
838    6.801407055076884e-10
839    6.790158086293615e-10
840    6.77893095362316e-10
841    6.767725385228412e-10
842    6.756541112514661e-10
843    6.745377869736732e-10
844    6.734235444174222e-10
845    6.723114018166693e-10
846    6.712013928879691e-10
847    6.700935514083835e-10
848    6.689879341225498e-10
849    6.67884636818187e-10
850    6.667837588729053e-10
851    6.656854023078151e-10
852    6.645896519205719e-10
853    6.634965482709388e-10
854    6.62406124898698e-10
855    6.613184148183086e-10
856    6.602334504774635e-10
857    6.591512636275765e-10
858    6.58071880376423e-10
859    6.569953016299245e-10
860    6.559215222988612e-10
861    6.548505590310336e-10
862    6.537824149469605e-10
863    6.527170745653661e-10
864    6.516545217821562e-10
865    6.505947407202258e-10
866    6.495377157598376e-10
867    6.484834325892442e-10
868    6.474318849918495e-10
869    6.463830717764656e-10
870    6.453370023735112e-10
871    6.442936926796269e-10
872    6.432531569126869e-10
873    6.42215408041914e-10
874    6.411804577405426e-10
875    6.401483134491011e-10
876    6.391189897515318e-10
877    6.380925170179738e-10
878    6.37068923097141e-10
879    6.360482318161897e-10
880    6.350304687518234e-10
881    6.340156722518236e-10
882    6.330038843665426e-10
883    6.319951464994133e-10
884    6.309895008292579e-10
885    6.299869886440721e-10
886    6.289876500040895e-10
887    6.279915242452705e-10
888    6.269986501188071e-10
889    6.260090649441631e-10
890    6.250227945107365e-10
891    6.24039846696762e-10
892    6.230602010786926e-10
893    6.220838328358501e-10
894    6.211107172606728e-10
895    6.201408297616207e-10
896    6.191741458444566e-10
897    6.182106411552992e-10
898    6.172502908335754e-10
899    6.162930714030996e-10
900    6.153389598713735e-10
901    6.143879339674172e-10
902    6.134399973022708e-10
903    6.124951881987059e-10
904    6.115535531471996e-10
905    6.106151406312728e-10
906    6.096799972285859e-10
907    6.087481676036382e-10
908    6.078196957019622e-10
909    6.068946247554384e-10
910    6.059729972892837e-10
911    6.050548551345478e-10
912    6.041402353706348e-10
913    6.032291265956711e-10
914    6.023214784170368e-10
915    6.014172357822161e-10
916    6.005163440794189e-10
917    5.996187467672234e-10
918    5.987243681853778e-10
919    5.978331187380267e-10
920    5.969449050083047e-10
921    5.960596366394113e-10
922    5.951772308965661e-10
923    5.942976198782892e-10
924    5.934208000712183e-10
925    5.925467878708293e-10
926    5.916755992175344e-10
927    5.908072495195595e-10
928    5.899417549918634e-10
929    5.890791377995252e-10
930    5.88219425388745e-10
931    5.87362646408191e-10
932    5.865088360600577e-10
933    5.856580316972944e-10
934    5.848102527325773e-10
935    5.839654768692898e-10
936    5.831236690808123e-10
937    5.822847765004802e-10
938    5.814487422158849e-10
939    5.806155133555604e-10
940    5.797850378829875e-10
941    5.789572643464209e-10
942    5.781321418940028e-10
943    5.773096202501854e-10
944    5.764896538447524e-10
945    5.756722244460946e-10
946    5.748573301418229e-10
947    5.740449687837434e-10
948    5.732351382204135e-10
949    5.724278363108998e-10
950    5.716230609399676e-10
951    5.708208095541171e-10
952    5.700210691822248e-10
953    5.692238125453718e-10
954    5.684290113895421e-10
955    5.676366374183083e-10
956    5.668466544321419e-10
957    5.660590218476013e-10
958    5.65273702936132e-10
959    5.644906638420085e-10
960    5.637098656760003e-10
961    5.629312697332938e-10
962    5.621548376032503e-10
963    5.613805310643385e-10
964    5.606083120618946e-10
965    5.598381429341005e-10
966    5.590699849363541e-10
967    5.583037950273298e-10
968    5.575395377798092e-10
969    5.567771804015743e-10
970    5.560166901822076e-10
971    5.552580344174478e-10
972    5.545011807473566e-10
973    5.537461005466786e-10
974    5.52992775090945e-10
975    5.522411801981662e-10
976    5.514912838649107e-10
977    5.507430623271032e-10
978    5.499965131971265e-10
979    5.49251640327236e-10
980    5.485084481566841e-10
981    5.477669422610398e-10
982    5.470271285059645e-10
983    5.462890086669722e-10
984    5.455525814573458e-10
985    5.448178454262145e-10
986    5.440847991170058e-10
987    5.43353437978448e-10
988    5.426237321046572e-10
989    5.41895629564233e-10
990    5.411690797113513e-10
991    5.404440408861416e-10
992    5.397204741839218e-10
993    5.389983411280099e-10
994    5.382776036430771e-10
995    5.375582239000639e-10
996    5.368401641664532e-10
997    5.361233859507398e-10
998    5.354078500629946e-10
999    5.34693531953605e-10
1000    5.339804161839422e-10
1001    5.332684899573101e-10
1002    5.325577452901585e-10
1003    5.318481748197392e-10
1004    5.311397708940525e-10
1005    5.304325251985618e-10
1006    5.297264292307227e-10
1007    5.290214744410699e-10
1008    5.283176530297594e-10
1009    5.276149570426426e-10
1010    5.269133733605111e-10
1011    5.262128875056179e-10
1012    5.255134851253675e-10
1013    5.24815152646196e-10
1014    5.241178797800433e-10
1015    5.234216634640333e-10
1016    5.227265106894949e-10
1017    5.220324292581112e-10
1018    5.213394280391676e-10
1019    5.20647517454031e-10
1020    5.199567033480862e-10
1021    5.192669796109134e-10
1022    5.185783332359464e-10
1023    5.178907506609892e-10
1024    5.172042184064154e-10
1025    5.165187230121626e-10
1026    5.158342509979363e-10
1027    5.151507888954645e-10
1028    5.144683234414281e-10
1029    5.137868431322606e-10
1030    5.131063354180514e-10
1031    5.124268030579996e-10
1032    5.117482654994549e-10
1033    5.110707427821277e-10
1034    5.103942547257903e-10
1035    5.097188211652915e-10
1036    5.09044463932968e-10
1037    5.083712120126513e-10
1038    5.076991001239475e-10
1039    5.07028170662521e-10
1040    5.063584666016307e-10
1041    5.056900278443185e-10
1042    5.050228700737902e-10
1043    5.043570037141341e-10
1044    5.036924404421433e-10
1045    5.03029177748141e-10
1046    5.023672112184664e-10
1047    5.01706536351312e-10
1048    5.010471486911833e-10
1049    5.003890443991566e-10
1050    4.997322197850934e-10
1051    4.990766712260193e-10
1052    4.984224022310171e-10
1053    4.977694392881679e-10
1054    4.971178134287906e-10
1055    4.964675516594447e-10
1056    4.958186741708877e-10
1057    4.951711920192387e-10
1058    4.945251084944733e-10
1059    4.938804268974516e-10
1060    4.932371590611098e-10
1061    4.92595319830698e-10
1062    4.919549238810497e-10
1063    4.913159821558281e-10
1064    4.906784977929356e-10
1065    4.900424733943065e-10
1066    4.894079132593593e-10
1067    4.887748198263318e-10
1068    4.881431906324927e-10
1069    4.875130225391051e-10
1070    4.868843128554493e-10
1071    4.862570646654869e-10
1072    4.856312873316545e-10
1073    4.850069968885489e-10
1074    4.84384212124903e-10
1075    4.837629526393473e-10
1076    4.831432371764238e-10
1077    4.825250843330936e-10
1078    4.819085113977124e-10
1079    4.812935329053657e-10
1080    4.806801617441382e-10
1081    4.800684104085198e-10
1082    4.794582912827415e-10
1083    4.788498171976646e-10
1084    4.782430004705961e-10
1085    4.776378473482411e-10
1086    4.770343606400692e-10
1087    4.764325430652057e-10
1088    4.758323985916405e-10
1089    4.752339321873938e-10
1090    4.746371452023462e-10
1091    4.740420362993045e-10
1092    4.734486037688758e-10
1093    4.728568458519953e-10
1094    4.722667607225645e-10
1095    4.716783461860395e-10
1096    4.710915987936845e-10
1097    4.705065148365767e-10
1098    4.699230918490778e-10
1099    4.693413312033343e-10
1100    4.687612358592915e-10
1101    4.681828087274226e-10
1102    4.676060526616401e-10
1103    4.670309704593435e-10
1104    4.664575646502135e-10
1105    4.658858369589149e-10
1106    4.6531578808034134e-10
1107    4.647474145320894e-10
1108    4.6418071257609954e-10
1109    4.636156785069616e-10
1110    4.6305230869411407e-10
1111    4.624906006656297e-10
1112    4.6193055127747674e-10
1113    4.613721470301257e-10
1114    4.6081536722640196e-10
1115    4.6026019064576743e-10
1116    4.597065965497345e-10
1117    4.591545707910263e-10
1118    4.5860410451448746e-10
1119    4.5805518799983995e-10
1120    4.5750781142074766e-10
1121    4.5696196250085256e-10
1122    4.5641762617767253e-10
1123    4.558747876728029e-10
1124    4.5533343384702713e-10
1125    4.547935521319345e-10
1126    4.54255130783296e-10
1127    4.5371816062834354e-10
1128    4.531826272056387e-10
1129    4.526485185567046e-10
1130    4.5211582504069537e-10
1131    4.5158453678636963e-10
1132    4.510546439704808e-10
1133    4.5052613694196297e-10
1134    4.4999900679342064e-10
1135    4.4947324489044513e-10
1136    4.489488446281842e-10
1137    4.484258053683243e-10
1138    4.479041277531354e-10
1139    4.4738381255499695e-10
1140    4.4686486006393376e-10
1141    4.4634726655640575e-10
1142    4.458310267184271e-10
1143    4.453161350354371e-10
1144    4.4480257758183407e-10
1145    4.442903295092447e-10
1146    4.437793651251595e-10
1147    4.432696589368551e-10
1148    4.427611856448394e-10
1149    4.422539204671926e-10
1150    4.4174783940150954e-10
1151    4.412429190882669e-10
1152    4.407391398450352e-10
1153    4.402364839898484e-10
1154    4.397349312557488e-10
1155    4.392344536287953e-10
1156    4.3873502227701137e-10
1157    4.3823661032346983e-10
1158    4.3773919581058857e-10
1159    4.372427604809443e-10
1160    4.367472949621577e-10
1161    4.362527943442855e-10
1162    4.3575925386800663e-10
1163    4.3526666878881045e-10
1164    4.3477503440518665e-10
1165    4.342843461002064e-10
1166    4.337945993022686e-10
1167    4.333057884497248e-10
1168    4.32817911688204e-10
1169    4.323309788723175e-10
1170    4.3184500044786936e-10
1171    4.3135997913524446e-10
1172    4.308759137654797e-10
1173    4.3039280259437425e-10
1174    4.2991064290273143e-10
1175    4.294294250899004e-10
1176    4.2894913643329056e-10
1177    4.28469764284661e-10
1178    4.279912960084003e-10
1179    4.275137189486269e-10
1180    4.270370210462343e-10
1181    4.2656119375814353e-10
1182    4.2608623123753564e-10
1183    4.256121152003731e-10
1184    4.25138825731147e-10
1185    4.2466634307754483e-10
1186    4.2419464764893354e-10
1187    4.2372372002116925e-10
1188    4.232535409305135e-10
1189    4.227840914731982e-10
1190    4.2231535546825064e-10
1191    4.2184732102903217e-10
1192    4.213799753944007e-10
1193    4.20913298545852e-10
1194    4.204472697173432e-10
1195    4.199818683279647e-10
1196    4.195170838402215e-10
1197    4.1905292052285807e-10
1198    4.1858938206854527e-10
1199    4.181264719959773e-10
1200    4.176641935618597e-10
1201    4.1720254982126726e-10
1202    4.167415435411925e-10
1203    4.1628118244005285e-10
1204    4.158214787487065e-10
1205    4.1536244591232426e-10
1206    4.149041011048158e-10
1207    4.1444646218471237e-10
1208    4.139895467005517e-10
1209    4.135333705192032e-10
1210    4.1307794124869496e-10
1211    4.126232573956866e-10
1212    4.1216931691368745e-10
1213    4.117161175662333e-10
1214    4.112636574195538e-10
1215    4.108119348570154e-10
1216    4.103609482749664e-10
1217    4.09910696101908e-10
1218    4.0946117836677545e-10
1219    4.0901239776877646e-10
1220    4.085643569208221e-10
1221    4.081170544463139e-10
1222    4.076704862263722e-10
1223    4.072246482882934e-10
1224    4.067795393244696e-10
1225    4.0633515737092483e-10
1226    4.0589149875375945e-10
1227    4.054485590038776e-10
1228    4.05006334777191e-10
1229    4.0456482862977294e-10
1230    4.041240449574074e-10
1231    4.036839888414772e-10
1232    4.03244665570222e-10
1233    4.0280608038671235e-10
1234    4.0236823847746184e-10
1235    4.0193114490935373e-10
1236    4.014948035629075e-10
1237    4.010592162658023e-10
1238    4.0062438165653054e-10
1239    4.0019029512504863e-10
1240    3.9975695188870783e-10
1241    3.9932434720220537e-10
1242    3.9889247658457346e-10
1243    3.9846133863236094e-10
1244    3.980309341221735e-10
1245    3.976012638876697e-10
1246    3.9717232920086714e-10
1247    3.9674413112728764e-10
1248    3.963166696601597e-10
1249    3.9588994466548726e-10
1250    3.9546395599730363e-10
1251    3.950387033539702e-10
1252    3.9461418477095056e-10
1253    3.9419039708143474e-10
1254    3.937673369049908e-10
1255    3.9334500091388677e-10
1256    3.929233862865386e-10
1257    3.9250249152242423e-10
1258    3.9208231675868915e-10
1259    3.9166286407744346e-10
1260    3.9124413581752964e-10
1261    3.908261343161508e-10
1262    3.904088617880158e-10
1263    3.8999232040358996e-10
1264    3.8957651231351284e-10
1265    3.8916144024318095e-10
1266    3.887471118232736e-10
1267    3.8833353701996546e-10
1268    3.8792072513666095e-10
1269    3.8750868524672453e-10
1270    3.870974259419543e-10
1271    3.8668695537060123e-10
1272    3.8627728157887124e-10
1273    3.8586841252455133e-10
1274    3.8546035607765484e-10
1275    3.850531200189001e-10
1276    3.8464671211857823e-10
1277    3.842411416790985e-10
1278    3.838364175926113e-10
1279    3.834325447538221e-10
1280    3.830295204685165e-10
1281    3.8262733930989877e-10
1282    3.822259963293419e-10
1283    3.818254864867415e-10
1284    3.814258047121172e-10
1285    3.8102694595612997e-10
1286    3.806289052015391e-10
1287    3.8023167745381113e-10
1288    3.7983525783238254e-10
1289    3.794396429145079e-10
1290    3.790448304178271e-10
1291    3.786508180901903e-10
1292    3.7825760356835015e-10
1293    3.778651849842615e-10
1294    3.7747356243580783e-10
1295    3.770827349466366e-10
1296    3.766927014165334e-10
1297    3.763034607451425e-10
1298    3.7591501157315203e-10
1299    3.755273523532534e-10
1300    3.751404834186504e-10
1301    3.747544058507313e-10
1302    3.743691207093303e-10
1303    3.739846290315915e-10
1304    3.7360093183375963e-10
1305    3.7321803012040306e-10
1306    3.728359248985378e-10
1307    3.724546168465914e-10
1308    3.7207410523723387e-10
1309    3.716943893282693e-10
1310    3.713154676619727e-10
1311    3.7093733706429325e-10
1312    3.705599953196623e-10
1313    3.7018344026620086e-10
1314    3.698076697492428e-10
1315    3.6943268163486197e-10
1316    3.6905847385589004e-10
1317    3.686850443668023e-10
1318    3.6831239126254365e-10
1319    3.6794051294983564e-10
1320    3.675694079001932e-10
1321    3.6719907562309783e-10
1322    3.6682951593201544e-10
1323    3.664607282620892e-10
1324    3.660927119267299e-10
1325    3.6572546622745646e-10
1326    3.6535899046497587e-10
1327    3.649932839131185e-10
1328    3.646283448025842e-10
1329    3.6426416994810606e-10
1330    3.6390075607319127e-10
1331    3.635380995943552e-10
1332    3.6317619440059426e-10
1333    3.6281503267541925e-10
1334    3.6245460663961985e-10
1335    3.6209491078386643e-10
1336    3.617359457057325e-10
1337    3.6137771324261834e-10
1338    3.610202139499363e-10
1339    3.606634459410877e-10
1340    3.6030740706832613e-10
1341    3.599520951976248e-10
1342    3.595975083772218e-10
1343    3.5924364567617114e-10
1344    3.5889050654573826e-10
1345    3.585380909190091e-10
1346    3.5818639946378815e-10
1347    3.578354328975183e-10
1348    3.574851919139863e-10
1349    3.571356741098677e-10
1350    3.567868703149218e-10
1351    3.5643877048025756e-10
1352    3.560913646302139e-10
1353    3.557446436696593e-10
1354    3.55398600725924e-10
1355    3.550532292973991e-10
1356    3.5470852271684007e-10
1357    3.543644738719419e-10
1358    3.5402107624076995e-10
1359    3.5367832451096224e-10
1360    3.5333621359276403e-10
1361    3.5299473909789043e-10
1362    3.5265389578370405e-10
1363    3.5231367891663137e-10
1364    3.5197408750506404e-10
1365    3.516351193318973e-10
1366    3.512967720512274e-10
1367    3.509590433309513e-10
1368    3.506219308557252e-10
1369    3.502854323341862e-10
1370    3.499495455927064e-10
1371    3.4961426863400184e-10
1372    3.492795994948878e-10
1373    3.489455362228373e-10
1374    3.4861207680340303e-10
1375    3.4827921827458903e-10
1376    3.479469569897191e-10
1377    3.47615288052562e-10
1378    3.472842041791695e-10
1379    3.469536971863468e-10
1380    3.4662375970979556e-10
1381    3.4629438442157797e-10
1382    3.4596556350593163e-10
1383    3.456372892205964e-10
1384    3.4530955499744934e-10
1385    3.449823549891736e-10
1386    3.4465568541620175e-10
1387    3.44329543244388e-10
1388    3.440039254607244e-10
1389    3.4367882907282375e-10
1390    3.433542511369889e-10
1391    3.4303018932571827e-10
1392    3.427066419737701e-10
1393    3.4238360746312905e-10
1394    3.420610841948587e-10
1395    3.417390705813745e-10
1396    3.4141756530442527e-10
1397    3.4109656756622693e-10
1398    3.4077607706725776e-10
1399    3.4045609447137917e-10
1400    3.4013662076493984e-10
1401    3.3981765696029425e-10
1402    3.394992040538426e-10
1403    3.3918126301320865e-10
1404    3.388638347795827e-10
1405    3.385469202505833e-10
1406    3.3823052002334145e-10
1407    3.379146339053027e-10
1408    3.375992615097322e-10
1409    3.3728440245230514e-10
1410    3.3697005634590786e-10
1411    3.3665622280018873e-10
1412    3.363429014196769e-10
1413    3.3603009093542626e-10
1414    3.357177877874576e-10
1415    3.354059880051888e-10
1416    3.350946876253391e-10
1417    3.347838827517114e-10
1418    3.3447356975734477e-10
1419    3.3416374454805736e-10
1420    3.3385440277222944e-10
1421    3.335455401026431e-10
1422    3.332371522418167e-10
1423    3.3292923492243766e-10
1424    3.32621783907904e-10
1425    3.3231479499097217e-10
1426    3.3200826399418767e-10
1427    3.3170218677300484e-10
1428    3.313965587304402e-10
1429    3.31091373178866e-10
1430    3.30786624352009e-10
1431    3.3048231004280834e-10
1432    3.3017842852211923e-10
1433    3.2987497699744814e-10
1434    3.2957195205486805e-10
1435    3.292693502890585e-10
1436    3.289671683172438e-10
1437    3.286654027623094e-10
1438    3.283640505043788e-10
1439    3.2806310996642293e-10
1440    3.2776258207873815e-10
1441    3.274624681287707e-10
1442    3.2716276938708074e-10
1443    3.268634871075198e-10
1444    3.2656462252863867e-10
1445    3.26266176855827e-10
1446    3.2596815144937e-10
1447    3.2567054875647167e-10
1448    3.253733682027041e-10
1449    3.2507660835337216e-10
1450    3.2478026892840473e-10
1451    3.244843510409849e-10
1452    3.241888555970718e-10
1453    3.238937833353155e-10
1454    3.2359913498517984e-10
1455    3.233049112650876e-10
1456    3.2301111288221705e-10
1457    3.227177405593129e-10
1458    3.224247956507365e-10
1459    3.221322807219313e-10
1460    3.2184019786900734e-10
1461    3.2154854387462333e-10
1462    3.2125731265313383e-10
1463    3.209664981235339e-10
1464    3.2067609554651513e-10
1465    3.203861054240871e-10
1466    3.200965295398648e-10
1467    3.198073696530659e-10
1468    3.1951862748687527e-10
1469    3.192303047325461e-10
1470    3.189424030577502e-10
1471    3.1865492422012833e-10
1472    3.1836787051259435e-10
1473    3.180812441916681e-10
1474    3.17795047264298e-10
1475    3.1750928152335564e-10
1476    3.172239487010883e-10
1477    3.16939050555082e-10
1478    3.1665458859399093e-10
1479    3.163705635861953e-10
1480    3.1608697618932805e-10
1481    3.1580382634241484e-10
1482    3.1552111161733543e-10
1483    3.152388308442322e-10
1484    3.149569831736728e-10
1485    3.146755677600227e-10
1486    3.143945837657524e-10
1487    3.1411403040512145e-10
1488    3.138339070021133e-10
1489    3.135542130696396e-10
1490    3.132749481661507e-10
1491    3.129961118405308e-10
1492    3.127177036136669e-10
1493    3.1243972220978147e-10
1494    3.12162165418019e-10
1495    3.1188503098630476e-10
1496    3.116083166789538e-10
1497    3.1133202031254766e-10
1498    3.110561405358351e-10
1499    3.107806786311701e-10
1500    3.1050563644998045e-10
1501    3.10231015601468e-10
1502    3.099568180619159e-10
1503    3.096830470880703e-10
1504    3.0940970588373826e-10
1505    3.0913679745512207e-10
1506    3.0886432475886107e-10
1507    3.085922908392387e-10
1508    3.0832069908795783e-10
1509    3.0804955298638474e-10
1510    3.0777885599053055e-10
1511    3.075086115488468e-10
1512    3.0723882312360463e-10
1513    3.0696949414860305e-10
1514    3.067006280580621e-10
1515    3.0643222828219397e-10
1516    3.061642966779751e-10
1517    3.0589683272444357e-10
1518    3.056298351453583e-10
1519    3.0536330167061593e-10
1520    3.050972291729132e-10
1521    3.048316138823504e-10
1522    3.045664520288136e-10
1523    3.043017398617372e-10
1524    3.0403747365126944e-10
1525    3.0377364945097996e-10
1526    3.0351026280091104e-10
1527    3.03247309173894e-10
1528    3.029847839736188e-10
1529    3.0272268260178206e-10
1530    3.024610017002805e-10
1531    3.02199740408052e-10
1532    3.0193889820480446e-10
1533    3.0167847452523117e-10
1534    3.014184687087201e-10
1535    3.0115888012021467e-10
1536    3.008997087917384e-10
1537    3.006409554927503e-10
1538    3.0038262131518645e-10
1539    3.001247080419093e-10
1540    2.998672175569084e-10
1541    2.9961015171369666e-10
1542    2.993535123960135e-10
1543    2.990973018436676e-10
1544    2.98841520993273e-10
1545    2.9858616827858974e-10
1546    2.9833124187164294e-10
1547    2.9807674021951944e-10
1548    2.978226619385047e-10
1549    2.975690058175037e-10
1550    2.9731577207745965e-10
1551    2.970629616574766e-10
1552    2.9681057548860226e-10
1553    2.9655861448874416e-10
1554    2.963070795626057e-10
1555    2.9605597157948587e-10
1556    2.9580529137420946e-10
1557    2.9555503955033127e-10
1558    2.9530521629088397e-10
1559    2.9505582198263654e-10
1560    2.9480685696979744e-10
1561    2.9455832158980947e-10
1562    2.943102161694639e-10
1563    2.9406254102465133e-10
1564    2.938152964650074e-10
1565    2.9356848265660433e-10
1566    2.9332209911154384e-10
1567    2.930761432282558e-10
1568    2.928306108133481e-10
1569    2.9258549677363763e-10
1570    2.92340795963755e-10
1571    2.920965033030178e-10
1572    2.918526139196344e-10
1573    2.916091231555989e-10
1574    2.913660263661741e-10
1575    2.911233188267498e-10
1576    2.908809958148027e-10
1577    2.9063905265734165e-10
1578    2.9039748552832244e-10
1579    2.9015629361756814e-10
1580    2.899154776089732e-10
1581    2.89675038237103e-10
1582    2.894349762421309e-10
1583    2.891952926707865e-10
1584    2.8895598981908467e-10
1585    2.8871707064911415e-10
1586    2.884785373976281e-10
1587    2.8824039165410145e-10
1588    2.8800263517097517e-10
1589    2.8776527010347797e-10
1590    2.875282998326412e-10
1591    2.8729172837247706e-10
1592    2.870555597115446e-10
1593    2.868197978066163e-10
1594    2.8658444657979343e-10
1595    2.863495099153221e-10
1596    2.8611499166320927e-10
1597    2.8588089563568913e-10
1598    2.856472238775072e-10
1599    2.8541397424423814e-10
1600    2.851811431528447e-10
1601    2.84948723515174e-10
1602    2.8471670722409105e-10
1603    2.8448508621606985e-10
1604    2.8425385240234877e-10
1605    2.840229976620166e-10
1606    2.8379251392259275e-10
1607    2.835623931623696e-10
1608    2.83332627351993e-10
1609    2.831032084563998e-10
1610    2.8287412850729786e-10
1611    2.826453798272465e-10
1612    2.8241695547302274e-10
1613    2.82188848655791e-10
1614    2.819610527985217e-10
1615    2.8173356146656187e-10
1616    2.8150636826938446e-10
1617    2.812794668384633e-10
1618    2.810528518791532e-10
1619    2.8082652138600627e-10
1620    2.806004738976993e-10
1621    2.8037470799368793e-10
1622    2.801492231771126e-10
1623    2.799240198776963e-10
1624    2.7969909856061826e-10
1625    2.794744596850658e-10
1626    2.7925010370491376e-10
1627    2.7902603111265746e-10
1628    2.78802242739279e-10
1629    2.785787395705074e-10
1630    2.7835552258443975e-10
1631    2.7813259274538423e-10
1632    2.779099509445872e-10
1633    2.7768759767449995e-10
1634    2.774655333918613e-10
1635    2.772437599130972e-10
1636    2.7702228030717333e-10
1637    2.768010977770104e-10
1638    2.765802151084985e-10
1639    2.7635963378427543e-10
1640    2.761393550861886e-10
1641    2.759193802728696e-10
1642    2.7569971039870156e-10
1643    2.754803463192184e-10
1644    2.7526128841477654e-10
1645    2.7504253694327105e-10
1646    2.7482409215830753e-10
1647    2.746059543071337e-10
1648    2.743881236309601e-10
1649    2.741706003662065e-10
1650    2.739533847404799e-10
1651    2.737364769226522e-10
1652    2.735198756416103e-10
1653    2.733035780530152e-10
1654    2.730875810281055e-10
1655    2.7287188090311746e-10
1656    2.726564735122082e-10
1657    2.7244135496401054e-10
1658    2.7222652135724716e-10
1659    2.7201196857146943e-10
1660    2.717976924732206e-10
1661    2.7158368895390573e-10
1662    2.7136995391021293e-10
1663    2.71156483179441e-10
1664    2.709432727090156e-10
1665    2.7073031948757995e-10
1666    2.7051762134766314e-10
1667    2.703051761677255e-10
1668    2.700929818683685e-10
1669    2.698810375808273e-10
1670    2.6966934426031926e-10
1671    2.69457903052861e-10
1672    2.6924671509653045e-10
1673    2.6903578152574855e-10
1674    2.688251034671535e-10
1675    2.6861468194437336e-10
1676    2.6840451721107366e-10
1677    2.681946091503264e-10
1678    2.6798495801984367e-10
1679    2.677755648843863e-10
1680    2.67566430771548e-10
1681    2.6735755668924846e-10
1682    2.671489436333399e-10
1683    2.6694059270498545e-10
1684    2.6673250519289357e-10
1685    2.6652468235489934e-10
1686    2.66317125285357e-10
1687    2.661098352908808e-10
1688    2.6590281379422746e-10
1689    2.6569606220388186e-10
1690    2.654895819170313e-10
1691    2.652833743133595e-10
1692    2.650774407078107e-10
1693    2.648717823598918e-10
1694    2.646664004638944e-10
1695    2.6446129619418547e-10
1696    2.6425647071066785e-10
1697    2.640519247132098e-10
1698    2.638476574190394e-10
1699    2.636436666840722e-10
1700    2.6343995017881376e-10
1701    2.6323650562199035e-10
1702    2.630333310737758e-10
1703    2.628304249046314e-10
1704    2.6262778569272515e-10
1705    2.624254120335549e-10
1706    2.6222330252318037e-10
1707    2.62021455721931e-10
1708    2.618198693729294e-10
1709    2.616185405856439e-10
1710    2.6141746652115195e-10
1711    2.61216644714935e-10
1712    2.610160734115982e-10
1713    2.608157509500604e-10
1714    2.6061567568561056e-10
1715    2.604158459833682e-10
1716    2.6021626021442036e-10
1717    2.600169167574108e-10
1718    2.5981781478491027e-10
1719    2.5961895653772356e-10
1720    2.5942034520373195e-10
1721    2.592219839356489e-10
1722    2.590238758708484e-10
1723    2.588260241242493e-10
1724    2.5862843168173744e-10
1725    2.58431100703254e-10
1726    2.5823403256688905e-10
1727    2.5803722857809554e-10
1728    2.578406900300022e-10
1729    2.5764441805842114e-10
1730    2.5744841327992356e-10
1731    2.5725267619309077e-10
1732    2.5705720729186617e-10
1733    2.568620070598503e-10
1734    2.5666707583804103e-10
1735    2.564724138458237e-10
1736    2.562780212928153e-10
1737    2.560838982964265e-10
1738    2.55890044460295e-10
1739    2.556964585643423e-10
1740    2.5550313947422516e-10
1741    2.5531008608237797e-10
1742    2.551172972877975e-10
1743    2.5492477199650214e-10
1744    2.5473250912237985e-10
1745    2.5454050758446353e-10
1746    2.543487662968622e-10
1747    2.54157284249941e-10
1748    2.5396606062918695e-10
1749    2.537750946484609e-10
1750    2.53584385562984e-10
1751    2.5339393269855063e-10
1752    2.532037354085906e-10
1753    2.53013793494833e-10
1754    2.5282410709286885e-10
1755    2.5263467604792547e-10
1756    2.5244550015023725e-10
1757    2.52256579191995e-10
1758    2.520679131443063e-10
1759    2.5187950253995915e-10
1760    2.51691348093664e-10
1761    2.51503450518425e-10
1762    2.513158105198372e-10
1763    2.511284287967642e-10
1764    2.5094130604138496e-10
1765    2.507544429370058e-10
1766    2.505678401233089e-10
1767    2.5038149776654196e-10
1768    2.501954156393429e-10
1769    2.5000959347747095e-10
1770    2.4982403081834253e-10
1771    2.496387273001944e-10
1772    2.4945368325579805e-10
1773    2.492688991292593e-10
1774    2.490843753223939e-10
1775    2.48900112213154e-10
1776    2.4871611017714097e-10
1777    2.4853236958687615e-10
1778    2.483488907224749e-10
1779    2.481656736281491e-10
1780    2.4798271837301455e-10
1781    2.478000247638921e-10
1782    2.4761759241194926e-10
1783    2.474354209250674e-10
1784    2.472535098832713e-10
1785    2.4707185880106495e-10
1786    2.4689046718439454e-10
1787    2.467093345392863e-10
1788    2.4652846017991157e-10
1789    2.463478428080205e-10
1790    2.4616748100898207e-10
1791    2.459873733737133e-10
1792    2.458075185085564e-10
1793    2.4562791509264e-10
1794    2.454485618979341e-10
1795    2.452694582319397e-10
1796    2.4509060369571095e-10
1797    2.449119978930813e-10
1798    2.4473364037076967e-10
1799    2.4455553049342877e-10
1800    2.44377667583325e-10
1801    2.442000509547791e-10
1802    2.4402267990295165e-10
1803    2.4384555372227043e-10
1804    2.436686717124146e-10
1805    2.43492033172151e-10
1806    2.4331563738418923e-10
1807    2.431394836297663e-10
1808    2.4296357117125005e-10
1809    2.427878991435387e-10
1810    2.4261246671397765e-10
1811    2.424372730760638e-10
1812    2.422623174287403e-10
1813    2.4208759897461766e-10
1814    2.419131169202214e-10
1815    2.4173887035745583e-10
1816    2.41564858037194e-10
1817    2.413910786610126e-10
1818    2.412175311071871e-10
1819    2.410442147464739e-10
1820    2.408711290431425e-10
1821    2.4069827346321963e-10
1822    2.40525647486404e-10
1823    2.403532506407036e-10
1824    2.40181082467438e-10
1825    2.4000914250995867e-10
1826    2.398374303122348e-10
1827    2.3966594541945387e-10
1828    2.3949468733201995e-10
1829    2.393236553941386e-10
1830    2.3915284892011806e-10
1831    2.389822672284271e-10
1832    2.3881190963338404e-10
1833    2.386417754345269e-10
1834    2.3847186395692896e-10
1835    2.38302174710985e-10
1836    2.381327073070872e-10
1837    2.3796346148915814e-10
1838    2.3779443689652245e-10
1839    2.3762563264081154e-10
1840    2.3745704811928935e-10
1841    2.3728868285850425e-10
1842    2.371205363888368e-10
1843    2.3695260824589433e-10
1844    2.367848979673424e-10
1845    2.3661740509250824e-10
1846    2.364501291623677e-10
1847    2.3628306972676147e-10
1848    2.361162263759483e-10
1849    2.3594959871383845e-10
1850    2.357831861279131e-10
1851    2.3561698726855676e-10
1852    2.3545100062809014e-10
1853    2.3528522470593016e-10
1854    2.351196580057942e-10
1855    2.34954299042393e-10
1856    2.3478914627051503e-10
1857    2.3462419757081555e-10
1858    2.3445945074380294e-10
1859    2.342949039763489e-10
1860    2.3413055548236943e-10
1861    2.3396640357582177e-10
1862    2.3380244666919877e-10
1863    2.336386831848595e-10
1864    2.334751117997536e-10
1865    2.333117318951383e-10
1866    2.331485429700274e-10
1867    2.3298554451079406e-10
1868    2.3282273599031902e-10
1869    2.3266011688211072e-10
1870    2.3249768666153123e-10
1871    2.3233544480585057e-10
1872    2.3217339079424333e-10
1873    2.3201152421714702e-10
1874    2.3184984539365457e-10
1875    2.3168835493653854e-10
1876    2.315270534556985e-10
1877    2.313659415582608e-10
1878    2.3120502001719346e-10
1879    2.3104428997628793e-10
1880    2.3088375262490458e-10
1881    2.3072340914659895e-10
1882    2.305632607165378e-10
1883    2.3040330840987275e-10
1884    2.30243552986992e-10
1885    2.300839952129113e-10
1886    2.2992463594008874e-10
1887    2.2976547601916277e-10
1888    2.2960651629427367e-10
1889    2.2944775759721082e-10
1890    2.2928920065102272e-10
1891    2.2913084540125506e-10
1892    2.2897269092528253e-10
1893    2.2881473537553292e-10
1894    2.2865697681538714e-10
1895    2.2849941331806444e-10
1896    2.283420429602768e-10
1897    2.2818486380980556e-10
1898    2.2802787389237394e-10
1899    2.2787107108069244e-10
1900    2.2771445322243273e-10
1901    2.2755801817532279e-10
1902    2.274017638072812e-10
1903    2.272456879973594e-10
1904    2.2708978863615278e-10
1905    2.2693406362805511e-10
1906    2.267785111287601e-10
1907    2.2662312983298549e-10
1908    2.2646791901300402e-10
1909    2.2631287821564334e-10
1910    2.2615800692628587e-10
1911    2.2600330456693834e-10
1912    2.2584877056356898e-10
1913    2.2569440434466125e-10
1914    2.2554020534157515e-10
1915    2.2538617298779277e-10
1916    2.2523230672022624e-10
1917    2.2507860597960772e-10
1918    2.2492507037441475e-10
1919    2.247717000858962e-10
1920    2.246184958041208e-10
1921    2.244654586848978e-10
1922    2.2431258990429038e-10
1923    2.2415989063081316e-10
1924    2.2400736202648035e-10
1925    2.2385500530876315e-10
1926    2.237028217193931e-10
1927    2.2355081248897293e-10
1928    2.233989788292991e-10
1929    2.232473216522022e-10
1930    2.2309584154751902e-10
1931    2.2294453910540204e-10
1932    2.2279341491662854e-10
1933    2.2264246955784175e-10
1934    2.2249170340010277e-10
1935    2.2234111664629428e-10
1936    2.2219070956722571e-10
1937    2.2204048243991256e-10
1938    2.218904353195843e-10
1939    2.2174056758480917e-10
1940    2.2159087848479376e-10
1941    2.2144136727230595e-10
1942    2.212920329665863e-10
1943    2.2114287442554282e-10
1944    2.2099389050945895e-10
1945    2.2084508008437673e-10
1946    2.206964420218942e-10
1947    2.2054797519217303e-10
1948    2.2039967836906694e-10
1949    2.2025155025178366e-10
1950    2.2010358954402034e-10
1951    2.1995579501576055e-10
1952    2.1980816598573545e-10
1953    2.1966070206349353e-10
1954    2.1951340285517658e-10
1955    2.193662679085095e-10
1956    2.1921929673114272e-10
1957    2.1907248883356416e-10
1958    2.189258438811924e-10
1959    2.187793620436567e-10
1960    2.1863304356061197e-10
1961    2.1848688858684535e-10
1962    2.1834089728356014e-10
1963    2.1819506985038026e-10
1964    2.1804940649636368e-10
1965    2.179039074521072e-10
1966    2.1775857298446304e-10
1967    2.176134033616001e-10
1968    2.1746839884878972e-10
1969    2.1732355970850023e-10
1970    2.1717888620034843e-10
1971    2.170343785767523e-10
1972    2.1689003708004268e-10
1973    2.1674586194810207e-10
1974    2.166018534087349e-10
1975    2.1645801165195276e-10
1976    2.163143367812487e-10
1977    2.161708288731298e-10
1978    2.1602748795223792e-10
1979    2.1588431387001852e-10
1980    2.157413064396525e-10
1981    2.1559846547410735e-10
1982    2.1545579078602283e-10
1983    2.1531328218747568e-10
1984    2.1517093949880542e-10
1985    2.1502876255361924e-10
1986    2.1488675119970486e-10
1987    2.1474490528956267e-10
1988    2.1460322467502696e-10
1989    2.144617092453019e-10
1990    2.1432035915135195e-10
1991    2.1417917465276033e-10
1992    2.1403815603123135e-10
1993    2.138973037325821e-10
1994    2.1375661830475652e-10
1995    2.1361610029379577e-10
1996    2.1347575023684524e-10
1997    2.1333556830196852e-10
1998    2.1319555402609003e-10
1999    2.1305570695861873e-10
2000    2.1291602667891448e-10
2001    2.127765127697374e-10
2002    2.1263716480926682e-10
2003    2.124979823837778e-10
2004    2.1235896515583146e-10
2005    2.122201128147143e-10
2006    2.120814250509138e-10
2007    2.1194290155592496e-10
2008    2.118045420218458e-10
2009    2.1166634613994578e-10
2010    2.1152831355189273e-10
2011    2.1139044373986372e-10
2012    2.1125273610571412e-10
2013    2.1111519004124247e-10
2014    2.1097780491146494e-10
2015    2.1084058007855904e-10
2016    2.1070351490778854e-10
2017    2.1056660870224104e-10
2018    2.1042986048651772e-10
2019    2.1029326923692241e-10
2020    2.1015683464503234e-10
2021    2.1002055702509872e-10
2022    2.0988443671048244e-10
2023    2.0974847403123326e-10
2024    2.0961266931419667e-10
2025    2.0947702288259e-10
2026    2.0934153505284434e-10
2027    2.0920620601072669e-10
2028    2.0907103577550443e-10
2029    2.089360243542468e-10
2030    2.088011717524025e-10
2031    2.0866647789877055e-10
2032    2.0853194246987713e-10
2033    2.0839756509632891e-10
2034    2.082633454115881e-10
2035    2.0812928304951135e-10
2036    2.079953776684493e-10
2037    2.0786162895493114e-10
2038    2.077280365834284e-10
2039    2.075946001768695e-10
2040    2.0746131934625488e-10
2041    2.0732819370105912e-10
2042    2.071952227382811e-10
2043    2.0706240519714073e-10
2044    2.0692973959125424e-10
2045    2.067972247263826e-10
2046    2.0666485985552117e-10
2047    2.0653264433244248e-10
2048    2.064005775584849e-10
2049    2.0626865894208938e-10
2050    2.061368878943714e-10
2051    2.0600526382828178e-10
2052    2.058737861589843e-10
2053    2.057424543042805e-10
2054    2.056112676846071e-10
2055    2.054802257258519e-10
2056    2.0534932786284724e-10
2057    2.052185735338062e-10
2058    2.0508796215486143e-10
2059    2.0495749321862583e-10
2060    2.0482716656247636e-10
2061    2.0469698219700434e-10
2062    2.0456694034995596e-10
2063    2.044370412660332e-10
2064    2.0430728515869888e-10
2065    2.0417767241473726e-10
2066    2.0404820398036186e-10
2067    2.039188808988719e-10
2068    2.0378970420715214e-10
2069    2.0366067493551916e-10
2070    2.0353179410818538e-10
2071    2.0340306274259533e-10
2072    2.0327448183571464e-10
2073    2.0314605190947525e-10
2074    2.030177726728029e-10
2075    2.0288964370285e-10
2076    2.027616645630853e-10
2077    2.026338348177891e-10
2078    2.0250615396992694e-10
2079    2.0237862151970859e-10
2080    2.0225123699826704e-10
2081    2.0212399993793432e-10
2082    2.0199690987224042e-10
2083    2.0186996633597235e-10
2084    2.0174316886517337e-10
2085    2.0161651699711838e-10
2086    2.0149001024316203e-10
2087    2.0136364816712518e-10
2088    2.0123743029627226e-10
2089    2.0111135586732664e-10
2090    2.0098542410513214e-10
2091    2.0085963424006325e-10
2092    2.0073398550123897e-10
2093    2.0060847711902735e-10
2094    2.004831083284086e-10
2095    2.0035787846315132e-10
2096    2.0023278706351054e-10
2097    2.0010783369920365e-10
2098    1.999830178906014e-10
2099    1.9985833895898665e-10
2100    1.997337961948887e-10
2101    1.9960938914476118e-10
2102    1.9948511766480472e-10
2103    1.9936098164590666e-10
2104    1.9923698097957808e-10
2105    1.9911311555757437e-10
2106    1.9898938527182132e-10
2107    1.988657900143873e-10
2108    1.987423296774802e-10
2109    1.9861900415344986e-10
2110    1.9849581334197256e-10
2111    1.9837275725811092e-10
2112    1.982498360196106e-10
2113    1.981270495592681e-10
2114    1.9800439776962897e-10
2115    1.9788188047618125e-10
2116    1.9775949744349212e-10
2117    1.976372484344094e-10
2118    1.975151332101525e-10
2119    1.9739315152184358e-10
2120    1.9727130311849566e-10
2121    1.971495877498038e-10
2122    1.9702800516616055e-10
2123    1.969065551184675e-10
2124    1.9678523735524374e-10
2125    1.966640516195857e-10
2126    1.965429976418144e-10
2127    1.9642207514953698e-10
2128    1.9630128386251656e-10
2129    1.961806233948235e-10
2130    1.96060093354024e-10
2131    1.9593969339813358e-10
2132    1.958194231941118e-10
2133    1.9569928240333685e-10
2134    1.9557927065645657e-10
2135    1.9545938757933138e-10
2136    1.9533963278347096e-10
2137    1.9522000574198051e-10
2138    1.9510050586299397e-10
2139    1.94981132574448e-10
2140    1.948618853113606e-10
2141    1.9474276351134247e-10
2142    1.94623766604163e-10
2143    1.9450489390880406e-10
2144    1.9438614467823018e-10
2145    1.9426751816771528e-10
2146    1.941490136923144e-10
2147    1.9403063076063842e-10
2148    1.939123689235157e-10
2149    1.9379422773342667e-10
2150    1.936762067438143e-10
2151    1.9355830550907073e-10
2152    1.934405235850887e-10
2153    1.9332286052948773e-10
2154    1.9320531590134623e-10
2155    1.930878892614309e-10
2156    1.929705801823894e-10
2157    1.9285338846784175e-10
2158    1.927363140873084e-10
2159    1.926193571548751e-10
2160    1.9250251781424687e-10
2161    1.9238579621710578e-10
2162    1.9226919269095161e-10
2163    1.9215270765879476e-10
2164    1.920363413627327e-10
2165    1.919200939985426e-10
2166    1.9180396575945787e-10
2167    1.9168795683549452e-10
2168    1.915720674174672e-10
2169    1.9145629769523693e-10
2170    1.9134064782774646e-10
2171    1.9122511778054579e-10
2172    1.9110970744286223e-10
2173    1.9099441670359794e-10
2174    1.9087924545151738e-10
2175    1.9076419357524875e-10
2176    1.906492609632836e-10
2177    1.905344475041988e-10
2178    1.904197530470558e-10
2179    1.9030517737702193e-10
2180    1.9019072034513622e-10
2181    1.9007638170030396e-10
2182    1.899621611611328e-10
2183    1.898480584440609e-10
2184    1.8973407325724448e-10
2185    1.8962020545630935e-10
2186    1.895064549514884e-10
2187    1.8939282157455378e-10
2188    1.8927930505743606e-10
2189    1.8916590514679528e-10
2190    1.8905262160144725e-10
2191    1.8893945418122532e-10
2192    1.8882640264634834e-10
2193    1.8871346675618875e-10
2194    1.8860064627036483e-10
2195    1.8848794094919799e-10
2196    1.8837535055338098e-10
2197    1.8826287487751923e-10
2198    1.8815051393253023e-10
2199    1.880382679600929e-10
2200    1.8792613724691903e-10
2201    1.8781412205274487e-10
2202    1.8770222242676617e-10
2203    1.8759043830840982e-10
2204    1.8747876963701183e-10
2205    1.8736721635337426e-10
2206    1.8725577839848096e-10
2207    1.8714445571318122e-10
2208    1.8703324823818869e-10
2209    1.869221559140859e-10
2210    1.8681117868139207e-10
2211    1.867003164873382e-10
2212    1.865895692174581e-10
2213    1.8647893649702291e-10
2214    1.8636841789238432e-10
2215    1.8625801293574295e-10
2216    1.861477211473806e-10
2217    1.8603754204870535e-10
2218    1.8592747509561778e-10
2219    1.8581751947996238e-10
2220    1.8570767432320292e-10
2221    1.8559793874466544e-10
2222    1.854883118645942e-10
2223    1.8537879280706075e-10
2224    1.852693807477561e-10
2225    1.8516007504822363e-10
2226    1.850508752768688e-10
2227    1.849417814057831e-10
2228    1.8483279346796505e-10
2229    1.847239114957929e-10
2230    1.8461513552107756e-10
2231    1.845064655739821e-10
2232    1.8439790167646024e-10
2233    1.842894438415801e-10
2234    1.8418109207457042e-10
2235    1.8407284638102236e-10
2236    1.8396470676625066e-10
2237    1.838566732238094e-10
2238    1.837487457539831e-10
2239    1.83640924558888e-10
2240    1.835332098302892e-10
2241    1.8342560161709617e-10
2242    1.8331809995014059e-10
2243    1.832107048594965e-10
2244    1.8310341637457517e-10
2245    1.8299623452412968e-10
2246    1.8288915933601063e-10
2247    1.8278219081784906e-10
2248    1.8267532894742478e-10
2249    1.8256857374037307e-10
2250    1.8246192523866482e-10
2251    1.823553834843115e-10
2252    1.8224894851876405e-10
2253    1.8214262038582562e-10
2254    1.820363991315135e-10
2255    1.819302848012356e-10
2256    1.818242774396575e-10
2257    1.8171837709070545e-10
2258    1.8161258380315694e-10
2259    1.8150689765135026e-10
2260    1.8140131871650267e-10
2261    1.812958470785145e-10
2262    1.8119048281202463e-10
2263    1.8108522597428961e-10
2264    1.8098007661743224e-10
2265    1.8087503477215197e-10
2266    1.8077010024609806e-10
2267    1.806652727139492e-10
2268    1.8056055184951584e-10
2269    1.8045593732885653e-10
2270    1.8035142884930922e-10
2271    1.8024702612635616e-10
2272    1.8014272887711514e-10
2273    1.800385368196137e-10
2274    1.799344496724018e-10
2275    1.7983046715369507e-10
2276    1.797265889782451e-10
2277    1.7962281484691498e-10
2278    1.7951914443829828e-10
2279    1.7941557733664388e-10
2280    1.793121130972132e-10
2281    1.7920875127543308e-10
2282    1.791054914446145e-10
2283    1.7900233337090944e-10
2284    1.7889927694382887e-10
2285    1.7879632205418741e-10
2286    1.7869346859142834e-10
2287    1.785907164506862e-10
2288    1.7848806558347458e-10
2289    1.7838551597429594e-10
2290    1.7828306760770294e-10
2291    1.7818072046786328e-10
2292    1.780784745372176e-10
2293    1.779763298107596e-10
2294    1.7787428632853958e-10
2295    1.7777234413565745e-10
2296    1.7767050327148063e-10
2297    1.7756876377263405e-10
2298    1.7746712567196547e-10
2299    1.773655889947301e-10
2300    1.772641538701712e-10
2301    1.7716282050702135e-10
2302    1.7706158911496178e-10
2303    1.7696045990220312e-10
2304    1.768594330759119e-10
2305    1.767585088425127e-10
2306    1.766576874053091e-10
2307    1.765569689654038e-10
2308    1.7645635372282796e-10
2309    1.7635584187618677e-10
2310    1.7625543362241649e-10
2311    1.7615512916487086e-10
2312    1.7605492870547663e-10
2313    1.759548323656393e-10
2314    1.7585484019139214e-10
2315    1.7575495221803662e-10
2316    1.7565516844528212e-10
2317    1.7555548863195287e-10
2318    1.7545591235044605e-10
2319    1.7535643919401138e-10
2320    1.752570687555397e-10
2321    1.7515780057321615e-10
2322    1.7505863416584872e-10
2323    1.749595690539825e-10
2324    1.748606047598648e-10
2325    1.7476174080729053e-10
2326    1.7466297672196428e-10
2327    1.7456431203150384e-10
2328    1.744657462654069e-10
2329    1.7436727895504157e-10
2330    1.7426890963359685e-10
2331    1.7417063783607816e-10
2332    1.7407246309931643e-10
2333    1.73974384963926e-10
2334    1.7387640300287504e-10
2335    1.7377851679926266e-10
2336    1.7368072592191635e-10
2337    1.7358302994085815e-10
2338    1.7348542844113458e-10
2339    1.7338792105929982e-10
2340    1.732905074467938e-10
2341    1.7319318725441835e-10
2342    1.7309596012433124e-10
2343    1.72998825697947e-10
2344    1.7290178361814294e-10
2345    1.7280483352597818e-10
2346    1.727079750616245e-10
2347    1.726112078696244e-10
2348    1.7251453166287118e-10
2349    1.7241794622042484e-10
2350    1.7232145133946543e-10
2351    1.7222504695376014e-10
2352    1.7212873313744205e-10
2353    1.7203250997079728e-10
2354    1.7193637753338022e-10
2355    1.7184033590397626e-10
2356    1.717443851606205e-10
2357    1.7164852538086295e-10
2358    1.715527566374108e-10
2359    1.7145707898031188e-10
2360    1.7136149245726958e-10
2361    1.7126599718264694e-10
2362    1.7117059331436848e-10
2363    1.7107528100257277e-10
2364    1.7098006038083033e-10
2365    1.7088493158237922e-10
2366    1.7078989473952267e-10
2367    1.7069494998116777e-10
2368    1.7060009738286841e-10
2369    1.705053369561838e-10
2370    1.7041066870825803e-10
2371    1.7031609264577932e-10
2372    1.7022160877666935e-10
2373    1.7012721711418652e-10
2374    1.7003291767229017e-10
2375    1.699387104455673e-10
2376    1.69844595383152e-10
2377    1.6975057242774138e-10
2378    1.6965664150865092e-10
2379    1.695628024841211e-10
2380    1.694690551888713e-10
2381    1.693753994566953e-10
2382    1.6928183512011755e-10
2383    1.691883619974382e-10
2384    1.690949798367742e-10
2385    1.6900168834030896e-10
2386    1.689084871766316e-10
2387    1.688153760130032e-10
2388    1.6872235454693582e-10
2389    1.6862942259464722e-10
2390    1.6853658000261346e-10
2391    1.6844382661762124e-10
2392    1.683511622867701e-10
2393    1.682585868611958e-10
2394    1.6816610020379158e-10
2395    1.680737021798491e-10
2396    1.679813926547365e-10
2397    1.6788917149450498e-10
2398    1.6779703857425607e-10
2399    1.677049938164846e-10
2400    1.6761303716132182e-10
2401    1.675211685514184e-10
2402    1.674293879342546e-10
2403    1.6733769527698627e-10
2404    1.6724609054856105e-10
2405    1.6715457371600563e-10
2406    1.6706314474196074e-10
2407    1.6697180358054806e-10
2408    1.6688055018455887e-10
2409    1.6678938450653677e-10
2410    1.6669830649879045e-10
2411    1.6660731611343532e-10
2412    1.6651641330234537e-10
2413    1.6642559797817757e-10
2414    1.6633486978769294e-10
2415    1.6624422826876651e-10
2416    1.661536729604379e-10
2417    1.6606320340323989e-10
2418    1.6597281915000884e-10
2419    1.6588251979805774e-10
2420    1.6579230493473835e-10
2421    1.6570217414557206e-10
2422    1.6561212701536543e-10
2423    1.655221631163878e-10
2424    1.654322820171584e-10
2425    1.6534248328795464e-10
2426    1.6525276650081795e-10
2427    1.6516313122955994e-10
2428    1.650735770501766e-10
2429    1.6498410354635688e-10
2430    1.648947102987628e-10
2431    1.6480539687831245e-10
2432    1.6471616285676196e-10
2433    1.6462700780782016e-10
2434    1.6453793131087767e-10
2435    1.6444893294732504e-10
2436    1.6436001234056096e-10
2437    1.6427116919839024e-10
2438    1.6418240324873985e-10
2439    1.640937144195926e-10
2440    1.6400510279928978e-10
2441    1.6391656847893075e-10
2442    1.638281115488164e-10
2443    1.6373973209845827e-10
2444    1.6365143021678164e-10
2445    1.6356320599234285e-10
2446    1.6347505951165703e-10
2447    1.6338699085546236e-10
2448    1.6329900010259284e-10
2449    1.6321108733117565e-10
2450    1.63123252618727e-10
2451    1.630354960487822e-10
2452    1.6294781776804812e-10
2453    1.6286021796751815e-10
2454    1.6277269685806185e-10
2455    1.6268525465122515e-10
2456    1.6259789155684562e-10
2457    1.6251060778076902e-10
2458    1.6242340353034414e-10
2459    1.62336279067186e-10
2460    1.6224923467174952e-10
2461    1.6216227062284034e-10
2462    1.6207538719760862e-10
2463    1.6198858466603933e-10
2464    1.6190186314919161e-10
2465    1.6181522259978428e-10
2466    1.6172866295303615e-10
2467    1.6164218414456516e-10
2468    1.6155578611191668e-10
2469    1.614694687928197e-10
2470    1.6138323209209766e-10
2471    1.6129707582641118e-10
2472    1.6121099979832847e-10
2473    1.611250038110495e-10
2474    1.6103908765083066e-10
2475    1.6095325103930865e-10
2476    1.6086749368393558e-10
2477    1.6078181529316887e-10
2478    1.6069621556508238e-10
2479    1.6061069413176923e-10
2480    1.6052525060211637e-10
2481    1.6057953220305065e-10
2482    1.6049438692709498e-10
2483    1.6040932140501273e-10
2484    1.6032433530187222e-10
2485    1.6023942828121568e-10
2486    1.6015460000785773e-10
2487    1.6006985014710035e-10
2488    1.5998517836504892e-10
2489    1.5990058432898652e-10
2490    1.5981606770726378e-10
2491    1.5973162816706725e-10
2492    1.596472653328382e-10
2493    1.5956297876230216e-10
2494    1.5947876800883004e-10
2495    1.5939463265082758e-10
2496    1.593105723412834e-10
2497    1.5922658674894771e-10
2498    1.591426755438065e-10
2499    1.590588383970588e-10
