10  1.772786853437657e-08  2.0995654256234955e-09  5.274876172136244e-10
60  1.3294035372492236e-08  6.622564747997428e-10  5.279410742109602e-10
110  8.342915391639636e-09  3.1451438749438395e-10  5.283976471970477e-10
160  5.715697907711165e-09  1.836951730321215e-10  5.288573220493911e-10
210  4.265980026629971e-09  1.2317526287133202e-10  5.293201248844264e-10
260  3.2981197962601722e-09  8.838755766373137e-11  5.297860374834952e-10
310  2.6380909643941105e-09  6.700937397058914e-11  5.30255096339172e-10
360  2.1714211977947136e-09  5.303838917737746e-11  5.307272766203653e-10
410  1.8175875819338537e-09  4.320374517008397e-11  5.312026101587108e-10
460  1.5486270156672652e-09  3.612822233636368e-11  5.316810764479866e-10
510  1.3542717756397484e-09  3.11155589658692e-11  5.321627163764153e-10
560  1.1820317989891043e-09  2.6991613523245064e-11  5.326474954254064e-10
610  1.0460716086877764e-09  2.3819354947154853e-11  5.331354572428407e-10
660  9.485466708468485e-10  2.1492889889206653e-11  5.336214667707564e-10
710  8.555819479171369e-10  1.9430037654302614e-11  5.341208490252569e-10
760  7.756460154337317e-10  1.7706921026425224e-11  5.346182831044557e-10
810  7.124939014856998e-10  1.633191364809784e-11  5.351189301784828e-10
860  6.559212143749614e-10  1.5137996044060353e-11  5.356227550022942e-10
910  6.0597321280774e-10  1.4105843212326495e-11  5.361297958292316e-10
960  5.637097555819938e-10  1.3231705040371465e-11  5.366399811768689e-10
1010  5.269130747453952e-10  1.2474821855508275e-11  5.371533985468977e-10
1060  4.932373368346023e-10  1.1797719055271243e-11  5.376700096911321e-10
1110  4.630524032080338e-10  1.1197308685838031e-11  5.381898769977135e-10
1160  4.3674707017411267e-10  1.067138171629719e-11  5.387129528703552e-10
1210  4.130779028463059e-10  1.0200770733330824e-11  5.392393049196026e-10
1260  3.912442501084889e-10  9.772780120148415e-12  5.397688691199332e-10
1310  3.713152531419006e-10  9.384856614834334e-12  5.403017199342051e-10
1360  3.5333587062103273e-10  9.034546581670868e-12  5.408378102911329e-10
1410  3.369700312674138e-10  8.715924131489521e-12  5.413771960556448e-10
1460  3.218403616860219e-10  8.42318144646299e-12  5.419198303910449e-10
1510  3.077788084682758e-10  8.15299667548838e-12  5.424657834932545e-10
1560  2.9480657988022167e-10  7.904117926330357e-12  5.430150067480152e-10
1610  2.8287399739148957e-10  7.674772802285557e-12  5.435675470437178e-10
1660  2.7179787187577913e-10  7.46212552547254e-12  5.441233675856133e-10
1710  2.6141775608682396e-10  7.263756763916222e-12  5.446825393689841e-10
1760  2.516914370991583e-10  7.078470202915642e-12  5.452449766668208e-10
1810  2.4261225228467693e-10  6.9054782276185395e-12  5.458107259380111e-10
1860  2.341302718720277e-10  6.743685532961728e-12  5.463795916839038e-10
1910  2.2615792645457496e-10  6.591761618320942e-12  5.469520232611684e-10
1960  2.1863319147631108e-10  6.448671240905033e-12  5.475275739843396e-10
2010  2.115285104198715e-10  6.313740051551137e-12  5.481065203753341e-10
2060  2.0482719747156355e-10  6.1864274876681e-12  5.486888129746238e-10
2110  1.9849564262484382e-10  6.066094830858455e-12  5.492745023564345e-10
2160  1.925022843088493e-10  5.9521598961916264e-12  5.498635443063243e-10
2210  1.8681105554068608e-10  5.8440420573367695e-12  5.504560211960981e-10
2260  1.814013792693324e-10  5.7413153420378544e-12  5.510518617906138e-10
2310  1.762555999091739e-10  5.643603718455517e-12  5.516511482491052e-10
2360  1.7136162807097752e-10  5.550595464416206e-12  5.522538154341482e-10
2410  1.666983075095908e-10  5.46193028054409e-12  5.528599614857912e-10
2460  1.62249119844748e-10  5.377300115677078e-12  5.534693235495843e-10
