10    1.772786853372932e-08
11    1.8016274741631498e-08
12    1.826629264695388e-08
13    1.8328880065300374e-08
14    1.8700932665771845e-08
15    1.8752348466855563e-08
16    1.8759319923566082e-08
17    1.8739067369302667e-08
18    1.8803488245688964e-08
19    1.8769246284637954e-08
20    1.8716323435839325e-08
21    1.8650916902194835e-08
22    1.8576297856709785e-08
23    1.8462071849133863e-08
24    1.8362775133773576e-08
25    1.8310868955653073e-08
26    1.820986170777738e-08
27    1.8098016636268842e-08
28    1.7939780293654004e-08
29    1.7944937460129604e-08
30    1.776517540578199e-08
31    1.7578558203290607e-08
32    1.7388607538030115e-08
33    1.7198342704386394e-08
34    1.7010357707000014e-08
35    1.682706767977851e-08
36    1.66501881146728e-08
37    1.648071794467903e-08
38    1.631899720336546e-08
39    1.616450970504687e-08
40    1.6016442916793993e-08
41    1.5990678376201842e-08
42    1.583086383658617e-08
43    1.567403928215055e-08
44    1.5519899184619143e-08
45    1.532189987897631e-08
46    1.5163923826430255e-08
47    1.5069194466356286e-08
48    1.4935503004255966e-08
49    1.4800136746225858e-08
50    1.4663126799231559e-08
51    1.4524904546548593e-08
52    1.4386076045741913e-08
53    1.4214488362585212e-08
54    1.407692742602607e-08
55    1.3940579456276142e-08
56    1.3782882915901478e-08
57    1.3660258810397585e-08
58    1.3538274823388299e-08
59    1.3416366201714712e-08
60    1.3294035373003083e-08
61    1.317091135287964e-08
62    1.3046850668971373e-08
63    1.2921732199112439e-08
64    1.2795637298368515e-08
65    1.2668719313511692e-08
66    1.2541157302965327e-08
67    1.2413241557067865e-08
68    1.2285172347673874e-08
69    1.215723108987951e-08
70    1.2029619661537874e-08
71    1.1902553862763372e-08
72    1.1776285613112524e-08
73    1.1651091201126088e-08
74    1.15273011915408e-08
75    1.1405193169940823e-08
76    1.1285074499431656e-08
77    1.1167197075794705e-08
78    1.1051782589911775e-08
79    1.0938949922563762e-08
80    1.0828756793457358e-08
81    1.0721203360979643e-08
82    1.0616210405579943e-08
83    1.051369318980252e-08
84    1.0413538878593722e-08
85    1.0315652859508892e-08
86    1.0219880257117246e-08
87    1.0126142810093934e-08
88    1.0034330918679497e-08
89    9.878363903619106e-09
90    9.78426658232198e-09
91    9.692481506934337e-09
92    9.602938602014895e-09
93    9.51556954117763e-09
94    9.430303152118493e-09
95    9.347103624689625e-09
96    9.357111830543386e-09
97    9.278318458957835e-09
98    9.2006196380361e-09
99    9.123957484705572e-09
100    9.048290459976212e-09
101    8.973606876516602e-09
102    8.899898238951598e-09
103    8.827152746208062e-09
104    8.755339453058e-09
105    8.684440067970432e-09
106    8.614434902304978e-09
107    8.545308421477426e-09
108    8.477036458692047e-09
109    8.409586748911702e-09
110    8.342915395511743e-09
111    8.276973580135357e-09
112    8.211706170494175e-09
113    8.147070105569737e-09
114    8.083011428542255e-09
115    8.019471812130217e-09
116    7.956386305288547e-09
117    7.893693444419343e-09
118    7.831345007723372e-09
119    7.769305054864132e-09
120    7.707539137337315e-09
121    7.646017755006091e-09
122    7.584713223024974e-09
123    7.523614333450957e-09
124    7.462744171768652e-09
125    7.402125688735071e-09
126    7.341781327166273e-09
127    7.281731942691709e-09
128    7.222006088841211e-09
129    7.16265913985359e-09
130    7.1037528925072864e-09
131    7.045346807480727e-09
132    6.98749696036534e-09
133    6.9302593641584144e-09
134    6.873691270160921e-09
135    6.817853268513976e-09
136    6.762799066761843e-09
137    6.7085687473736856e-09
138    6.655206363168893e-09
139    6.602756116146398e-09
140    6.551255044488982e-09
141    6.50073478897914e-09
142    6.451217814760902e-09
143    6.402720661561083e-09
144    6.3552549891048186e-09
145    6.308822050598111e-09
146    6.263410725212162e-09
147    6.2189959070903594e-09
148    6.194205188517813e-09
149    6.145032678857814e-09
150    6.09674776542541e-09
151    6.049369675912949e-09
152    6.0029165540420254e-09
153    5.957397674207913e-09
154    5.912811740933267e-09
155    5.869148678371698e-09
156    5.826403944322341e-09
157    5.784578624403669e-09
158    5.743655816566484e-09
159    5.75059882186375e-09
160    5.71569791248634e-09
161    5.6812643787109895e-09
162    5.647271161765964e-09
163    5.613678562085316e-09
164    5.580445807118045e-09
165    5.5475432135607934e-09
166    5.514954072264009e-09
167    5.482661241936131e-09
168    5.45064146286239e-09
169    5.418868546626324e-09
170    5.387315540642768e-09
171    5.355954910863996e-09
172    5.324762019551472e-09
173    5.2937193771278225e-09
174    5.262815383046291e-09
175    5.232036908779555e-09
176    5.201359627888243e-09
177    5.170762935049886e-09
178    5.140236583863118e-09
179    5.109777400190644e-09
180    5.079381992111958e-09
181    5.04904087692754e-09
182    5.0187452253580265e-09
183    4.988492125467673e-09
184    4.9582857710543974e-09
185    4.928133464715295e-09
186    4.8980400082362355e-09
187    4.8680115749558105e-09
188    4.838056503176568e-09
189    4.808184617739562e-09
190    4.7784058306613546e-09
191    4.748733245781448e-09
192    4.719188086212013e-09
193    4.689793224505498e-09
194    4.660565138716417e-09
195    4.631516497584443e-09
196    4.60266138033393e-09
197    4.574019361004445e-09
198    4.545609771770806e-09
199    4.517447246456242e-09
200    4.489544633497122e-09
201    4.46191516952723e-09
202    4.434573220578825e-09
203    4.407533334580266e-09
204    4.380805182514209e-09
205    4.379158682604293e-09
206    4.356124083417057e-09
207    4.3332935160121064e-09
208    4.310663087782907e-09
209    4.2882271030410705e-09
210    4.265980036569176e-09
211    4.2439166043340944e-09
212    4.222031868302511e-09
213    4.200320774329307e-09
214    4.131394266157358e-09
215    4.108238029847781e-09
216    4.085397648015567e-09
217    4.0628673050627825e-09
218    4.0406371444848326e-09
219    4.018697663684183e-09
220    3.9970456477784326e-09
221    3.975680863366329e-09
222    3.954599476676801e-09
223    3.9337892251467676e-09
224    3.913236712152965e-09
225    3.892935127638302e-09
226    3.8728837553718105e-09
227    3.853080961442533e-09
228    3.833518762564419e-09
229    3.814187024172176e-09
230    3.7950767561857425e-09
231    3.776180993378931e-09
232    3.757493628629542e-09
233    3.7390077511437885e-09
234    3.7207162636127538e-09
235    3.702612425636938e-09
236    3.684690946502303e-09
237    3.6669474465718083e-09
238    3.649378249318504e-09
239    3.6319803569698187e-09
240    3.6147504304691014e-09
241    3.5976821734759567e-09
242    3.5807681698166295e-09
243    3.5640023860255665e-09
244    3.5473815196906514e-09
245    3.530902909162815e-09
246    3.5145637113296594e-09
247    3.498360575176068e-09
248    3.4822901590319893e-09
249    3.466347905176087e-09
250    3.4505284035892607e-09
251    3.4348262994747782e-09
252    3.41923858019793e-09
253    3.4037618843302193e-09
254    3.3883889945786874e-09
255    3.3731122548474087e-09
256    3.357927996188578e-09
257    3.3428361888611793e-09
258    3.3278378585291355e-09
259    3.312932986015405e-09
260    3.298119802786619e-09
261    3.283394968012743e-09
262    3.268755192350921e-09
263    3.2541971076030617e-09
264    3.2397166854419523e-09
265    3.2253096779763627e-09
266    3.210971607776595e-09
267    3.196698057911294e-09
268    3.182485424710126e-09
269    3.16833131319583e-09
270    3.1542322389777754e-09
271    3.140183847835624e-09
272    3.1261829547804833e-09
273    3.112227370272136e-09
274    3.0983149098537937e-09
275    3.084442283310051e-09
276    3.070606210662085e-09
277    3.056804913555296e-09
278    3.0430364831880495e-09
279    3.0292997426936776e-09
280    3.0155942317190227e-09
281    3.001919616909881e-09
282    2.9882758502006917e-09
283    2.9746635478039753e-09
284    2.9610838365855585e-09
285    2.9475378219461543e-09
286    2.9340259278612533e-09
287    2.920548826496343e-09
288    2.907108789580101e-09
289    2.893708620868116e-09
290    2.880350295338782e-09
291    2.8670343390943254e-09
292    2.8537617796741694e-09
293    2.840535026101468e-09
294    2.8273570604467257e-09
295    2.8142316494618924e-09
296    2.801162727131485e-09
297    2.788154039799252e-09
298    2.7752088191990717e-09
299    2.7623304339149283e-09
300    2.7495242663576645e-09
301    2.736796295941981e-09
302    2.7139161497229926e-09
303    2.7042437834408042e-09
304    2.6946370013322534e-09
305    2.6850905415220332e-09
306    2.6755994401376914e-09
307    2.6661584821086448e-09
308    2.6567623246963823e-09
309    2.647406988354699e-09
310    2.638090975011912e-09
311    2.628813068975334e-09
312    2.619572002841403e-09
313    2.6103660894520174e-09
314    2.6011923726804504e-09
315    2.5920459130402677e-09
316    2.5829220246206656e-09
317    2.57381611692198e-09
318    2.5647236383448297e-09
319    2.555640860817841e-09
320    2.5465663658948817e-09
321    2.53749918663784e-09
322    2.5284383655580794e-09
323    2.5193830684900826e-09
324    2.510332616583166e-09
325    2.5012854699432145e-09
326    2.492239904217306e-09
327    2.483194245183359e-09
328    2.4741468646832417e-09
329    2.4650961053799667e-09
330    2.456039982110897e-09
331    2.446976473171478e-09
332    2.437903779047818e-09
333    2.428821318109069e-09
334    2.4197295363210785e-09
335    2.4106299270770757e-09
336    2.4015242872799924e-09
337    2.392414377883604e-09
338    2.3833019246316863e-09
339    2.3741882851462478e-09
340    2.3650725566436057e-09
341    2.3559529932521174e-09
342    2.346828380131552e-09
343    2.33769797237075e-09
344    2.3285612711536615e-09
345    2.3194193426735803e-09
346    2.31027398615747e-09
347    2.3011270444296204e-09
348    2.262839708348081e-09
349    2.255023745550694e-09
350    2.247253626970372e-09
351    2.2395259620585724e-09
352    2.2318375155939502e-09
353    2.224185503593744e-09
354    2.2165675464925284e-09
355    2.2089810720162126e-09
356    2.2014230334862616e-09
357    2.193890289297853e-09
358    2.1863802277762288e-09
359    2.1788910528849785e-09
360    2.171421203086789e-09
361    2.163969981351333e-09
362    2.1565371659047e-09
363    2.1491219341894194e-09
364    2.1417226583206742e-09
365    2.1343376220242318e-09
366    2.126965092619299e-09
367    2.1196033993293756e-09
368    2.112251656460748e-09
369    2.1049101698060825e-09
370    2.097579426254661e-09
371    2.0902598243546805e-09
372    2.082951651621964e-09
373    2.0684811751601453e-09
374    2.0599889087288152e-09
375    2.0515531851621274e-09
376    2.043175420321897e-09
377    2.0348569873987177e-09
378    2.0265991824906136e-09
379    2.0184030172394636e-09
380    2.010269906030295e-09
381    2.0022021998265657e-09
382    1.994202246674585e-09
383    1.986272307100967e-09
384    1.9784145513481706e-09
385    1.9706305674123202e-09
386    1.96292097912244e-09
387    1.9552862752814406e-09
388    1.947726654800212e-09
389    1.940241908305473e-09
390    1.932832254168287e-09
391    1.9254985137321514e-09
392    1.918241543667335e-09
393    1.9110621780375616e-09
394    1.9039612161236838e-09
395    1.8969391685854112e-09
396    1.889995882396078e-09
397    1.883130966439096e-09
398    1.897664879305354e-09
399    1.890812771073364e-09
400    1.883989850645525e-09
401    1.8771970422844497e-09
402    1.870435316188254e-09
403    1.8637057991606374e-09
404    1.8570096204432986e-09
405    1.8503480205886852e-09
406    1.8437222681005444e-09
407    1.8371331098661748e-09
408    1.8305807483696592e-09
409    1.824065459578491e-09
410    1.817587587026875e-09
411    1.811147549453629e-09
412    1.8047463344633487e-09
413    1.7983856566870384e-09
414    1.792067239009142e-09
415    1.7857927664143952e-09
416    1.779563686790266e-09
417    1.7733803502530158e-09
418    1.7672423410704336e-09
419    1.7611493666548609e-09
420    1.7551011388746518e-09
421    1.7490973729246873e-09
422    1.7431385702426194e-09
423    1.7372253589925478e-09
424    1.7313582877597002e-09
425    1.7255380166306654e-09
426    1.7197651473654765e-09
427    1.714039453520511e-09
428    1.7083602242314935e-09
429    1.7027267358626669e-09
430    1.6971383060381402e-09
431    1.6915942419882932e-09
432    1.6860942760210337e-09
433    1.6806383464314076e-09
434    1.6752263881032654e-09
435    1.6698583314897007e-09
436    1.6645340696807488e-09
437    1.659253313576957e-09
438    1.6540157202572918e-09
439    1.6488209465874333e-09
440    1.6436685816225353e-09
441    1.6385581141502694e-09
442    1.6334889755422063e-09
443    1.6284605972886063e-09
444    1.6234723664379e-09
445    1.6185235126375086e-09
446    1.613613357130538e-09
447    1.608741646868903e-09
448    1.603908207952253e-09
449    1.5991128658722555e-09
450    1.5943554275441034e-09
451    1.5896352868954098e-09
452    1.5849511688401315e-09
453    1.5803016977732634e-09
454    1.5756854914001437e-09
455    1.5711011965850498e-09
456    1.5665476892402398e-09
457    1.5620242087432178e-09
458    1.5575300412082278e-09
459    1.5530645184991774e-09
460    1.5486270208679817e-09
461    1.5442169980971307e-09
462    1.539833743384486e-09
463    1.5354765131907511e-09
464    1.5311445781127704e-09
465    1.526837216856765e-09
466    1.5225535922572092e-09
467    1.5182927553005502e-09
468    1.5140538861161764e-09
469    1.5098365515790859e-09
470    1.5056404278285965e-09
471    1.5014655802872144e-09
472    1.4973122936754742e-09
473    1.4931807056572553e-09
474    1.4890709240181792e-09
475    1.4849829710912286e-09
476    1.480916170384889e-09
477    1.4768692942075946e-09
478    1.4728411388640483e-09
479    1.468830544548764e-09
480    1.4648364323093552e-09
481    1.4608581665449044e-09
482    1.4568953076013437e-09
483    1.4529473997945497e-09
484    1.4490142444333458e-09
485    1.445095779667977e-09
486    1.4411924950837654e-09
487    1.4373036190063238e-09
488    1.433428726604181e-09
489    1.4295675817046847e-09
490    1.4257199627653239e-09
491    1.4218856587069054e-09
492    1.4241695170114655e-09
493    1.420192943855815e-09
494    1.416227329474372e-09
495    1.4122721580807623e-09
496    1.4083270378364536e-09
497    1.4043921542454133e-09
498    1.4004678644903336e-09
499    1.3965544446314066e-09
500    1.39265205009918e-09
501    1.3887609056759197e-09
502    1.3848811763924376e-09
503    1.3810130071785944e-09
504    1.3771565532565494e-09
505    1.3733119660634528e-09
506    1.3694793949588112e-09
507    1.3656590395413797e-09
508    1.3618510501556625e-09
509    1.35805534142888e-09
510    1.354271783233368e-09
511    1.3505002483996552e-09
512    1.3467406079108644e-09
513    1.3429927315168163e-09
514    1.3392564949963697e-09
515    1.3355318566863015e-09
516    1.3318188697948183e-09
517    1.3281175686919296e-09
518    1.3244279413079134e-09
519    1.320749961321259e-09
520    1.3170836023842785e-09
521    1.3117647451384274e-09
522    1.3082373882065932e-09
523    1.30471832776645e-09
524    1.3012077533769907e-09
525    1.2977058613915461e-09
526    1.2942128940207195e-09
527    1.2907290897243235e-09
528    1.2872547142521062e-09
529    1.2837900809926913e-09
530    1.2803354044664109e-09
531    1.276890809472649e-09
532    1.2734564157546471e-09
533    1.2700323400633712e-09
534    1.2666186632067608e-09
535    1.263215293825477e-09
536    1.2598220908173153e-09
537    1.2564389882647576e-09
538    1.2530661208949445e-09
539    1.2497037379336896e-09
540    1.2463523010699325e-09
541    1.2430123153301639e-09
542    1.2396843008934344e-09
543    1.2363687878181053e-09
544    1.2330661689271336e-09
545    1.2297765135014204e-09
546    1.2264997467507131e-09
547    1.223235795576517e-09
548    1.2199846368329613e-09
549    1.2167463200502091e-09
550    1.213521023241278e-09
551    1.2103089307161003e-09
552    1.2071102184221601e-09
553    1.20392510692956e-09
554    1.2007538556544261e-09
555    1.1975967300150621e-09
556    1.1944539928798958e-09
557    1.1913259020012638e-09
558    1.1882127109678816e-09
559    1.185114620176647e-09
560    1.1820318033271376e-09
561    1.1789645719212563e-09
562    1.1759132665121431e-09
563    1.172878217762298e-09
564    1.169859746107577e-09
565    1.1668581670450918e-09
566    1.1638738050686346e-09
567    1.1609069782208214e-09
568    1.1579579172205503e-09
569    1.1550266855694614e-09
570    1.1521132805185736e-09
571    1.1492176768122687e-09
572    1.146339845460322e-09
573    1.1434797573999695e-09
574    1.140637399950844e-09
575    1.1378127774653619e-09
576    1.1350060362143944e-09
577    1.1322174326929764e-09
578    1.1294472080190253e-09
579    1.1266955720787849e-09
580    1.1239626712653146e-09
581    1.1212486171437469e-09
582    1.1185535137314876e-09
583    1.115877410558545e-09
584    1.113220095903313e-09
585    1.1105812748820024e-09
586    1.1079606565695989e-09
587    1.1053579542141192e-09
588    1.102772902794618e-09
589    1.100205288402005e-09
590    1.0976548894190693e-09
591    1.0951214606416443e-09
592    1.0926048422643037e-09
593    1.090104903428673e-09
594    1.0876215556937415e-09
595    1.0851547295873656e-09
596    1.0827043682190613e-09
597    1.080270402519e-09
598    1.0778526522801345e-09
599    1.0754507592227423e-09
600    1.0730642941370604e-09
601    1.0706928201652677e-09
602    1.0683358827279437e-09
603    1.0619809434516786e-09
604    1.0596561525653024e-09
605    1.0573492350868309e-09
606    1.0550598532925534e-09
607    1.0527876766630718e-09
608    1.0505324118276455e-09
609    1.0482937951172081e-09
610    1.0460716139127066e-09
611    1.043865728808017e-09
612    1.0416760025836761e-09
613    1.0395022841440181e-09
614    1.037344433361586e-09
615    1.0352022996996224e-09
616    1.0330757303013054e-09
617    1.0309645719298339e-09
618    1.0288686108529431e-09
619    1.0267874814824324e-09
620    1.0247205642721748e-09
621    1.0226672033006691e-09
622    1.0206267685479042e-09
623    1.0185987008690643e-09
624    1.0165825210892938e-09
625    1.0145777623963108e-09
626    1.0125839595076645e-09
627    1.0106006157392736e-09
628    1.0086272076528395e-09
629    1.0066633148527578e-09
630    1.0047085819598208e-09
631    1.0027626586798717e-09
632    1.0008251996508043e-09
633    9.988958719738208e-10
634    9.969743596367423e-10
635    9.950603511600126e-10
636    9.931535393196657e-10
637    9.912536132053038e-10
638    9.893601699865731e-10
639    9.874727731039878e-10
640    9.855909964068385e-10
641    9.837144196624189e-10
642    9.81842628817376e-10
643    9.799751949005857e-10
644    9.781116409797912e-10
645    9.762514981182889e-10
646    9.743943128436513e-10
647    9.72539705347868e-10
648    9.706873955794733e-10
649    9.688370915644392e-10
650    9.669885007788258e-10
651    9.651413357419896e-10
652    9.632953248033216e-10
653    9.614502245118225e-10
654    9.596058581411553e-10
655    9.577621120610064e-10
656    9.559188633180721e-10
657    9.540759142930228e-10
658    9.52233052245566e-10
659    9.503900488858221e-10
660    9.485466744420793e-10
661    9.467027030887374e-10
662    9.448579129319032e-10
663    9.430120859135022e-10
664    9.411650074377527e-10
665    9.393164737927912e-10
666    9.374663297255854e-10
667    9.356144399158358e-10
668    9.337606871101495e-10
669    9.319050373087281e-10
670    9.300474881861333e-10
671    9.281880786645666e-10
672    9.263268624494782e-10
673    9.24463884031789e-10
674    9.225991235525776e-10
675    9.20732626333549e-10
676    9.188645093410406e-10
677    9.169948898629539e-10
678    9.15123889751196e-10
679    9.132516879365128e-10
680    9.113784940242339e-10
681    9.095045151509331e-10
682    9.076299659742165e-10
683    9.057550986663111e-10
684    9.038801484161169e-10
685    9.02005282380337e-10
686    9.001306588039563e-10
687    8.98256433949079e-10
688    8.963827569810307e-10
689    8.945097077088869e-10
690    8.926373303341478e-10
691    8.907656606868947e-10
692    8.88894719459017e-10
693    8.870245689168424e-10
694    8.85155406662122e-10
695    8.832874619677263e-10
696    8.814209668387204e-10
697    8.795561677749131e-10
698    8.776933124425859e-10
699    8.758326848722099e-10
700    8.739746081466186e-10
701    8.721194027035893e-10
702    8.702673716133589e-10
703    8.68418710732797e-10
704    8.665735517221976e-10
705    8.64731996821894e-10
706    8.628941448114815e-10
707    8.610600936657027e-10
708    8.592299588521031e-10
709    8.574038687311231e-10
710    8.555819527806366e-10
711    8.537643648378853e-10
712    8.519513199109389e-10
713    8.501430740752647e-10
714    8.483398760667503e-10
715    8.46541960715784e-10
716    8.447495573060897e-10
717    8.429628910067134e-10
718    8.411821826133975e-10
719    8.394076405476245e-10
720    8.376394522540614e-10
721    8.358777584891076e-10
722    8.341226383247763e-10
723    8.323741642374185e-10
724    8.30632413757404e-10
725    8.288974801298748e-10
726    8.271694587000076e-10
727    8.254484526409414e-10
728    8.23734567247834e-10
729    8.220279121456711e-10
730    8.203286239360964e-10
731    8.186368887760669e-10
732    8.169528984436895e-10
733    8.152768410555925e-10
734    8.136088943262033e-10
735    8.119492082970195e-10
736    8.102979244571035e-10
737    8.086551775494738e-10
738    8.070210817810591e-10
739    8.053957129595292e-10
740    8.037790283385014e-10
741    8.021709450062361e-10
742    8.00571380354835e-10
743    7.989802521332446e-10
744    7.973974864636037e-10
745    7.958230513736728e-10
746    7.942569294192017e-10
747    7.926991029549976e-10
748    7.911495559900056e-10
749    7.896083076843272e-10
750    7.880754340816483e-10
751    7.86551023542632e-10
752    7.850351481636857e-10
753    7.853670308521171e-10
754    7.839608657641104e-10
755    7.825605658561522e-10
756    7.811660976590048e-10
757    7.797774293144534e-10
758    7.783945367577018e-10
759    7.770174049342529e-10
760    7.756460173977962e-10
761    7.742803411626427e-10
762    7.729203332084021e-10
763    7.715659256056889e-10
764    7.702170405107437e-10
765    7.688735588224668e-10
766    7.675353348678045e-10
767    7.66202223066604e-10
768    7.648740892568088e-10
769    7.635508090469176e-10
770    7.622322742495801e-10
771    7.609183846257508e-10
772    7.596090413404484e-10
773    7.583041564604786e-10
774    7.57003656693976e-10
775    7.557074674276508e-10
776    7.544155145837071e-10
777    7.531277228767018e-10
778    7.518440135547125e-10
779    7.505642963555485e-10
780    7.492884564228719e-10
781    7.480163737346579e-10
782    7.467479296282263e-10
783    7.454830067892971e-10
784    7.442215264407058e-10
785    7.429634629561038e-10
786    7.417087982859055e-10
787    7.4045751460733e-10
788    7.392095940798038e-10
789    7.379650150030938e-10
790    7.367237452429306e-10
791    7.354857366073678e-10
792    7.342509300567145e-10
793    7.330192684945898e-10
794    7.317906902449296e-10
795    7.305650978563124e-10
796    7.293423814595602e-10
797    7.281224326518639e-10
798    7.269051526969609e-10
799    7.256904844756315e-10
800    7.244783944722897e-10
801    7.232688534370535e-10
802    7.220618318630005e-10
803    7.208572973116539e-10
804    7.196552169673074e-10
805    7.184555733882923e-10
806    7.172583781030462e-10
807    7.160636238503157e-10
808    7.148713004224844e-10
809    7.136813975902345e-10
810    7.124939051054302e-10
811    7.113088126866716e-10
812    7.101261100365904e-10
813    7.089457869282274e-10
814    7.077678346406937e-10
815    7.065922479919462e-10
816    7.054190083289384e-10
817    7.042480792209727e-10
818    7.030794238068387e-10
819    7.019130020513007e-10
820    7.007487724948747e-10
821    6.995866908839487e-10
822    6.984267156356993e-10
823    6.972688066052524e-10
824    6.961129241784923e-10
825    6.949590292663757e-10
826    6.938070848896526e-10
827    6.926570756475642e-10
828    6.915090003265166e-10
829    6.903628663126798e-10
830    6.892186995587465e-10
831    6.880765283799952e-10
832    6.869363807893867e-10
833    6.857982857300311e-10
834    6.846622890058206e-10
835    6.835284539417694e-10
836    6.82396843127769e-10
837    6.812674890075815e-10
838    6.801403744320753e-10
839    6.790154715444384e-10
840    6.778927528560526e-10
841    6.767721912174808e-10
842    6.756537598030414e-10
843    6.745374320715274e-10
844    6.734231867856385e-10
845    6.723110422239497e-10
846    6.712010321329332e-10
847    6.700931903063245e-10
848    6.689875734947533e-10
849    6.678842774644093e-10
850    6.667834015671055e-10
851    6.656850477984177e-10
852    6.64589300927129e-10
853    6.634962014778797e-10
854    6.624057829533429e-10
855    6.613180783119552e-10
856    6.602331199407097e-10
857    6.591509395310652e-10
858    6.58071563134014e-10
859    6.569949916208261e-10
860    6.559212198952655e-10
861    6.548502646040668e-10
862    6.53782128865769e-10
863    6.527167971957668e-10
864    6.516542534865742e-10
865    6.505944818577051e-10
866    6.495374666860571e-10
867    6.484831936557579e-10
868    6.474316565407357e-10
869    6.46382854137379e-10
870    6.453367958546117e-10
871    6.44293497561638e-10
872    6.432529734491218e-10
873    6.422152364593951e-10
874    6.411802982391127e-10
875    6.401481662052918e-10
876    6.391188549262192e-10
877    6.380923947581146e-10
878    6.370688135363807e-10
879    6.360481350754125e-10
880    6.350303849371232e-10
881    6.340156014430059e-10
882    6.33003826613378e-10
883    6.319951018165989e-10
884    6.309894691906934e-10
885    6.299869699826502e-10
886    6.289876442110536e-10
887    6.279915311695651e-10
888    6.269986695675237e-10
889    6.260090966831292e-10
890    6.250228382666535e-10
891    6.240399021719234e-10
892    6.2306026797582e-10
893    6.220839108615489e-10
894    6.211108061253921e-10
895    6.201409291796167e-10
896    6.19174255533757e-10
897    6.182107608376624e-10
898    6.172504202339685e-10
899    6.162932102481942e-10
900    6.153391078892347e-10
901    6.143880908872453e-10
902    6.134401628441867e-10
903    6.124953620602549e-10
904    6.11553735000843e-10
905    6.106153301237533e-10
906    6.096801939819668e-10
907    6.087483712166115e-10
908    6.078199057502243e-10
909    6.068948407919805e-10
910    6.05973218844676e-10
911    6.050550817172222e-10
912    6.041404664676137e-10
913    6.032293616775972e-10
914    6.023217169419818e-10
915    6.014174772016245e-10
916    6.005165878390365e-10
917    5.996189923072659e-10
918    5.987246149407718e-10
919    5.978333661365648e-10
920    5.96945152469501e-10
921    5.960598835777415e-10
922    5.951774767215884e-10
923    5.94297863982675e-10
924    5.934210418343042e-10
925    5.925470266797557e-10
926    5.916758344939845e-10
927    5.908074807214717e-10
928    5.899419816127922e-10
929    5.89079359355346e-10
930    5.882196414007399e-10
931    5.873628564019853e-10
932    5.865090395660027e-10
933    5.856582282505697e-10
934    5.848104418687228e-10
935    5.839656581138054e-10
936    5.831238419523071e-10
937    5.822849405483077e-10
938    5.814488970404325e-10
939    5.806156586079388e-10
940    5.797851732645053e-10
941    5.789573896080538e-10
942    5.781322568358776e-10
943    5.773097247210612e-10
944    5.764897477245693e-10
945    5.75672307589911e-10
946    5.748574023713718e-10
947    5.740450298878034e-10
948    5.732351879551593e-10
949    5.724278744002486e-10
950    5.716230870759209e-10
951    5.708208233979185e-10
952    5.700210704045407e-10
953    5.69223800883265e-10
954    5.684289866501339e-10
955    5.67636599478266e-10
956    5.668466032399294e-10
957    5.660589574247795e-10
958    5.652736253785767e-10
959    5.644905733162791e-10
960    5.63709762375603e-10
961    5.62931153851656e-10
962    5.621547093333006e-10
963    5.613803905984828e-10
964    5.606081595919914e-10
965    5.598379786514366e-10
966    5.590698090313982e-10
967    5.583036076945061e-10
968    5.575393392399172e-10
969    5.567769709070176e-10
970    5.560164700157926e-10
971    5.552578038909516e-10
972    5.545009402011258e-10
973    5.53745850349026e-10
974    5.529925156369242e-10
975    5.522409119053545e-10
976    5.514910071671272e-10
977    5.507427776667575e-10
978    5.499962210096065e-10
979    5.492513410388728e-10
980    5.485081421848571e-10
981    5.477666300144203e-10
982    5.470268103848748e-10
983    5.462886850657096e-10
984    5.455522527657392e-10
985    5.448175120296898e-10
986    5.440844613966425e-10
987    5.433530963124081e-10
988    5.426233868856718e-10
989    5.418952812159512e-10
990    5.411687286880839e-10
991    5.404436876702956e-10
992    5.397201192850842e-10
993    5.389979850824692e-10
994    5.382772470126198e-10
995    5.375578672715779e-10
996    5.368398081512088e-10
997    5.361230311807848e-10
998    5.354074971861641e-10
999    5.34693181599184e-10
1000    5.339800689430424e-10
1001    5.332681463821235e-10
1002    5.325574058871537e-10
1003    5.318478400476821e-10
1004    5.311394411636612e-10
1005    5.304322008725133e-10
1006    5.297261106368183e-10
1007    5.290211618821294e-10
1008    5.28317346784081e-10
1009    5.276146573731755e-10
1010    5.269130805549046e-10
1011    5.262126018870501e-10
1012    5.255132070521683e-10
1013    5.248148825022099e-10
1014    5.241176179300529e-10
1015    5.234214102389731e-10
1016    5.227262663839998e-10
1017    5.220321941306097e-10
1018    5.213392023122153e-10
1019    5.206473013145382e-10
1020    5.199564969310546e-10
1021    5.192667829979904e-10
1022    5.185781465149876e-10
1023    5.178905739330153e-10
1024    5.172040517855036e-10
1025    5.165185666253488e-10
1026    5.158341049851133e-10
1027    5.151506534092874e-10
1028    5.144681986439152e-10
1029    5.137867291429811e-10
1030    5.131062322745688e-10
1031    5.124267107371626e-10
1032    5.117481839410331e-10
1033    5.110706718902945e-10
1034    5.103941943694588e-10
1035    5.097187711784515e-10
1036    5.090444241242038e-10
1037    5.083711822140182e-10
1038    5.07699080206677e-10
1039    5.070281605364391e-10
1040    5.063584662147537e-10
1041    5.05690037181113e-10
1042    5.050228891420593e-10
1043    5.043570325381033e-10
1044    5.036924790510815e-10
1045    5.030292261524031e-10
1046    5.023672694067301e-10
1047    5.017066042907899e-10
1048    5.010472263278354e-10
1049    5.00389131657899e-10
1050    4.997323165700117e-10
1051    4.990767774203077e-10
1052    4.984225176915283e-10
1053    4.977695638382701e-10
1054    4.971179468577424e-10
1055    4.964676937228818e-10
1056    4.958188245913767e-10
1057    4.951713504840447e-10
1058    4.945252746536664e-10
1059    4.938806003711664e-10
1060    4.93237339480845e-10
1061    4.925955068541467e-10
1062    4.919551171919142e-10
1063    4.913161814653952e-10
1064    4.906787028434369e-10
1065    4.900426839591477e-10
1066    4.894081291429525e-10
1067    4.887750408341078e-10
1068    4.881434165061074e-10
1069    4.875132529511112e-10
1070    4.868845474103949e-10
1071    4.862573029035864e-10
1072    4.856315287310483e-10
1073    4.850072408648804e-10
1074    4.843844580396276e-10
1075    4.837631998629559e-10
1076    4.831434851433236e-10
1077    4.825253325414678e-10
1078    4.819087594054744e-10
1079    4.812937803291729e-10
1080    4.806804082588537e-10
1081    4.800686557466733e-10
1082    4.794585352258436e-10
1083    4.788500595225709e-10
1084    4.782432409329944e-10
1085    4.776380856835006e-10
1086    4.770345965584554e-10
1087    4.764327762520548e-10
1088    4.758326287075263e-10
1089    4.752341588684021e-10
1090    4.746373680700699e-10
1091    4.740422549821748e-10
1092    4.734488179052938e-10
1093    4.728570550902431e-10
1094    4.722669647207224e-10
1095    4.716785446151046e-10
1096    4.710917913501088e-10
1097    4.705067012454634e-10
1098    4.699232718718761e-10
1099    4.693415046460916e-10
1100    4.687614025727747e-10
1101    4.681829686067014e-10
1102    4.676062056456756e-10
1103    4.670311165305798e-10
1104    4.664577038341684e-10
1105    4.658859693175533e-10
1106    4.653159136574931e-10
1107    4.647475333148191e-10
1108    4.641808244927923e-10
1109    4.636157834278612e-10
1110    4.630524064318473e-10
1111    4.6249069097563993e-10
1112    4.619306338586559e-10
1113    4.6137222154880806e-10
1114    4.60815433378975e-10
1115    4.602602481689524e-10
1116    4.5970664522099433e-10
1117    4.5915461044456406e-10
1118    4.5860413505650265e-10
1119    4.5805520940854077e-10
1120    4.5750782374483814e-10
1121    4.569619658334037e-10
1122    4.5641762062665777e-10
1123    4.558747733594948e-10
1124    4.553334109064298e-10
1125    4.5479352071280025e-10
1126    4.542550910476267e-10
1127    4.537181127485274e-10
1128    4.531825713543614e-10
1129    4.526484548964895e-10
1130    4.5211575372096696e-10
1131    4.515844579435437e-10
1132    4.5105455772807494e-10
1133    4.505260434107493e-10
1134    4.499989060717652e-10
1135    4.4947313706449775e-10
1136    4.489487297838528e-10
1137    4.4842568362720013e-10
1138    4.4790399927534357e-10
1139    4.473836775255166e-10
1140    4.4686471868971797e-10
1141    4.463471190679471e-10
1142    4.4583087337000624e-10
1143    4.453159761042269e-10
1144    4.448024133433494e-10
1145    4.4429016020703324e-10
1146    4.437791909691812e-10
1147    4.432694801037721e-10
1148    4.4276100227846175e-10
1149    4.4225373269389794e-10
1150    4.4174764735754297e-10
1151    4.412427229232082e-10
1152    4.407389397283973e-10
1153    4.402362801144685e-10
1154    4.3973472383707587e-10
1155    4.3923424290256654e-10
1156    4.387348084984405e-10
1157    4.382363937666885e-10
1158    4.3773897676765097e-10
1159    4.372425392688575e-10
1160    4.3674707192499667e-10
1161    4.362525698345231e-10
1162    4.357590282455437e-10
1163    4.3526644242091886e-10
1164    4.347748076641004e-10
1165    4.342841193555608e-10
1166    4.3379437291937803e-10
1167    4.333055627750546e-10
1168    4.32817687028798e-10
1169    4.3233075549268516e-10
1170    4.3184477857396293e-10
1171    4.313597589846257e-10
1172    4.308756955611799e-10
1173    4.3039258656487345e-10
1174    4.29910429280016e-10
1175    4.2942921409464203e-10
1176    4.2894892826650545e-10
1177    4.284695591277622e-10
1178    4.279910940231365e-10
1179    4.2751352027782843e-10
1180    4.2703682581504476e-10
1181    4.265610020681269e-10
1182    4.260860431606133e-10
1183    4.2561193082808524e-10
1184    4.2513864518660275e-10
1185    4.2466616651516267e-10
1186    4.2419447525418313e-10
1187    4.237235520103142e-10
1188    4.232533775503575e-10
1189    4.227839330001767e-10
1190    4.2231520217271816e-10
1191    4.2184717312272515e-10
1192    4.213798330357566e-10
1193    4.2091316185467517e-10
1194    4.204471387764557e-10
1195    4.199817431834762e-10
1196    4.1951696450025427e-10
1197    4.190528069585276e-10
1198    4.1858927424917175e-10
1199    4.181263699119111e-10
1200    4.176640972247322e-10
1201    4.1720245926376067e-10
1202    4.16741458815491e-10
1203    4.162811036016641e-10
1204    4.158214058427579e-10
1205    4.1536237897089323e-10
1206    4.149040401375886e-10
1207    4.144464071767601e-10
1208    4.139894976123962e-10
1209    4.135333272856415e-10
1210    4.1307790377987666e-10
1211    4.1262322557932583e-10
1212    4.1216929061548475e-10
1213    4.117160966407006e-10
1214    4.1126364174607536e-10
1215    4.108119243512785e-10
1216    4.1036094288870497e-10
1217    4.099106958225976e-10
1218    4.094611832169246e-10
1219    4.090124078049462e-10
1220    4.08564372231743e-10
1221    4.0811707513267717e-10
1222    4.0767051238678385e-10
1223    4.072246800189377e-10
1224    4.0677957671181175e-10
1225    4.063352004710822e-10
1226    4.058915475896224e-10
1227    4.0544861356599267e-10
1228    4.050063950229009e-10
1229    4.0456489447787355e-10
1230    4.0412411628687396e-10
1231    4.03684065491796e-10
1232    4.032447473417195e-10
1233    4.0280616704088283e-10
1234    4.023683297374194e-10
1235    4.0193124046878033e-10
1236    4.014949031087845e-10
1237    4.010593194953569e-10
1238    4.006244882799822e-10
1239    4.001904048667786e-10
1240    3.9975706448721914e-10
1241    3.9932446241000854e-10
1242    3.988925941680354e-10
1243    3.984614583710796e-10
1244    3.9803105580850025e-10
1245    3.9760138732554226e-10
1246    3.971724541880263e-10
1247    3.96744257440551e-10
1248    3.963167970558687e-10
1249    3.9589007288047566e-10
1250    3.954640847490827e-10
1251    3.9503883234082396e-10
1252    3.946143136712787e-10
1253    3.9419052555338266e-10
1254    3.937674645866097e-10
1255    3.9334512742329135e-10
1256    3.9292351122676023e-10
1257    3.925026145132082e-10
1258    3.92082437449322e-10
1259    3.9166298214623995e-10
1260    3.912442509724877e-10
1261    3.9082624629546943e-10
1262    3.9040897035978403e-10
1263    3.8999242536552787e-10
1264    3.8957661349273e-10
1265    3.8916153749612776e-10
1266    3.887472050372195e-10
1267    3.8833362610148333e-10
1268    3.879208099734796e-10
1269    3.8750876570050185e-10
1270    3.87097501849084e-10
1271    3.8668702654767816e-10
1272    3.8627734782679797e-10
1273    3.85868473628768e-10
1274    3.8546041180826345e-10
1275    3.8505317013078815e-10
1276    3.846467563511328e-10
1277    3.8424117975395264e-10
1278    3.83836449234247e-10
1279    3.834325697229236e-10
1280    3.830295385614952e-10
1281    3.826273503573213e-10
1282    3.8222600019566994e-10
1283    3.8182548307006615e-10
1284    3.8142579394389486e-10
1285    3.81026927800919e-10
1286    3.80628879656738e-10
1287    3.802316445493992e-10
1288    3.7983521762858006e-10
1289    3.7943959546946836e-10
1290    3.7904477576252987e-10
1291    3.786507562279859e-10
1292    3.7825753447515905e-10
1293    3.7786510860944517e-10
1294    3.774734787077517e-10
1295    3.770826437755931e-10
1296    3.7669260269482433e-10
1297    3.763033543473026e-10
1298    3.759148973563191e-10
1299    3.7552723016381114e-10
1300    3.7514035313081706e-10
1301    3.7475426738137295e-10
1302    3.7436897401765675e-10
1303    3.739844741188157e-10
1304    3.7360076874276126e-10
1305    3.7321785893539075e-10
1306    3.728357457446914e-10
1307    3.724544298885565e-10
1308    3.720739106738337e-10
1309    3.716941873908871e-10
1310    3.713152586012173e-10
1311    3.7093712111140836e-10
1312    3.7055977267972885e-10
1313    3.701832111183489e-10
1314    3.698074342468506e-10
1315    3.6943243990576613e-10
1316    3.6905822600261447e-10
1317    3.686847904667587e-10
1318    3.683121313680477e-10
1319    3.6794024708797047e-10
1320    3.675691360733944e-10
1321    3.6719879783210185e-10
1322    3.6682923221128425e-10
1323    3.6646043868289276e-10
1324    3.6609241659685876e-10
1325    3.6572516529093447e-10
1326    3.653586841017731e-10
1327    3.649929723388439e-10
1328    3.646280282670772e-10
1329    3.642638487336528e-10
1330    3.6390043049416127e-10
1331    3.635377699953041e-10
1332    3.6317586113196776e-10
1333    3.62814696075564e-10
1334    3.624542670344427e-10
1335    3.620945684863958e-10
1336    3.6173560101492386e-10
1337    3.6137736644351097e-10
1338    3.6101986531268805e-10
1339    3.606630957177451e-10
1340    3.603070554923383e-10
1341    3.5995174248398097e-10
1342    3.5959715472444786e-10
1343    3.592432912775441e-10
1344    3.5889015159344215e-10
1345    3.585377356053475e-10
1346    3.581860439830177e-10
1347    3.57835077445984e-10
1348    3.5748483669004447e-10
1349    3.571353193126132e-10
1350    3.5678651614224854e-10
1351    3.5643841712864574e-10
1352    3.560910122947417e-10
1353    3.5574429254838794e-10
1354    3.5539825103203235e-10
1355    3.5505288126116287e-10
1356    3.5470817658545894e-10
1357    3.5436412990931236e-10
1358    3.540207347273245e-10
1359    3.5367798574351174e-10
1360    3.533358778827126e-10
1361    3.5299440676549875e-10
1362    3.526535671560529e-10
1363    3.523133543273309e-10
1364    3.519737672788963e-10
1365    3.516348037607159e-10
1366    3.512964613924015e-10
1367    3.509587378076142e-10
1368    3.506216306570275e-10
1369    3.5028513761555226e-10
1370    3.4994925647608804e-10
1371    3.4961398520813055e-10
1372    3.4927932181552354e-10
1373    3.489452643130175e-10
1374    3.4861181065591354e-10
1375    3.482789578815593e-10
1376    3.479467023639121e-10
1377    3.4761503922721154e-10
1378    3.472839612064831e-10
1379    3.4695346013758866e-10
1380    3.4662352867579163e-10
1381    3.462941595127014e-10
1382    3.4596534485274437e-10
1383    3.4563707697439906e-10
1384    3.453093493302268e-10
1385    3.4498215608804026e-10
1386    3.446554934528039e-10
1387    3.4432935836438065e-10
1388    3.440037477839501e-10
1389    3.4367865869350237e-10
1390    3.433540881239129e-10
1391    3.430300337227147e-10
1392    3.4270649380020145e-10
1393    3.4238346671408996e-10
1394    3.4206095084135414e-10
1395    3.4173894457050943e-10
1396    3.4141744656701296e-10
1397    3.410964560363763e-10
1398    3.40775972685493e-10
1399    3.404559971845835e-10
1400    3.4013653052630755e-10
1401    3.398175737292841e-10
1402    3.394991277961324e-10
1403    3.3918119370064837e-10
1404    3.38863772390139e-10
1405    3.385468647680876e-10
1406    3.382304714371386e-10
1407    3.3791459220529794e-10
1408    3.3759922667995643e-10
1409    3.3728437447052406e-10
1410    3.369700351836696e-10
1411    3.3665620842286935e-10
1412    3.363428937865214e-10
1413    3.360300899988032e-10
1414    3.3571779349083116e-10
1415    3.3540600028285255e-10
1416    3.350947064024878e-10
1417    3.3478390794463986e-10
1418    3.344736012751164e-10
1419    3.341637822938685e-10
1420    3.3385444664364933e-10
1421    3.335455899916613e-10
1422    3.3323720803488755e-10
1423    3.329292965005227e-10
1424    3.326218511465142e-10
1425    3.3231486776021126e-10
1426    3.3200834215879444e-10
1427    3.317022701923956e-10
1428    3.313966472589323e-10
1429    3.3109146666666973e-10
1430    3.3078672264665337e-10
1431    3.304824129924661e-10
1432    3.3017853597624014e-10
1433    3.298750888068475e-10
1434    3.295720680717742e-10
1435    3.2926947036710406e-10
1436    3.289672923114617e-10
1437    3.2866553052912495e-10
1438    3.28364181901546e-10
1439    3.2806324485063727e-10
1440    3.2776272029996545e-10
1441    3.2746260952943155e-10
1442    3.271629138021053e-10
1443    3.268636343643947e-10
1444    3.2656477244625763e-10
1445    3.262663292416364e-10
1446    3.2596830609899197e-10
1447    3.2567070545249154e-10
1448    3.253735267116004e-10
1449    3.2507676842940804e-10
1450    3.2478043032597285e-10
1451    3.2448451352454595e-10
1452    3.2418901894163396e-10
1453    3.2389394732633267e-10
1454    3.235992994184828e-10
1455    3.2330507594681804e-10
1456    3.2301127762876e-10
1457    3.227179051972366e-10
1458    3.2242496001693655e-10
1459    3.221324446637988e-10
1460    3.218403612434228e-10
1461    3.2154870653672995e-10
1462    3.212574744491535e-10
1463    3.2096665889071636e-10
1464    3.2067625511360487e-10
1465    3.203862636129959e-10
1466    3.200966861661277e-10
1467    3.1980752452588715e-10
1468    3.1951878040917486e-10
1469    3.19230455501006e-10
1470    3.189425514631342e-10
1471    3.1865507005102787e-10
1472    3.1836801356862475e-10
1473    3.1808138428737715e-10
1474    3.177951842290416e-10
1475    3.175094152011415e-10
1476    3.1722407895044573e-10
1477    3.169391772489626e-10
1478    3.166547116197067e-10
1479    3.163706828453981e-10
1480    3.160870915979242e-10
1481    3.1580393783045064e-10
1482    3.15521219120987e-10
1483    3.152389342870749e-10
1484    3.149570824640867e-10
1485    3.146756627912982e-10
1486    3.143946744161923e-10
1487    3.1411411653814436e-10
1488    3.1383398846628553e-10
1489    3.13554289698805e-10
1490    3.132750197816106e-10
1491    3.1299617825204437e-10
1492    3.1271776462004844e-10
1493    3.1243977761527506e-10
1494    3.121622150514551e-10
1495    3.1188507470202977e-10
1496    3.116083543562133e-10
1497    3.113320518544466e-10
1498    3.110561658686728e-10
1499    3.107806977035728e-10
1500    3.1050564923259906e-10
1501    3.1023102208684813e-10
1502    3.0995681826458586e-10
1503    3.0968304104354723e-10
1504    3.094096936317646e-10
1505    3.0913677902953507e-10
1506    3.088643001874923e-10
1507    3.0859226014394964e-10
1508    3.083206622846674e-10
1509    3.0804951008510766e-10
1510    3.0777880699541684e-10
1511    3.0750855645821983e-10
1512    3.072387619299986e-10
1513    3.0696942683880146e-10
1514    3.06700554615793e-10
1515    3.064321487005424e-10
1516    3.0616421096229963e-10
1517    3.0589674089139346e-10
1518    3.056297372228962e-10
1519    3.053631976984373e-10
1520    3.0509711920265104e-10
1521    3.048314979776876e-10
1522    3.0456633026540855e-10
1523    3.0430161232714166e-10
1524    3.0403734044482393e-10
1525    3.0377351067870676e-10
1526    3.0351011856431993e-10
1527    3.03247159568512e-10
1528    3.0298462908902446e-10
1529    3.027225225216423e-10
1530    3.0246083650256645e-10
1531    3.0219957016544124e-10
1532    3.0193872298484875e-10
1533    3.016782943910489e-10
1534    3.014182837193119e-10
1535    3.011586903306243e-10
1536    3.0089951425690594e-10
1537    3.006407562717925e-10
1538    3.0038241747143664e-10
1539    3.0012449964253414e-10
1540    2.998670046728355e-10
1541    2.9960993441958834e-10
1542    2.9935329077019803e-10
1543    2.9909707596781923e-10
1544    2.9884129095219374e-10
1545    2.9858593416007304e-10
1546    2.9833100376704255e-10
1547    2.980764982296975e-10
1548    2.978224161771792e-10
1549    2.975687564111467e-10
1550    2.97315519164745e-10
1551    2.970627053889616e-10
1552    2.968103160266458e-10
1553    2.96558352007428e-10
1554    2.963068142476568e-10
1555    2.9605570362819835e-10
1556    2.9580502099537e-10
1557    2.9555476696180033e-10
1558    2.95304941709367e-10
1559    2.9505554562113935e-10
1560    2.948065790376743e-10
1561    2.945580422924596e-10
1562    2.943099357078188e-10
1563    2.940622595951496e-10
1564    2.9381501425962284e-10
1565    2.935681998629596e-10
1566    2.9332181591323143e-10
1567    2.9307585980520506e-10
1568    2.928303273441157e-10
1569    2.9258521343838666e-10
1570    2.9234051294376234e-10
1571    2.9209622078062696e-10
1572    2.9185233207799166e-10
1573    2.916088421783701e-10
1574    2.913657464375249e-10
1575    2.9112304013134534e-10
1576    2.9088071853785346e-10
1577    2.906387769846362e-10
1578    2.903972116461738e-10
1579    2.901560217118997e-10
1580    2.899152078643817e-10
1581    2.8967477083681886e-10
1582    2.8943471136801957e-10
1583    2.891950305033631e-10
1584    2.8895573053776734e-10
1585    2.887168144324139e-10
1586    2.884782844235225e-10
1587    2.8824014210036014e-10
1588    2.880023892150696e-10
1589    2.8776502792158424e-10
1590    2.8752806159647273e-10
1591    2.872914942486044e-10
1592    2.8705532986142917e-10
1593    2.868195723866443e-10
1594    2.8658422574130775e-10
1595    2.863492938046547e-10
1596    2.8611478042171426e-10
1597    2.8588068939977435e-10
1598    2.856470227786646e-10
1599    2.854137784090581e-10
1600    2.8518095270295227e-10
1601    2.8494853856695565e-10
1602    2.8471652788830186e-10
1603    2.8448491259785536e-10
1604    2.8425368460128085e-10
1605    2.8402283577212893e-10
1606    2.8379235803241787e-10
1607    2.8356224335497544e-10
1608    2.8333248370502476e-10
1609    2.831030710421237e-10
1610    2.8287399739264824e-10
1611    2.8264525507289654e-10
1612    2.824168371314845e-10
1613    2.8218873677186475e-10
1614    2.819609474094826e-10
1615    2.8173346260205117e-10
1616    2.815062759514559e-10
1617    2.812793810816593e-10
1618    2.8105277269100347e-10
1619    2.8082644876749986e-10
1620    2.806004078438464e-10
1621    2.8037464849417065e-10
1622    2.8014917022179957e-10
1623    2.7992397346215774e-10
1624    2.796990586863349e-10
1625    2.794744263593913e-10
1626    2.792500769410387e-10
1627    2.790260109296317e-10
1628    2.788022291624335e-10
1629    2.7857873263163274e-10
1630    2.783555223217467e-10
1631    2.7813259920343484e-10
1632    2.7790996417220497e-10
1633    2.776876177084923e-10
1634    2.774655602488402e-10
1635    2.7724379359001907e-10
1636    2.770223207819212e-10
1637    2.768011450085245e-10
1638    2.76580269036884e-10
1639    2.7635969433091547e-10
1640    2.761394221538575e-10
1641    2.7591945374578705e-10
1642    2.756997901422675e-10
1643    2.7548043218564405e-10
1644    2.7526138026534345e-10
1645    2.75042634653713e-10
1646    2.74824195618721e-10
1647    2.7460606342189195e-10
1648    2.7438823831862687e-10
1649    2.741707205594492e-10
1650    2.739535103859844e-10
1651    2.737366079810181e-10
1652    2.7352001208673804e-10
1653    2.733037198713905e-10
1654    2.7308772821300363e-10
1655    2.7287203344394586e-10
1656    2.726566313937502e-10
1657    2.7244151816648876e-10
1658    2.7222668985633536e-10
1659    2.7201214233831184e-10
1660    2.7179787147445875e-10
1661    2.715838731517078e-10
1662    2.713701432623568e-10
1663    2.71156677639585e-10
1664    2.7094347222667653e-10
1665    2.7073052400573585e-10
1666    2.7051783080047257e-10
1667    2.703053904804901e-10
1668    2.700932009575796e-10
1669    2.698812613538409e-10
1670    2.69669572614584e-10
1671    2.6945813587583593e-10
1672    2.692469522657455e-10
1673    2.6903602290886907e-10
1674    2.688253489220408e-10
1675    2.6861493131960527e-10
1676    2.684047703497237e-10
1677    2.681948658918043e-10
1678    2.6798521819993714e-10
1679    2.677758283353716e-10
1680    2.6756669732230647e-10
1681    2.6735782616529356e-10
1682    2.6714921585684e-10
1683    2.669408674949969e-10
1684    2.667327823660168e-10
1685    2.6652496172543454e-10
1686    2.663174066678273e-10
1687    2.6611011850747536e-10
1688    2.659030986758482e-10
1689    2.6569634858996187e-10
1690    2.654898696554855e-10
1691    2.6528366326053603e-10
1692    2.6507773072845676e-10
1693    2.6487207332705143e-10
1694    2.646666922586868e-10
1695    2.644615887057249e-10
1696    2.642567638359622e-10
1697    2.6405221835196365e-10
1698    2.6384795146498054e-10
1699    2.6364396102670954e-10
1700    2.6344024470411473e-10
1701    2.632368002123993e-10
1702    2.630336256081935e-10
1703    2.628307192577404e-10
1704    2.6262807973385327e-10
1705    2.624257056265917e-10
1706    2.6222359552661036e-10
1707    2.6202174798919887e-10
1708    2.618201607589069e-10
1709    2.616188309524713e-10
1710    2.61417755738411e-10
1711    2.612169326598663e-10
1712    2.610163599695595e-10
1713    2.6081603601453733e-10
1714    2.6061595915817185e-10
1715    2.6041612777362083e-10
1716    2.6021654023996194e-10
1717    2.6001719494380343e-10
1718    2.5981809106469525e-10
1719    2.5961923083884873e-10
1720    2.59420617444159e-10
1721    2.592222540238346e-10
1722    2.590241437058503e-10
1723    2.588262895957792e-10
1724    2.586286946702447e-10
1725    2.584313610799409e-10
1726    2.582342901936279e-10
1727    2.580374833074726e-10
1728    2.578409417053711e-10
1729    2.576446665164808e-10
1730    2.5744865835954606e-10
1731    2.5725291773722236e-10
1732    2.5705744514750257e-10
1733    2.5686224107802105e-10
1734    2.5666730587378965e-10
1735    2.564726397581807e-10
1736    2.5627824294477667e-10
1737    2.5608411555519255e-10
1738    2.558902571977817e-10
1739    2.5569666665730716e-10
1740    2.5550334280439564e-10
1741    2.5531028453643273e-10
1742    2.551174907573372e-10
1743    2.549249603780198e-10
1744    2.54732692317233e-10
1745    2.545406854988485e-10
1746    2.5434893884206754e-10
1747    2.541574513427233e-10
1748    2.539662221917204e-10
1749    2.537752506083e-10
1750    2.535845358530302e-10
1751    2.533940772570208e-10
1752    2.5320387417896654e-10
1753    2.530139264253164e-10
1754    2.528242341346054e-10
1755    2.5263479715268015e-10
1756    2.5244561527007297e-10
1757    2.522566882792724e-10
1758    2.520680161517442e-10
1759    2.51879599420814e-10
1760    2.516914388017677e-10
1761    2.515035350081837e-10
1762    2.513158887462289e-10
1763    2.511285007153384e-10
1764    2.509413716082597e-10
1765    2.507545021088664e-10
1766    2.5056789285745097e-10
1767    2.503815440216576e-10
1768    2.501954553761732e-10
1769    2.5000962665882504e-10
1770    2.4982405740924175e-10
1771    2.4963874726908667e-10
1772    2.4945369657756575e-10
1773    2.492689057856983e-10
1774    2.4908437530216094e-10
1775    2.4890010551172085e-10
1776    2.4871609679675176e-10
1777    2.4853234953650697e-10
1778    2.483488640176467e-10
1779    2.4816564029046494e-10
1780    2.47982678429994e-10
1781    2.4779997824824356e-10
1782    2.4761753936106235e-10
1783    2.4743536138097424e-10
1784    2.4725344389261634e-10
1785    2.4707178641506826e-10
1786    2.4689038845882996e-10
1787    2.467092495344578e-10
1788    2.465283689597659e-10
1789    2.463477454373818e-10
1790    2.461673775530021e-10
1791    2.459872638978693e-10
1792    2.4580740307861006e-10
1793    2.456277937743591e-10
1794    2.4544843475699757e-10
1795    2.4526932533414376e-10
1796    2.450904651070803e-10
1797    2.449118536798714e-10
1798    2.4473349059969e-10
1799    2.445553752323004e-10
1800    2.4437750690119517e-10
1801    2.441998849219149e-10
1802    2.44022508590832e-10
1803    2.438453772035799e-10
1804    2.436684900610362e-10
1805    2.4349184646369553e-10
1806    2.433154456979627e-10
1807    2.431392870492037e-10
1808    2.4296336978393337e-10
1809    2.4278769304148836e-10
1810    2.426122559937704e-10
1811    2.424370578388052e-10
1812    2.422620977800364e-10
1813    2.420873750245474e-10
1814    2.4191288878330815e-10
1815    2.4173863815270337e-10
1816    2.4156462188830274e-10
1817    2.413908386963962e-10
1818    2.412172874596928e-10
1819    2.4104396755261057e-10
1820    2.4087087844291864e-10
1821    2.4069801960012293e-10
1822    2.405253905067611e-10
1823    2.4035299069078487e-10
1824    2.4018081969162864e-10
1825    2.400088770495655e-10
1826    2.398371623054317e-10
1827    2.396656750012988e-10
1828    2.394944146344743e-10
1829    2.39323380546088e-10
1830    2.3915257204739017e-10
1831    2.389819884538094e-10
1832    2.388116290766416e-10
1833    2.3864149321241803e-10
1834    2.3847158018322284e-10
1835    2.383018894964778e-10
1836    2.3813242076007213e-10
1837    2.3796317371749286e-10
1838    2.3779414800836047e-10
1839    2.376253427455897e-10
1840    2.374567573304136e-10
1841    2.372883912942449e-10
1842    2.3712024417249923e-10
1843    2.369523155058118e-10
1844    2.3678460483684454e-10
1845    2.366171117098903e-10
1846    2.3644983567085897e-10
1847    2.3628277627449703e-10
1848    2.361159331159415e-10
1849    2.35949305803968e-10
1850    2.357828937298184e-10
1851    2.3561669554365843e-10
1852    2.3545070973670263e-10
1853    2.3528493480726676e-10
1854    2.351193692579697e-10
1855    2.349540116024273e-10
1856    2.3478886029383364e-10
1857    2.3462391320766787e-10
1858    2.344591681370072e-10
1859    2.342946232608458e-10
1860    2.3413027678518334e-10
1861    2.339661270159889e-10
1862    2.33802172357728e-10
1863    2.336384112247788e-10
1864    2.3347484228776147e-10
1865    2.333114649261851e-10
1866    2.3314827863812437e-10
1867    2.32985282909022e-10
1868    2.3282247721083387e-10
1869    2.3265986101617497e-10
1870    2.324974337995966e-10
1871    2.3233519503757803e-10
1872    2.3217314420821815e-10
1873    2.32011280900212e-10
1874    2.3184960543263878e-10
1875    2.3168811841904175e-10
1876    2.3152682047008049e-10
1877    2.3136571219361486e-10
1878    2.3120479436241603e-10
1879    2.3104406811804256e-10
1880    2.3088353464736242e-10
1881    2.307231951314526e-10
1882    2.3056305074301366e-10
1883    2.3040310255478217e-10
1884    2.302433513249551e-10
1885    2.300837978164235e-10
1886    2.299244428795195e-10
1887    2.2976528736276776e-10
1888    2.2960633210820468e-10
1889    2.2944757794552827e-10
1890    2.2928902559571598e-10
1891    2.291306750020468e-10
1892    2.2897252523866432e-10
1893    2.2881457445330374e-10
1894    2.2865682070452334e-10
1895    2.284992620607449e-10
1896    2.2834189659390962e-10
1897    2.2818472236705388e-10
1898    2.2802773740119435e-10
1899    2.2787093956457622e-10
1900    2.2771432670057068e-10
1901    2.2755789666263008e-10
1902    2.2740164731442038e-10
1903    2.272455765307623e-10
1904    2.270896821980454e-10
1905    2.2693396221652384e-10
1906    2.2677841474002899e-10
1907    2.2662303846460256e-10
1908    2.2646783266333636e-10
1909    2.263127968834719e-10
1910    2.2615793061081873e-10
1911    2.2600323326783544e-10
1912    2.2584870428094218e-10
1913    2.2569434307907188e-10
1914    2.2554014909403224e-10
1915    2.253861217597504e-10
1916    2.2523226051358162e-10
1917    2.250785647966998e-10
1918    2.249250342180341e-10
1919    2.2477166895922138e-10
1920    2.2461846970826248e-10
1921    2.244654376159704e-10
1922    2.2431257385326656e-10
1923    2.2415987958355198e-10
1924    2.2400735596389014e-10
1925    2.2385500420829982e-10
1926    2.2370282555597307e-10
1927    2.2355082123500092e-10
1928    2.2339899245468201e-10
1929    2.23247340124415e-10
1930    2.2309586483167564e-10
1931    2.2294456716427134e-10
1932    2.2279344771064577e-10
1933    2.2264250704521765e-10
1934    2.2249174553893326e-10
1935    2.2234116339658966e-10
1936    2.2219076089093942e-10
1937    2.220405383009231e-10
1938    2.2189049568369595e-10
1939    2.2174063241974632e-10
1940    2.2159094776018996e-10
1941    2.214414409595828e-10
1942    2.2129211103756623e-10
1943    2.2114295685149295e-10
1944    2.2099397726107595e-10
1945    2.2084517113179037e-10
1946    2.206965373346706e-10
1947    2.20548074739152e-10
1948    2.2039978211575612e-10
1949    2.202516581583049e-10
1950    2.2010370156508216e-10
1951    2.199559111006849e-10
1952    2.1980828607847216e-10
1953    2.196608261026367e-10
1954    2.1951353077399162e-10
1955    2.193663996349586e-10
1956    2.1921943218791633e-10
1957    2.1907262793810716e-10
1958    2.189259865457754e-10
1959    2.187795081760374e-10
1960    2.1863319306456907e-10
1961    2.1848704136251684e-10
1962    2.1834105323060022e-10
1963    2.1819522886998387e-10
1964    2.1804956849129133e-10
1965    2.179040723266747e-10
1966    2.1775874064452893e-10
1967    2.1761357371455834e-10
1968    2.1746857180356162e-10
1969    2.173237351755275e-10
1970    2.1717906409158523e-10
1971    2.1703455880566206e-10
1972    2.1689021956161225e-10
1973    2.167460465988436e-10
1974    2.1660204014666646e-10
1975    2.1645820039629904e-10
1976    2.1631452745027417e-10
1977    2.1617102138307784e-10
1978    2.1602768221733852e-10
1979    2.1588450980249743e-10
1980    2.157415039497425e-10
1981    2.155986644700585e-10
1982    2.1545599117411396e-10
1983    2.153134838720248e-10
1984    2.1517114238218067e-10
1985    2.150289665362485e-10
1986    2.1488695618007548e-10
1987    2.1474511116422804e-10
1988    2.146034313386171e-10
1989    2.1446191659068192e-10
1990    2.1432056707062705e-10
1991    2.1417938303849685e-10
1992    2.140383647772379e-10
1993    2.1389751273352864e-10
1994    2.1375682745576414e-10
1995    2.136163094904166e-10
1996    2.1347595937506054e-10
1997    2.133357772782204e-10
1998    2.131957627373359e-10
1999    2.1305591530234083e-10
2000    2.1291623455311901e-10
2001    2.1277672007295227e-10
2002    2.1263737144053925e-10
2003    2.124981882425337e-10
2004    2.1235917014113193e-10
2005    2.122203168250106e-10
2006    2.1208162798405078e-10
2007    2.119431033093165e-10
2008    2.118047424930331e-10
2009    2.1166654522672384e-10
2010    2.1152851115269024e-10
2011    2.113906397541803e-10
2012    2.1125293043413827e-10
2013    2.1111538258544644e-10
2014    2.1097799557419674e-10
2015    2.108407687636348e-10
2016    2.107037015200879e-10
2017    2.1056679314812952e-10
2018    2.10430042675659e-10
2019    2.1029344908273636e-10
2020    2.1015701206458725e-10
2021    2.1002073193853583e-10
2022    2.098846090407585e-10
2023    2.0974864370410405e-10
2024    2.0961283625820305e-10
2025    2.0947718702904275e-10
2026    2.0934169633580278e-10
2027    2.0920636436715e-10
2028    2.0907119114586253e-10
2029    2.0893617668260567e-10
2030    2.0880132098640606e-10
2031    2.086666239885667e-10
2032    2.0853208536458e-10
2033    2.0839770474328748e-10
2034    2.082634817563953e-10
2035    2.0812941603601178e-10
2036    2.0799550723874845e-10
2037    2.0786175504940877e-10
2038    2.0772815914074857e-10
2039    2.0759471913399048e-10
2040    2.074614346384387e-10
2041    2.0732830526188028e-10
2042    2.0719533049962776e-10
2043    2.0706250908918287e-10
2044    2.0692983954287925e-10
2045    2.0679732066734096e-10
2046    2.0666495172039662e-10
2047    2.065327320612304e-10
2048    2.0640066109654236e-10
2049    2.0626873824010916e-10
2050    2.0613696290835502e-10
2051    2.060053345195129e-10
2052    2.0587385249400297e-10
2053    2.0574251625485614e-10
2054    2.0561132522771146e-10
2055    2.054802788436141e-10
2056    2.0534937654232719e-10
2057    2.0521861776684886e-10
2058    2.0508800193806584e-10
2059    2.049575285523e-10
2060    2.04827197448436e-10
2061    2.0469700863802134e-10
2062    2.0456696234930368e-10
2063    2.0443705882744034e-10
2064    2.0430729828634723e-10
2065    2.0417768111328635e-10
2066    2.0404820825502623e-10
2067    2.039188807554315e-10
2068    2.0378969965195014e-10
2069    2.0366066597545916e-10
2070    2.0353178075072874e-10
2071    2.0340304499575794e-10
2072    2.0327445970806586e-10
2073    2.0314602541029176e-10
2074    2.0301774181232778e-10
2075    2.028896084922903e-10
2076    2.027616250146006e-10
2077    2.0263379094448685e-10
2078    2.0250610578588298e-10
2079    2.023785690400095e-10
2080    2.0225118023901049e-10
2081    2.0212393891622328e-10
2082    2.019968446061788e-10
2083    2.018698968446593e-10
2084    2.0174309516869884e-10
2085    2.016164391165579e-10
2086    2.0148992820058228e-10
2087    2.013635619858635e-10
2088    2.0123734000128956e-10
2089    2.011112614851959e-10
2090    2.0098532566402953e-10
2091    2.0085953176975896e-10
2092    2.0073387903308948e-10
2093    2.006083666859673e-10
2094    2.004829939649439e-10
2095    2.003577602055373e-10
2096    2.002326649501544e-10
2097    2.0010770777070935e-10
2098    1.9998288818975867e-10
2099    1.9985820553076226e-10
2100    1.9973365908641033e-10
2101    1.9960924840518222e-10
2102    1.9948497334516196e-10
2103    1.9936083379911161e-10
2104    1.992368296604082e-10
2105    1.991129608226623e-10
2106    1.9898922717964665e-10
2107    1.9886562862526538e-10
2108    1.987421650535544e-10
2109    1.986188363586801e-10
2110    1.9849564244212446e-10
2111    1.9837258332070501e-10
2112    1.9824965911372863e-10
2113    1.9812686975515496e-10
2114    1.9800421513860559e-10
2115    1.978816950902432e-10
2116    1.9775930937494149e-10
2117    1.9763705775583867e-10
2118    1.9751493999444272e-10
2119    1.9739295584216177e-10
2120    1.9727110504829377e-10
2121    1.9714938736281613e-10
2122    1.9702780253640246e-10
2123    1.969063503202334e-10
2124    1.9678503046310458e-10
2125    1.9666384270838696e-10
2126    1.9654278678667228e-10
2127    1.9642186242583623e-10
2128    1.9630106934597537e-10
2129    1.9618040716223834e-10
2130    1.960598754833604e-10
2131    1.9593947396791503e-10
2132    1.958192022823875e-10
2133    1.9569906008757868e-10
2134    1.9557904701365022e-10
2135    1.9545916268600617e-10
2136    1.9533940671570122e-10
2137    1.9521977857538e-10
2138    1.9510027767271404e-10
2139    1.9498090343517873e-10
2140    1.9486165529733262e-10
2141    1.9474253269632956e-10
2142    1.9462353506136967e-10
2143    1.9450466170963594e-10
2144    1.9438591189155117e-10
2145    1.9426728485984957e-10
2146    1.941487799275493e-10
2147    1.9403039660289074e-10
2148    1.9391213443668073e-10
2149    1.9379399298137924e-10
2150    1.936759717904073e-10
2151    1.9355807041820604e-10
2152    1.9344028842089105e-10
2153    1.9332262535632983e-10
2154    1.9320508078384728e-10
2155    1.9308765426448547e-10
2156    1.929703453714478e-10
2157    1.928531539100635e-10
2158    1.9273607985211048e-10
2159    1.9261912331392716e-10
2160    1.925022844414613e-10
2161    1.9238556338862757e-10
2162    1.9226896048515835e-10
2163    1.9215247615589936e-10
2164    1.9203611064322992e-10
2165    1.9191986414283028e-10
2166    1.9180373684783687e-10
2167    1.9168772894816722e-10
2168    1.9157184063453714e-10
2169    1.914560720966868e-10
2170    1.9134042349299163e-10
2171    1.9122489478744628e-10
2172    1.9110948586743311e-10
2173    1.9099419662001894e-10
2174    1.908790269321406e-10
2175    1.907639766906075e-10
2176    1.9064904578210195e-10
2177    1.9053423409339972e-10
2178    1.904195414717662e-10
2179    1.9030496770053082e-10
2180    1.9019051262906773e-10
2181    1.9007617600558998e-10
2182    1.8996195754828855e-10
2183    1.8984785697318626e-10
2184    1.8973387398801072e-10
2185    1.8962000844808538e-10
2186    1.8950626026340322e-10
2187    1.893926292654867e-10
2188    1.892791151860016e-10
2189    1.8916571777134122e-10
2190    1.8905243678005535e-10
2191    1.8893927197171297e-10
2192    1.8882622310626886e-10
2193    1.8871328994283291e-10
2194    1.8860047224072746e-10
2195    1.8848776975951192e-10
2196    1.8837518225877665e-10
2197    1.8826270953183e-10
2198    1.881503515874189e-10
2199    1.8803810866521043e-10
2200    1.8792598105002816e-10
2201    1.8781396899973394e-10
2202    1.8770207256170135e-10
2203    1.8759029167356644e-10
2204    1.8747862627288433e-10
2205    1.8736707629868402e-10
2206    1.872556416901855e-10
2207    1.8714432238648289e-10
2208    1.870331183265427e-10
2209    1.869220294492094e-10
2210    1.868110556932725e-10
2211    1.867001970042502e-10
2212    1.8658945326580732e-10
2213    1.8647882410078061e-10
2214    1.8636830907323185e-10
2215    1.8625790771458298e-10
2216    1.8614761954501483e-10
2217    1.8603744408597962e-10
2218    1.859273807934306e-10
2219    1.858174288592596e-10
2220    1.8570758740497546e-10
2221    1.8559785554994815e-10
2222    1.8548823241446659e-10
2223    1.8537871712264562e-10
2224    1.8526930885023813e-10
2225    1.8516000695892758e-10
2226    1.85050811016933e-10
2227    1.8494172099515116e-10
2228    1.8483273692522855e-10
2229    1.8472385883819693e-10
2230    1.8461508676452672e-10
2231    1.8450642073277159e-10
2232    1.8439786076134364e-10
2233    1.8428940685895086e-10
2234    1.841810590264789e-10
2235    1.84072817265196e-10
2236    1.8396468157611365e-10
2237    1.8385665194850083e-10
2238    1.837487283783698e-10
2239    1.836409110635894e-10
2240    1.835332001923251e-10
2241    1.8342559581116325e-10
2242    1.833180979487743e-10
2243    1.8321070663308083e-10
2244    1.8310342189135375e-10
2245    1.82996243750215e-10
2246    1.8288917223539432e-10
2247    1.827822073523548e-10
2248    1.8267534907684594e-10
2249    1.8256859742434984e-10
2250    1.824619524376111e-10
2251    1.823554141594178e-10
2252    1.8224898263199353e-10
2253    1.8214265789990972e-10
2254    1.820364400099491e-10
2255    1.819303290082808e-10
2256    1.81824324940328e-10
2257    1.8171842785077113e-10
2258    1.8161263778912976e-10
2259    1.8150695483043967e-10
2260    1.814013790566005e-10
2261    1.8129591054819106e-10
2262    1.8119054938052632e-10
2263    1.8108529561154302e-10
2264    1.8098014929404302e-10
2265    1.8087511045925523e-10
2266    1.807701789139294e-10
2267    1.8066535433104642e-10
2268    1.8056063638271742e-10
2269    1.8045602474331238e-10
2270    1.8035151910852225e-10
2271    1.8024711919221968e-10
2272    1.801428247099215e-10
2273    1.800386353780619e-10
2274    1.799345509136046e-10
2275    1.7983057103318704e-10
2276    1.7972669544998992e-10
2277    1.7962292386331332e-10
2278    1.7951925595022679e-10
2279    1.794156912936163e-10
2280    1.7931222944742873e-10
2281    1.7920886996578055e-10
2282    1.7910561242078754e-10
2283    1.7900245657866373e-10
2284    1.788994023297848e-10
2285    1.7879644956583952e-10
2286    1.7869359817714272e-10
2287    1.7859084805969527e-10
2288    1.7848819916586517e-10
2289    1.7838565148100151e-10
2290    1.7828320499049777e-10
2291    1.7818085967936058e-10
2292    1.7807861553087017e-10
2293    1.7797647254089867e-10
2294    1.7787443075039314e-10
2295    1.7777249020534655e-10
2296    1.7767065094601634e-10
2297    1.7756891300991254e-10
2298    1.7746727643069122e-10
2299    1.7736574123395774e-10
2300    1.7726430754789332e-10
2301    1.7716297557922315e-10
2302    1.770617455356095e-10
2303    1.7696061762327588e-10
2304    1.7685959204761122e-10
2305    1.7675866901337832e-10
2306    1.7665784872222818e-10
2307    1.765571313736184e-10
2308    1.7645651716594355e-10
2309    1.763560062961799e-10
2310    1.7625559895964382e-10
2311    1.761552953580784e-10
2312    1.7605509569181075e-10
2313    1.7595500008066036e-10
2314    1.7585500856908882e-10
2315    1.7575512119080473e-10
2316    1.756553379439151e-10
2317    1.7555565858674092e-10
2318    1.7545608269218844e-10
2319    1.7535660985451265e-10
2320    1.7525723966775058e-10
2321    1.7515797167122296e-10
2322    1.7505880538486668e-10
2323    1.7495974033035023e-10
2324    1.7486077603103958e-10
2325    1.7476191201181327e-10
2326    1.7466314779934832e-10
2327    1.7456448292220576e-10
2328    1.7446591691082275e-10
2329    1.743674492975026e-10
2330    1.7426907961636673e-10
2331    1.7417080740334824e-10
2332    1.7407263219620318e-10
2333    1.7397455353647507e-10
2334    1.7387657099789546e-10
2335    1.737786841640376e-10
2336    1.7368089260418385e-10
2337    1.735831958888091e-10
2338    1.7348559360335205e-10
2339    1.7338808538442548e-10
2340    1.7329067088341914e-10
2341    1.7319334975108562e-10
2342    1.73096121629532e-10
2343    1.7299898616012233e-10
2344    1.729019429856848e-10
2345    1.7280499174727701e-10
2346    1.727081320852809e-10
2347    1.7261136364450484e-10
2348    1.7251468613810766e-10
2349    1.7241809934541378e-10
2350    1.7232160306386096e-10
2351    1.7222519722730463e-10
2352    1.721288819097867e-10
2353    1.7203265719149417e-10
2354    1.719365231518822e-10
2355    1.7184047986963803e-10
2356    1.7174452742269945e-10
2357    1.716486658885194e-10
2358    1.7155289533973563e-10
2359    1.7145721582646629e-10
2360    1.7136162739654114e-10
2361    1.71266130164564e-10
2362    1.7117072428876445e-10
2363    1.7107540991958056e-10
2364    1.7098018719086797e-10
2365    1.708850562361469e-10
2366    1.7079001718800093e-10
2367    1.706950701756325e-10
2368    1.7060021527541672e-10
2369    1.7050545250037047e-10
2370    1.704107818591274e-10
2371    1.7031620335985774e-10
2372    1.7022171701195947e-10
2373    1.7012732283016056e-10
2374    1.700330208298844e-10
2375    1.6993881100717716e-10
2376    1.698446933128429e-10
2377    1.6975066769182991e-10
2378    1.696567340757914e-10
2379    1.695628923252568e-10
2380    1.6946914227721117e-10
2381    1.6937548376770364e-10
2382    1.692819166315051e-10
2383    1.6918844068909423e-10
2384    1.6909505569046636e-10
2385    1.6900176133947108e-10
2386    1.68908557306199e-10
2387    1.6881544325939366e-10
2388    1.6872241889804828e-10
2389    1.6862948403987629e-10
2390    1.685366385328474e-10
2391    1.6844388222523616e-10
2392    1.6835121496562227e-10
2393    1.68258636606616e-10
2394    1.6816614701257778e-10
2395    1.6807374605026045e-10
2396    1.6798143358648622e-10
2397    1.6788920948875443e-10
2398    1.677970736336101e-10
2399    1.677050259449295e-10
2400    1.6761306636405284e-10
2401    1.675211948347995e-10
2402    1.6742941130526792e-10
2403    1.67337715742369e-10
2404    1.6724610811472702e-10
2405    1.671545883890476e-10
2406    1.6706315652776982e-10
2407    1.6697181248507645e-10
2408    1.6688055621385383e-10
2409    1.667893876667343e-10
2410    1.666983067960417e-10
2411    1.6660731355385602e-10
2412    1.66516407892015e-10
2413    1.6642558972313757e-10
2414    1.66334858693932e-10
2415    1.6624421434221186e-10
2416    1.6615365620695698e-10
2417    1.660631838286401e-10
2418    1.659727967600465e-10
2419    1.658824945993463e-10
2420    1.657922769363785e-10
2421    1.6570214335930452e-10
2422    1.6561209345553056e-10
2423    1.655221267999042e-10
2424    1.6543224296351112e-10
2425    1.6534244151913346e-10
2426    1.6525272204109447e-10
2427    1.651630841054225e-10
2428    1.6507352729031548e-10
2429    1.6498405118153807e-10
2430    1.648946553616941e-10
2431    1.6480533940362888e-10
2432    1.6471610288101664e-10
2433    1.6462694536947645e-10
2434    1.645378664503026e-10
2435    1.6444886570677765e-10
2436    1.6435994276321783e-10
2437    1.6427109732637055e-10
2438    1.6418232912287185e-10
2439    1.6409363807943903e-10
2440    1.64005024283162e-10
2441    1.6391648782389335e-10
2442    1.6382802879069312e-10
2443    1.6373964727183738e-10
2444    1.6365134335502122e-10
2445    1.6356311712757652e-10
2446    1.6347496867479914e-10
2447    1.6338689807621484e-10
2448    1.6329890540945104e-10
2449    1.632109907514332e-10
2450    1.6312315417848138e-10
2451    1.6303539577294936e-10
2452    1.6294771568045965e-10
2453    1.6286011409167247e-10
2454    1.6277259121876216e-10
2455    1.6268514727480732e-10
2456    1.6259778247117103e-10
2457    1.6251049701522073e-10
2458    1.6242329111581977e-10
2459    1.6233616503604807e-10
2460    1.6224911905780325e-10
2461    1.621621534613273e-10
2462    1.6207526852520042e-10
2463    1.6198846452083132e-10
2464    1.619017415706969e-10
2465    1.6181509962892443e-10
2466    1.6172853863213048e-10
2467    1.6164205851732468e-10
2468    1.61555659223437e-10
2469    1.6146934068957536e-10
2470    1.613831028217025e-10
2471    1.6129694543698912e-10
2472    1.6121086833840723e-10
2473    1.6112487132955885e-10
2474    1.6103895419707082e-10
2475    1.6095311666283677e-10
2476    1.6086735843453927e-10
2477    1.6078167922086478e-10
2478    1.6069607872014003e-10
2479    1.606105565648576e-10
2480    1.605251123643561e-10
2481    1.6057941523665493e-10
2482    1.604942679912329e-10
2483    1.6040920052409607e-10
2484    1.6032421250055762e-10
2485    1.6023930358440315e-10
2486    1.6015447344068918e-10
2487    1.6006972173495864e-10
2488    1.59985048133557e-10
2489    1.5990045230400636e-10
2490    1.5981593391489474e-10
2491    1.5973149263364585e-10
2492    1.596471280849687e-10
2493    1.5956283982689472e-10
2494    1.5947862741309389e-10
2495    1.5939449042227219e-10
2496    1.5931042850772566e-10
2497    1.5922644133851287e-10
2498    1.591425285849258e-10
2499    1.5905868991846848e-10
