10    1.772786853437657e-08
11    1.8016274742346595e-08
12    1.826629264715334e-08
13    1.832888006396851e-08
14    1.8700932667455085e-08
15    1.8752348468599934e-08
16    1.8759319925338677e-08
17    1.873906737107905e-08
18    1.8803488245995573e-08
19    1.8769246284891607e-08
20    1.8716323436003517e-08
21    1.865091690230347e-08
22    1.8576297856717994e-08
23    1.8462071848315623e-08
24    1.836277513239904e-08
25    1.831086895722836e-08
26    1.8209861709267897e-08
27    1.809801663766712e-08
28    1.7939780292167835e-08
29    1.794493745626226e-08
30    1.7765175401780235e-08
31    1.757855819915992e-08
32    1.7388607533775475e-08
33    1.7198342700011992e-08
34    1.7010357702509105e-08
35    1.682706767517347e-08
36    1.6650188109955918e-08
37    1.6480717939849924e-08
38    1.6318997198425072e-08
39    1.616450969999472e-08
40    1.6016442911628938e-08
41    1.5990678371976793e-08
42    1.5830863832196557e-08
43    1.567403927754266e-08
44    1.5519899179773797e-08
45    1.532189987925548e-08
46    1.516392382606134e-08
47    1.5069194460425686e-08
48    1.4935502998227374e-08
49    1.4800136740101618e-08
50    1.4663126793015038e-08
51    1.4524904540243805e-08
52    1.438607603935541e-08
53    1.4214488355984908e-08
54    1.4076927419250681e-08
55    1.3940579449338622e-08
56    1.3782882915669616e-08
57    1.3660258810181612e-08
58    1.3538274823125773e-08
59    1.341636620136511e-08
60    1.3294035372492236e-08
61    1.3170911352164495e-08
62    1.304685066804678e-08
63    1.2921732197988018e-08
64    1.2795637297066916e-08
65    1.2668719312063398e-08
66    1.2541157301397871e-08
67    1.2413241555380304e-08
68    1.2285172345835735e-08
69    1.2157231087854884e-08
70    1.2029619659313284e-08
71    1.190255386035052e-08
72    1.1776285610567355e-08
73    1.1651091198554732e-08
74    1.1527301189091001e-08
75    1.1405193167765123e-08
76    1.128507449763054e-08
77    1.1167197074417681e-08
78    1.1051782588939714e-08
79    1.0938949921898422e-08
80    1.0828756792916023e-08
81    1.0721203360329214e-08
82    1.0616210404633301e-08
83    1.0513693188439802e-08
84    1.0413538876766168e-08
85    1.0315652857228181e-08
86    1.0219880254446548e-08
87    1.0126142807138008e-08
88    1.0034330915538995e-08
89    9.87836389622943e-09
90    9.784266574263646e-09
91    9.69248149820253e-09
92    9.60293859266354e-09
93    9.51556953131277e-09
94    9.430303141891956e-09
95    9.347103614265801e-09
96    9.357111827157352e-09
97    9.278318455518142e-09
98    9.200619634541202e-09
99    9.123957481160125e-09
100    9.048290456386468e-09
101    8.973606872887572e-09
102    8.899898235287476e-09
103    8.827152742514133e-09
104    8.755339449340932e-09
105    8.684440064235438e-09
106    8.614434898550698e-09
107    8.545308417696704e-09
108    8.477036454881533e-09
109    8.409586745069474e-09
110    8.342915391639636e-09
111    8.276973576233189e-09
112    8.211706166559194e-09
113    8.147070101597867e-09
114    8.083011424529822e-09
115    8.019471808075093e-09
116    7.956386301189406e-09
117    7.893693440275372e-09
118    7.831345003534692e-09
119    7.769305050632258e-09
120    7.707539133065085e-09
121    7.646017750697569e-09
122    7.584713218685306e-09
123    7.523614329084917e-09
124    7.462744167378144e-09
125    7.402125684318918e-09
126    7.341781322720765e-09
127    7.281731938211244e-09
128    7.222006084323288e-09
129    7.162659135302476e-09
130    7.103752887933465e-09
131    7.045346802900339e-09
132    6.987496955798428e-09
133    6.930259359610885e-09
134    6.873691265614101e-09
135    6.8178532639270115e-09
136    6.7627990620744526e-09
137    6.708568742517515e-09
138    6.6552063581314645e-09
139    6.602756110995243e-09
140    6.551255039360379e-09
141    6.500734784071783e-09
142    6.45121781030084e-09
143    6.40272065758211e-09
144    6.355254985379135e-09
145    6.308822046657401e-09
146    6.263410720367501e-09
147    6.218995900547986e-09
148    6.194205177926725e-09
149    6.145032668454168e-09
150    6.096747754631118e-09
151    6.049369663910076e-09
152    6.002916539974784e-09
153    5.95739765771777e-09
154    5.912811722215841e-09
155    5.8691486581336534e-09
156    5.826403923742943e-09
157    5.784578604910161e-09
158    5.743655799150685e-09
159    5.750598817491433e-09
160    5.715697907711165e-09
161    5.6812643734043e-09
162    5.6472711560309826e-09
163    5.613678556005247e-09
164    5.580445800715662e-09
165    5.5475432068167295e-09
166    5.514954065139378e-09
167    5.48266123439658e-09
168    5.450641454905385e-09
169    5.4188685382802436e-09
170    5.387315531966467e-09
171    5.355954901946238e-09
172    5.324762010502851e-09
173    5.293719368071345e-09
174    5.262815374102116e-09
175    5.232036900044859e-09
176    5.20135961943692e-09
177    5.1707629269347214e-09
178    5.140236576118146e-09
179    5.109777392832595e-09
180    5.0793819851416695e-09
181    5.0490408703308074e-09
182    5.018745219106126e-09
183    4.9884921195179646e-09
184    4.958285765351362e-09
185    4.928133459191721e-09
186    4.8980400028138465e-09
187    4.868011569545298e-09
188    4.838056497682581e-09
189    4.808184612078213e-09
190    4.778405824763557e-09
191    4.748733239592646e-09
192    4.719188079694157e-09
193    4.689793217636786e-09
194    4.660565131490288e-09
195    4.631516490008789e-09
196    4.602661372428879e-09
197    4.5740193527952845e-09
198    4.545609763285926e-09
199    4.517447237727046e-09
200    4.489544624557909e-09
201    4.461915160417484e-09
202    4.434573211350883e-09
203    4.4075333252997465e-09
204    4.380805173251011e-09
205    4.379158676527141e-09
206    4.356124077376678e-09
207    4.333293509498651e-09
208    4.310663080319067e-09
209    4.288227094364801e-09
210    4.265980026629971e-09
211    4.243916593290212e-09
212    4.222031856506909e-09
213    4.200320762180689e-09
214    4.131394259402164e-09
215    4.1082380234080815e-09
216    4.08539764188101e-09
217    4.062867299218072e-09
218    4.040637138909936e-09
219    4.018697658354567e-09
220    3.9970456426653885e-09
221    3.975680858440509e-09
222    3.9545994719104e-09
223    3.9337892205133534e-09
224    3.913236707627357e-09
225    3.892935123196552e-09
226    3.8728837509911554e-09
227    3.853080957101338e-09
228    3.8335187582421734e-09
229    3.8141870198494465e-09
230    3.795076751844257e-09
231    3.776180989001875e-09
232    3.757493624201577e-09
233    3.739007746650984e-09
234    3.720716259042524e-09
235    3.7026124209779772e-09
236    3.684690941744475e-09
237    3.6669474417060846e-09
238    3.6493782443367137e-09
239    3.6319803518651415e-09
240    3.614750425236387e-09
241    3.5976821681116e-09
242    3.5807681643185076e-09
243    3.564002380392951e-09
244    3.547381513924188e-09
245    3.530902903264564e-09
246    3.51456370530353e-09
247    3.4983605690279926e-09
248    3.4822901527698615e-09
249    3.4663478988096886e-09
250    3.4505283971299595e-09
251    3.4348262929346346e-09
252    3.4192385735894956e-09
253    3.4037618776665114e-09
254    3.388388987873069e-09
255    3.373112248114664e-09
256    3.3579279894475618e-09
257    3.342836182134992e-09
258    3.3278378518437497e-09
259    3.312932979397451e-09
260    3.2981197962601722e-09
261    3.283394961593683e-09
262    3.26875518604667e-09
263    3.254197101412945e-09
264    3.2397166793576026e-09
265    3.2253096719867566e-09
266    3.210971601874827e-09
267    3.196698052094964e-09
268    3.182485418981157e-09
269    3.1683313075600635e-09
270    3.1542322334407413e-09
271    3.1401838423983e-09
272    3.1261829494397346e-09
273    3.1122273650212563e-09
274    3.098314904682296e-09
275    3.0844422782035366e-09
276    3.0706062056034328e-09
277    3.056804908529463e-09
278    3.043036478188604e-09
279    3.0292997377210975e-09
280    3.0155942267642088e-09
281    3.0019196119462414e-09
282    2.98827584519395e-09
283    2.974663542735798e-09
284    2.9610838314559824e-09
285    2.9475378167602166e-09
286    2.9340259226173956e-09
287    2.9205488211877635e-09
288    2.9071087842020174e-09
289    2.893708615419375e-09
290    2.8803502898190424e-09
291    2.8670343335018603e-09
292    2.8537617740059523e-09
293    2.840535020353771e-09
294    2.827357054615878e-09
295    2.8142316435463007e-09
296    2.8011627211319876e-09
297    2.788154033719003e-09
298    2.775208813043485e-09
299    2.7623304276910258e-09
300    2.7495242600719736e-09
301    2.736796289600108e-09
302    2.713916139449093e-09
303    2.7042437731950044e-09
304    2.6946369910547716e-09
305    2.6850905311722712e-09
306    2.67559942969752e-09
307    2.666158471582321e-09
308    2.6567623141101107e-09
309    2.647406977742681e-09
310    2.6380909643941105e-09
311    2.628813058373978e-09
312    2.619571992294267e-09
313    2.610366078988836e-09
314    2.6011923623094874e-09
315    2.5920459027612926e-09
316    2.5829220144300614e-09
317    2.573816106816495e-09
318    2.5647236283236863e-09
319    2.5556408508820222e-09
320    2.546566356045004e-09
321    2.5374991768737652e-09
322    2.5284383558789305e-09
323    2.5193830588942763e-09
324    2.5103326070686264e-09
325    2.50128546050793e-09
326    2.492239894859451e-09
327    2.4831942359012835e-09
328    2.474146855475481e-09
329    2.4650960962451936e-09
330    2.4560399730477943e-09
331    2.4469764641786854e-09
332    2.4379037701239527e-09
333    2.428821309252677e-09
334    2.419729527530648e-09
335    2.4106299183510267e-09
336    2.4015242786166106e-09
337    2.3924143692810703e-09
338    2.383301916088082e-09
339    2.3741882766595567e-09
340    2.3650725482117364e-09
341    2.3559529848728916e-09
342    2.3468283718027697e-09
343    2.337697964090399e-09
344    2.3285612629199462e-09
345    2.319419334484895e-09
346    2.3102739780123947e-09
347    2.3011270363269094e-09
348    2.2628397027635636e-09
349    2.255023740002543e-09
350    2.247253621456665e-09
351    2.2395259565772154e-09
352    2.2318375101426778e-09
353    2.2241854981701373e-09
354    2.216567541094069e-09
355    2.2089810666404704e-09
356    2.2014230281310016e-09
357    2.1938902839610265e-09
358    2.186380222455959e-09
359    2.1788910475795707e-09
360    2.1714211977947136e-09
361    2.1639699760711843e-09
362    2.1565371606351567e-09
363    2.149121928929236e-09
364    2.141722653068689e-09
365    2.134337616779329e-09
366    2.1269650873803765e-09
367    2.1196033940953303e-09
368    2.112251651230507e-09
369    2.1049101645787104e-09
370    2.0975794210293787e-09
371    2.0902598191308753e-09
372    2.08295164639918e-09
373    2.068481168171782e-09
374    2.0599889017931035e-09
375    2.05155317827898e-09
376    2.0431754134909917e-09
377    2.0348569806195115e-09
378    2.026599175762342e-09
379    2.018403010561105e-09
380    2.0102698994005483e-09
381    2.002202193243844e-09
382    1.994202240137024e-09
383    1.986272300606432e-09
384    1.9784145448942655e-09
385    1.970630560996403e-09
386    1.962920972741624e-09
387    1.9552862689326114e-09
388    1.9477266484800528e-09
389    1.9402419020105093e-09
390    1.932832247894881e-09
391    1.925498507476517e-09
392    1.9182415374255257e-09
393    1.911062171805457e-09
394    1.9039612098970304e-09
395    1.896939162359832e-09
396    1.8899958761670797e-09
397    1.883130960202074e-09
398    1.8976648741510845e-09
399    1.8908127659316087e-09
400    1.8839898455174154e-09
401    1.877197037167699e-09
402    1.8704353110792126e-09
403    1.863705794057417e-09
404    1.8570096153457528e-09
405    1.850348015496064e-09
406    1.8437222630102571e-09
407    1.837133104775204e-09
408    1.8305807432769026e-09
409    1.8240654544849213e-09
410    1.8175875819338537e-09
411    1.8111475443613136e-09
412    1.8047463293720564e-09
413    1.7983856516045613e-09
414    1.7920672339526981e-09
415    1.7857927614044958e-09
416    1.7795636818425447e-09
417    1.7733803453775117e-09
418    1.7672423362710051e-09
419    1.7611493619289073e-09
420    1.7551011342144351e-09
421    1.749097368320976e-09
422    1.7431385656858005e-09
423    1.7372253544737166e-09
424    1.7313582832708164e-09
425    1.725538012164528e-09
426    1.7197651429157017e-09
427    1.7140394490815127e-09
428    1.7083602197984618e-09
429    1.7027267314315495e-09
430    1.6971383016053438e-09
431    1.6915942375504113e-09
432    1.6860942715748362e-09
433    1.680638341973839e-09
434    1.6752263836314453e-09
435    1.669858327000914e-09
436    1.6645340651724486e-09
437    1.6592533090467702e-09
438    1.6540157157031185e-09
439    1.6488209420074825e-09
440    1.6436685770153132e-09
441    1.6385581095145676e-09
442    1.633488970877097e-09
443    1.6284605925934339e-09
444    1.6234723617122357e-09
445    1.618523507881016e-09
446    1.6136133523429262e-09
447    1.6087416420499314e-09
448    1.6039082031017295e-09
449    1.5991128609900208e-09
450    1.5943554226301106e-09
451    1.589635281949842e-09
452    1.5849511638634029e-09
453    1.5803016927660007e-09
454    1.5756854863631771e-09
455    1.5711011915192777e-09
456    1.5665476841464065e-09
457    1.5620242036218993e-09
458    1.5575300360598952e-09
459    1.5530645133243556e-09
460    1.5486270156672652e-09
461    1.5442169928711996e-09
462    1.539833738134054e-09
463    1.5354765079165464e-09
464    1.5311445728155394e-09
465    1.5268372115372691e-09
466    1.5225535869162208e-09
467    1.5182927499388585e-09
468    1.5140538807345762e-09
469    1.5098365461783474e-09
470    1.5056404224094632e-09
471    1.501465574850399e-09
472    1.4973122882217062e-09
473    1.4931807001873746e-09
474    1.4890709185331454e-09
475    1.4849829655920986e-09
476    1.4809161648727952e-09
477    1.476869288683754e-09
478    1.4728411333297638e-09
479    1.4688305390054194e-09
480    1.4648364267584151e-09
481    1.4608581609879042e-09
482    1.4568953020398675e-09
483    1.4529473942297093e-09
484    1.4490142388652308e-09
485    1.445095774095647e-09
486    1.4411924895052554e-09
487    1.4373036134188454e-09
488    1.4334287210040128e-09
489    1.4295675760871708e-09
490    1.4257199571248608e-09
491    1.421885653036888e-09
492    1.424169509783059e-09
493    1.4201929366288175e-09
494    1.4162273222465397e-09
495    1.4122721508498195e-09
496    1.4083270306000948e-09
497    1.4043921470012916e-09
498    1.4004678572360612e-09
499    1.3965544373645282e-09
500    1.3926520428171455e-09
501    1.3887608983760806e-09
502    1.3848811690720623e-09
503    1.3810129998348837e-09
504    1.3771565458866328e-09
505    1.3733119586643946e-09
506    1.369479387527599e-09
507    1.3656590320748356e-09
508    1.3618510426504191e-09
509    1.3580553338812967e-09
510    1.3542717756397484e-09
511    1.350500240756548e-09
512    1.3467406002153768e-09
513    1.3429927237667775e-09
514    1.339256487190319e-09
515    1.3355318488234797e-09
516    1.3318188618750461e-09
517    1.328117560714489e-09
518    1.3244279332708546e-09
519    1.3207499532214063e-09
520    1.3170835942172575e-09
521    1.3117647369732912e-09
522    1.3082373797001951e-09
523    1.3047183184104467e-09
524    1.3012077425015414e-09
525    1.2977058485825799e-09
526    1.2942128793324105e-09
527    1.290729073653723e-09
528    1.2872546977299382e-09
529    1.2837900652932282e-09
530    1.2803353906218255e-09
531    1.276890798028063e-09
532    1.2734564067763264e-09
533    1.2700323331477573e-09
534    1.2666186575739845e-09
535    1.2632152887648686e-09
536    1.2598220858293782e-09
537    1.2564389830744031e-09
538    1.2530661154561577e-09
539    1.2497037323778872e-09
540    1.2463522955216819e-09
541    1.2430123098641217e-09
542    1.23968429553522e-09
543    1.2363687825451695e-09
544    1.2330661636860283e-09
545    1.2297765082548237e-09
546    1.2264997414852679e-09
547    1.2232357903005185e-09
548    1.2199846315686359e-09
549    1.2167463148261705e-09
550    1.2135210180807887e-09
551    1.2103089256356999e-09
552    1.2071102134317967e-09
553    1.2039251020327464e-09
554    1.2007538508501258e-09
555    1.197596725300618e-09
556    1.1944539882513176e-09
557    1.1913258974532583e-09
558    1.1882127064947525e-09
559    1.1851146157734313e-09
560    1.1820317989891043e-09
561    1.1789645676438529e-09
562    1.1759132622909958e-09
563    1.1728782135932119e-09
564    1.1698597419866926e-09
565    1.166858162969039e-09
566    1.1638738010345389e-09
567    1.1609069742262897e-09
568    1.1579579132636496e-09
569    1.1550266816483276e-09
570    1.1521132766311827e-09
571    1.1492176729564958e-09
572    1.14633984163392e-09
573    1.1434797536005702e-09
574    1.140637396175976e-09
575    1.1378127737124593e-09
576    1.1350060324808028e-09
577    1.1322174289758633e-09
578    1.1294472043155704e-09
579    1.1266955683862576e-09
580    1.1239626675811769e-09
581    1.1212486134657048e-09
582    1.1185535100574886e-09
583    1.1158774068867475e-09
584    1.1132200922319519e-09
585    1.1105812712093455e-09
586    1.1079606528939406e-09
587    1.1053579505337885e-09
588    1.1027728991079695e-09
589    1.1002052847074168e-09
590    1.0976548857149367e-09
591    1.095121456926349e-09
592    1.0926048385362034e-09
593    1.090104899686106e-09
594    1.0876215519350245e-09
595    1.0851547258107968e-09
596    1.0827043644229198e-09
597    1.0802703987015855e-09
598    1.0778526484399404e-09
599    1.075450755358498e-09
600    1.0730642902477285e-09
601    1.0706928162500202e-09
602    1.0683358787861345e-09
603    1.0619809378847651e-09
604    1.05965614705116e-09
605    1.0573492296237978e-09
606    1.0550598478791842e-09
607    1.0527876712981376e-09
608    1.050532406510128e-09
609    1.0482937898462927e-09
610    1.0460716086877764e-09
611    1.0438657236286484e-09
612    1.0416759974496128e-09
613    1.0395022790549983e-09
614    1.0373444283172644e-09
615    1.0352022946995702e-09
616    1.033075725345015e-09
617    1.0309645670167159e-09
618    1.0288686059823304e-09
619    1.0267874766535845e-09
620    1.024720559484285e-09
621    1.0226671985528666e-09
622    1.0206267638392553e-09
623    1.0185986961985722e-09
624    1.0165825164559015e-09
625    1.0145777577989e-09
626    1.0125839549450797e-09
627    1.0106006112104575e-09
628    1.0086272031568852e-09
629    1.0066633103889014e-09
630    1.0047085775274362e-09
631    1.0027626542784684e-09
632    1.0008251952800264e-09
633    9.988958676334499e-10
634    9.9697435532669e-10
635    9.95060346880317e-10
636    9.931535350704946e-10
637    9.912536089869453e-10
638    9.89360165799447e-10
639    9.874727689486496e-10
640    9.855909922839435e-10
641    9.837144155725333e-10
642    9.8184262476091e-10
643    9.79975190877798e-10
644    9.781116369907952e-10
645    9.762514941630543e-10
646    9.743943089219437e-10
647    9.725397014591984e-10
648    9.706873917230956e-10
649    9.688370877393441e-10
650    9.66988496983737e-10
651    9.651413319753708e-10
652    9.632953210633835e-10
653    9.61450220796537e-10
654    9.596058544483592e-10
655    9.577621083886306e-10
656    9.559188596642249e-10
657    9.540759106560205e-10
658    9.522330486239105e-10
659    9.503900452780797e-10
660    9.485466708468485e-10
661    9.467026995046484e-10
662    9.448579093576125e-10
663    9.430120823477265e-10
664    9.4116500387942e-10
665    9.3931647024108e-10
666    9.374663261798798e-10
667    9.356144363757046e-10
668    9.33760683575295e-10
669    9.319050337787463e-10
670    9.300474846604281e-10
671    9.281880751423504e-10
672    9.263268589297769e-10
673    9.244638805134489e-10
674    9.225991200343144e-10
675    9.207326228139966e-10
676    9.188645058187686e-10
677    9.169948863364756e-10
678    9.151238862189601e-10
679    9.132516843969005e-10
680    9.113784904755513e-10
681    9.095045115914091e-10
682    9.076299624020089e-10
683    9.057550950795034e-10
684    9.03880144812719e-10
685    9.020052787582736e-10
686    9.001306551610716e-10
687    8.98256430283138e-10
688    8.963827532897242e-10
689    8.945097039898323e-10
690    8.926373265848938e-10
691    8.907656569049291e-10
692    8.888947156417635e-10
693    8.870245650616648e-10
694    8.851554027663228e-10
695    8.832874580285514e-10
696    8.814209628533759e-10
697    8.795561637406257e-10
698    8.776933083566127e-10
699    8.758326807318385e-10
700    8.73974603949262e-10
701    8.721193984468765e-10
702    8.702673672951323e-10
703    8.684187063511089e-10
704    8.665735472753073e-10
705    8.64731992308269e-10
706    8.62894140229789e-10
707    8.610600890148112e-10
708    8.592299541310666e-10
709    8.574038639391666e-10
710    8.555819479171369e-10
711    8.537643599023124e-10
712    8.519513149028528e-10
713    8.501430689943061e-10
714    8.483398709126485e-10
715    8.465419554883659e-10
716    8.447495520052738e-10
717    8.429628856325151e-10
718    8.411821771659239e-10
719    8.394076350270514e-10
720    8.376394466605945e-10
721    8.358777528229733e-10
722    8.341226325862246e-10
723    8.323741584267225e-10
724    8.306324078749408e-10
725    8.288974741763192e-10
726    8.271694526763621e-10
727    8.254484465485445e-10
728    8.237345610883618e-10
729    8.220279059209271e-10
730    8.203286176474185e-10
731    8.186368824242128e-10
732    8.169528920288466e-10
733    8.152768345773832e-10
734    8.136088877843171e-10
735    8.119492016934097e-10
736    8.102979177964465e-10
737    8.086551708391331e-10
738    8.070210750310334e-10
739    8.053957061804609e-10
740    8.03779021533581e-10
741    8.02170938169148e-10
742    8.005713734698911e-10
743    7.989802451755e-10
744    7.973974794047368e-10
745    7.958230442114424e-10
746    7.942569221864668e-10
747    7.926990957192624e-10
748    7.911495488529593e-10
749    7.896083007642312e-10
750    7.880754274072068e-10
751    7.865510170138036e-10
752    7.850351415533163e-10
753    7.853670291393139e-10
754    7.839608640159676e-10
755    7.825605640711269e-10
756    7.811660958364713e-10
757    7.797774274545918e-10
758    7.783945348614845e-10
759    7.770174030033738e-10
760    7.756460154337317e-10
761    7.742803391658586e-10
762    7.729203311783505e-10
763    7.715659235408386e-10
764    7.702170384086504e-10
765    7.688735566804907e-10
766    7.675353326836184e-10
767    7.66202220838213e-10
768    7.648740869825411e-10
769    7.635508067253583e-10
770    7.622322718791401e-10
771    7.609183822045267e-10
772    7.59609038866229e-10
773    7.583041539307363e-10
774    7.570036541061177e-10
775    7.557074647806586e-10
776    7.544155118787356e-10
777    7.531277201170553e-10
778    7.518440107458177e-10
779    7.505642935045266e-10
780    7.492884535366997e-10
781    7.480163708196559e-10
782    7.467479266900558e-10
783    7.454830038329184e-10
784    7.44221523470211e-10
785    7.429634599742884e-10
786    7.417087952941992e-10
787    7.404575116058132e-10
788    7.392095910672238e-10
789    7.379650119772695e-10
790    7.36723742201721e-10
791    7.354857335489026e-10
792    7.34250926979422e-10
793    7.330192653970339e-10
794    7.317906871257868e-10
795    7.305650947143685e-10
796    7.293423782937083e-10
797    7.281224294610998e-10
798    7.269051494803534e-10
799    7.256904812321767e-10
800    7.244783912009151e-10
801    7.232688501366352e-10
802    7.220618285323626e-10
803    7.208572939495745e-10
804    7.196552135725185e-10
805    7.184555699594806e-10
806    7.172583746388707e-10
807    7.160636203494023e-10
808    7.148712968834238e-10
809    7.136813940115802e-10
810    7.124939014856998e-10
811    7.113088090243486e-10
812    7.101261063301238e-10
813    7.089457831760274e-10
814    7.077678308409981e-10
815    7.06592244142749e-10
816    7.05419004428109e-10
817    7.042480752663404e-10
818    7.030794197962225e-10
819    7.019129979825083e-10
820    7.007487683657804e-10
821    6.995866866927065e-10
822    6.984267113810596e-10
823    6.972688022866594e-10
824    6.961129197960733e-10
825    6.949590248209346e-10
826    6.938070803826611e-10
827    6.926570710811485e-10
828    6.915089957034446e-10
829    6.903628616361781e-10
830    6.892186948321276e-10
831    6.880765236066078e-10
832    6.869363759726142e-10
833    6.857982808732641e-10
834    6.84662284112193e-10
835    6.835284490139635e-10
836    6.823968381680187e-10
837    6.812674840178911e-10
838    6.801403694143537e-10
839    6.790154665004187e-10
840    6.778927477872821e-10
841    6.767721861253291e-10
842    6.756537546886994e-10
843    6.745374269360128e-10
844    6.734231816297684e-10
845    6.723110370482172e-10
846    6.712010269374709e-10
847    6.70093185090908e-10
848    6.689875682588333e-10
849    6.678842722071837e-10
850    6.667833962875592e-10
851    6.656850424955904e-10
852    6.645892956002661e-10
853    6.634961961264783e-10
854    6.624057775771595e-10
855    6.61318072910941e-10
856    6.602331145149833e-10
857    6.591509340809079e-10
858    6.580715576598503e-10
859    6.569949861232299e-10
860    6.559212143749614e-10
861    6.548502590619527e-10
862    6.537821233029044e-10
863    6.527167916133298e-10
864    6.516542478858581e-10
865    6.505944762401165e-10
866    6.495374610531136e-10
867    6.484831880090682e-10
868    6.474316508818001e-10
869    6.463828484674715e-10
870    6.453367901747959e-10
871    6.442934918727802e-10
872    6.432529677519046e-10
873    6.422152307543213e-10
874    6.411802925265093e-10
875    6.40148160485314e-10
876    6.391188491989004e-10
877    6.380923890234116e-10
878    6.370688077941394e-10
879    6.360481293253356e-10
880    6.350303791787614e-10
881    6.340155956757131e-10
882    6.33003820836298e-10
883    6.319950960286799e-10
884    6.30989463390777e-10
885    6.299869641696467e-10
886    6.289876383840418e-10
887    6.279915253277939e-10
888    6.269986637104069e-10
889    6.260090908102396e-10
890    6.25022832377662e-10
891    6.240398962666259e-10
892    6.230602620542997e-10
893    6.220839049241988e-10
894    6.211108001729132e-10
895    6.201409232130108e-10
896    6.191742495543224e-10
897    6.182107548469914e-10
898    6.172504142339423e-10
899    6.16293204240975e-10
900    6.153391018772603e-10
901    6.143880848732004e-10
902    6.134401568304006e-10
903    6.124953560480921e-10
904    6.115537289907839e-10
905    6.106153241154403e-10
906    6.09680187974175e-10
907    6.087483652071659e-10
908    6.078198997359954e-10
909    6.06894834768898e-10
910    6.0597321280774e-10
911    6.05055075660516e-10
912    6.041404603844863e-10
913    6.032293555626444e-10
914    6.02321710792293e-10
915    6.014174710167748e-10
916    6.005165816210553e-10
917    5.99618986060607e-10
918    5.987246086722759e-10
919    5.978333598556312e-10
920    5.969451461882445e-10
921    5.960598773109659e-10
922    5.951774704867549e-10
923    5.942978577982346e-10
924    5.934210357115045e-10
925    5.925470206201566e-10
926    5.916758284896422e-10
927    5.908074747550643e-10
928    5.899419756577139e-10
929    5.890793533757955e-10
930    5.882196353518768e-10
931    5.873628502300456e-10
932    5.865090332084274e-10
933    5.856582216361425e-10
934    5.848104349254084e-10
935    5.839656507870117e-10
936    5.831238342071649e-10
937    5.82284932369292e-10
938    5.814488884311289e-10
939    5.806156495908202e-10
940    5.797851638807073e-10
941    5.789573799171575e-10
942    5.781322469156892e-10
943    5.773097146673977e-10
944    5.764897376505344e-10
945    5.756722976094022e-10
946    5.748573925797428e-10
947    5.740450203609494e-10
948    5.732351787497398e-10
949    5.72427865553912e-10
950    5.716230786075235e-10
951    5.708208153077451e-10
952    5.700210626745566e-10
953    5.69223793477403e-10
954    5.684289795145862e-10
955    5.676365925431675e-10
956    5.668465964353064e-10
957    5.660589506901048e-10
958    5.652736186627991e-10
959    5.644905665777346e-10
960    5.637097555819938e-10
961    5.629311469799686e-10
962    5.621547023697009e-10
963    5.61380383538213e-10
964    5.606081524392641e-10
965    5.598379714193358e-10
966    5.590698017402328e-10
967    5.583036003644317e-10
968    5.575393318887425e-10
969    5.567769635502202e-10
970    5.560164626665416e-10
971    5.552577965601326e-10
972    5.545009328973653e-10
973    5.537458430786395e-10
974    5.529925084036669e-10
975    5.522409047103407e-10
976    5.514910000089652e-10
977    5.507427705424634e-10
978    5.499962139165737e-10
979    5.492513339751258e-10
980    5.485081351490471e-10
981    5.47766623005816e-10
982    5.470268034033143e-10
983    5.462886781110759e-10
984    5.455522458376115e-10
985    5.448175051273406e-10
986    5.440844545190398e-10
987    5.433530894583671e-10
988    5.426233800535613e-10
989    5.418952744029242e-10
990    5.411687218905644e-10
991    5.404436808862144e-10
992    5.397201125144673e-10
993    5.389979783274139e-10
994    5.382772402772687e-10
995    5.375578605620986e-10
996    5.368398014757768e-10
997    5.361230245496351e-10
998    5.354074906092628e-10
999    5.346931750837116e-10
1000    5.339800624941769e-10
1001    5.332681400027672e-10
1002    5.325573995773096e-10
1003    5.318478338043816e-10
1004    5.31139434981036e-10
1005    5.304321947422972e-10
1006    5.297261045540445e-10
1007    5.290211558492686e-10
1008    5.283173408110629e-10
1009    5.276146514754866e-10
1010    5.269130747453952e-10
1011    5.262125961737044e-10
1012    5.255132014381592e-10
1013    5.248148769849021e-10
1014    5.241176124960551e-10
1015    5.23421404862997e-10
1016    5.227262610293756e-10
1017    5.220321887494396e-10
1018    5.213391968454889e-10
1019    5.206472956922953e-10
1020    5.199564910807515e-10
1021    5.192667768630514e-10
1022    5.185781400586887e-10
1023    5.178905671384766e-10
1024    5.17204044655484e-10
1025    5.165185591820407e-10
1026    5.158340972699415e-10
1027    5.151506454827062e-10
1028    5.144681905851824e-10
1029    5.137867210494118e-10
1030    5.131062242602015e-10
1031    5.12426702915471e-10
1032    5.117481764066654e-10
1033    5.110706647183677e-10
1034    5.103941876157616e-10
1035    5.097187648796426e-10
1036    5.090444182980352e-10
1037    5.083711768596719e-10
1038    5.076990753050591e-10
1039    5.07028156050484e-10
1040    5.063584620896259e-10
1041    5.056900333461223e-10
1042    5.050228855269951e-10
1043    5.043570290821268e-10
1044    5.036924757027591e-10
1045    5.03029222869582e-10
1046    5.023672661564359e-10
1047    5.017066010491365e-10
1048    5.010472230799305e-10
1049    5.003891283977539e-10
1050    4.997323133004486e-10
1051    4.990767741528717e-10
1052    4.98422514444663e-10
1053    4.977695606299548e-10
1054    4.971179437035814e-10
1055    4.964676906360312e-10
1056    4.95818821582329e-10
1057    4.951713475606098e-10
1058    4.945252718209911e-10
1059    4.938805976317596e-10
1060    4.932373368346023e-10
1061    4.925955042983766e-10
1062    4.919551147213694e-10
1063    4.913161790732506e-10
1064    4.906787005232024e-10
1065    4.900426817048866e-10
1066    4.894081269492661e-10
1067    4.887750386961282e-10
1068    4.881434144194941e-10
1069    4.875132509120467e-10
1070    4.868845454155809e-10
1071    4.862573009502401e-10
1072    4.856315268170296e-10
1073    4.850072389890177e-10
1074    4.843844562010054e-10
1075    4.837631980601306e-10
1076    4.831434833742942e-10
1077    4.825253308036809e-10
1078    4.819087576958298e-10
1079    4.812937786440312e-10
1080    4.806804065940408e-10
1081    4.80068654097486e-10
1082    4.79458533587055e-10
1083    4.788500578884469e-10
1084    4.782432392975287e-10
1085    4.776380840425807e-10
1086    4.770345949109443e-10
1087    4.764327745997719e-10
1088    4.758326270552175e-10
1089    4.752341572235837e-10
1090    4.746373664425621e-10
1091    4.740422533839521e-10
1092    4.734488163504554e-10
1093    4.728570535949953e-10
1094    4.722669633033573e-10
1095    4.716785432939607e-10
1096    4.710917901355925e-10
1097    4.705067001381613e-10
1098    4.699232708627209e-10
1099    4.693415037165255e-10
1100    4.687614016948462e-10
1101    4.681829677431594e-10
1102    4.676062047500592e-10
1103    4.670311155473069e-10
1104    4.664577026986295e-10
1105    4.65885967956261e-10
1106    4.653159119971112e-10
1107    4.64747531299464e-10
1108    4.641808220858492e-10
1109    4.6361578061179815e-10
1110    4.630524032080338e-10
1111    4.6249068736417196e-10
1112    4.619306298981851e-10
1113    4.613722172963963e-10
1114    4.608154289100214e-10
1115    4.602602435770306e-10
1116    4.597066406168528e-10
1117    4.591546059381061e-10
1118    4.58604130739585e-10
1119    4.5805520535444726e-10
1120    4.5750782000845535e-10
1121    4.569619624513628e-10
1122    4.564176176174691e-10
1123    4.558747707236694e-10
1124    4.553334086264296e-10
1125    4.5479351875314977e-10
1126    4.5425508935508066e-10
1127    4.5371811125425636e-10
1128    4.5318256999059785e-10
1129    4.526484536046049e-10
1130    4.5211575245145033e-10
1131    4.515844566559173e-10
1132    4.5105455639080947e-10
1133    4.5052604200118284e-10
1134    4.4999890457603073e-10
1135    4.4947313547744576e-10
1136    4.489487281089479e-10
1137    4.4842568187637904e-10
1138    4.4790399746697745e-10
1139    4.4738367567711396e-10
1140    4.4686471681626607e-10
1141    4.46347117182024e-10
1142    4.45830871481832e-10
1143    4.4531597422168573e-10
1144    4.448024114721082e-10
1145    4.442901583506782e-10
1146    4.437791891292434e-10
1147    4.4326947827974745e-10
1148    4.427610004678391e-10
1149    4.422537308931259e-10
1150    4.417476455637421e-10
1151    4.412427211343214e-10
1152    4.407389379429952e-10
1153    4.4023627833164256e-10
1154    4.3973472205643384e-10
1155    4.3923424112423374e-10
1156    4.387348067230213e-10
1157    4.3823639199516504e-10
1158    4.377389750013192e-10
1159    4.3724253750935114e-10
1160    4.3674707017411267e-10
1161    4.3625256809392367e-10
1162    4.357590265167428e-10
1163    4.35266440705287e-10
1164    4.3477480596286387e-10
1165    4.3428411766980287e-10
1166    4.337943712500382e-10
1167    4.3330556112276037e-10
1168    4.3281768539363254e-10
1169    4.3233075387417477e-10
1170    4.318447769711008e-10
1171    4.3135975739599553e-10
1172    4.3087569398501777e-10
1173    4.303925849990721e-10
1174    4.299104277221473e-10
1175    4.294292125425096e-10
1176    4.2894892671846516e-10
1177    4.28469557582721e-10
1178    4.2799109248055215e-10
1179    4.2751351873781976e-10
1180    4.270368242785343e-10
1181    4.2656100053682743e-10
1182    4.260860416367952e-10
1183    4.2561192931385653e-10
1184    4.251386436837455e-10
1185    4.246661650251364e-10
1186    4.2419447377812477e-10
1187    4.237235505490428e-10
1188    4.232533761043732e-10
1189    4.2278393156967043e-10
1190    4.2231520075786465e-10
1191    4.218471717240984e-10
1192    4.2137983165417016e-10
1193    4.2091316049109063e-10
1194    4.204471374319833e-10
1195    4.1998174185937223e-10
1196    4.195169631979178e-10
1197    4.1905280567948064e-10
1198    4.1858927299488294e-10
1199    4.1812636868368536e-10
1200    4.176640960237065e-10
1201    4.1720245809089265e-10
1202    4.1674145767142975e-10
1203    4.162811024866768e-10
1204    4.158214047567325e-10
1205    4.1536237791334514e-10
1206    4.1490403910767115e-10
1207    4.1444640617327046e-10
1208    4.1398949663380393e-10
1209    4.135333263303348e-10
1210    4.130779028463059e-10
1211    4.1262322466600754e-10
1212    4.1216928972100514e-10
1213    4.11716095763816e-10
1214    4.11263640885879e-10
1215    4.1081192350721227e-10
1216    4.103609420605564e-10
1217    4.099106950104971e-10
1218    4.094611824213447e-10
1219    4.0901240702669774e-10
1220    4.0856437147196305e-10
1221    4.081170743926841e-10
1222    4.0767051166797677e-10
1223    4.072246793227927e-10
1224    4.067795760398906e-10
1225    4.0633519982507543e-10
1226    4.0589154697119646e-10
1227    4.0544861297668635e-10
1228    4.0500639446405045e-10
1229    4.045648939502673e-10
1230    4.041241157906592e-10
1231    4.036840650264832e-10
1232    4.032447469061839e-10
1233    4.028061666333727e-10
1234    4.0236832935555913e-10
1235    4.019312401095792e-10
1236    4.0149490276883473e-10
1237    4.0105931917118677e-10
1238    4.0062448796809736e-10
1239    4.0019040456366557e-10
1240    3.997570641893468e-10
1241    3.9932446211382814e-10
1242    3.988925938699853e-10
1243    3.984614580676488e-10
1244    3.980310554962766e-10
1245    3.976013870012098e-10
1246    3.9717245384836566e-10
1247    3.9674425708242254e-10
1248    3.963167966761808e-10
1249    3.9589007247618364e-10
1250    3.954640843171856e-10
1251    3.9503883187836605e-10
1252    3.946143131753447e-10
1253    3.941905250210977e-10
1254    3.9376746401513643e-10
1255    3.9334512680983146e-10
1256    3.9292351056855515e-10
1257    3.925026138075384e-10
1258    3.920824366935076e-10
1259    3.916629813376414e-10
1260    3.912442501084889e-10
1261    3.9082624537346683e-10
1262    3.904089693771862e-10
1263    3.899924243197523e-10
1264    3.8957661238120427e-10
1265    3.8916153631629e-10
1266    3.887472037865174e-10
1267    3.8833362477737645e-10
1268    3.879208085734379e-10
1269    3.875087642220086e-10
1270    3.8709750028966254e-10
1271    3.8668702490493887e-10
1272    3.862773460984974e-10
1273    3.858684718128131e-10
1274    3.854604099027107e-10
1275    3.850531681338404e-10
1276    3.8464675426114726e-10
1277    3.8424117756942975e-10
1278    3.8383644695382126e-10
1279    3.834325673453608e-10
1280    3.8302953608569184e-10
1281    3.826273477823028e-10
1282    3.822259975205867e-10
1283    3.818254802941953e-10
1284    3.814257910666376e-10
1285    3.810269248217997e-10
1286    3.8062887657540364e-10
1287    3.8023164136561776e-10
1288    3.7983521434223915e-10
1289    3.7943959208057634e-10
1290    3.790447722712116e-10
1291    3.7865075263448506e-10
1292    3.7825753077982473e-10
1293    3.7786510481266217e-10
1294    3.7747347480990786e-10
1295    3.7708263977707966e-10
1296    3.7669259859603593e-10
1297    3.763033501486368e-10
1298    3.7591489305817644e-10
1299    3.755272257665966e-10
1300    3.7514034863493885e-10
1301    3.7475426278724347e-10
1302    3.743689693256925e-10
1303    3.739844693294364e-10
1304    3.736007638563908e-10
1305    3.7321785395245743e-10
1306    3.728357406656252e-10
1307    3.724544247137873e-10
1308    3.7207390540378864e-10
1309    3.7169418202599243e-10
1310    3.713152531419006e-10
1311    3.709371155580987e-10
1312    3.7055976703285756e-10
1313    3.7018320537834716e-10
1314    3.6980742841415204e-10
1315    3.694324339808492e-10
1316    3.6905821998614353e-10
1317    3.6868478435960833e-10
1318    3.6831212517130176e-10
1319    3.679402408029204e-10
1320    3.675691297015368e-10
1321    3.671987913751399e-10
1322    3.66829225671134e-10
1323    3.6646043206168233e-10
1324    3.6609240989692725e-10
1325    3.6572515851482977e-10
1326    3.653586772522504e-10
1327    3.6499296541886407e-10
1328    3.646280212798042e-10
1329    3.6426384168245195e-10
1330    3.639004233825998e-10
1331    3.6353776282715e-10
1332    3.631758539111965e-10
1333    3.628146888063547e-10
1334    3.624542597211788e-10
1335    3.6209456113365675e-10
1336    3.6173559362747157e-10
1337    3.6137735902627294e-10
1338    3.6101985787059914e-10
1339    3.6066308825549226e-10
1340    3.6030704801433615e-10
1341    3.59951734994375e-10
1342    3.5959714722711714e-10
1343    3.5924328377610325e-10
1344    3.5889014409124347e-10
1345    3.585377281054843e-10
1346    3.581860364883243e-10
1347    3.5783506995903997e-10
1348    3.57484829213176e-10
1349    3.571353118478975e-10
1350    3.567865086915211e-10
1351    3.564384096935038e-10
1352    3.5609100487654576e-10
1353    3.557442851482634e-10
1354    3.5539824365087273e-10
1355    3.5505287389963044e-10
1356    3.5470816924398445e-10
1357    3.5436412258808705e-10
1358    3.540207274263026e-10
1359    3.536779784624104e-10
1360    3.5333587062103273e-10
1361    3.5299439952277696e-10
1362    3.526535599320391e-10
1363    3.523133471219958e-10
1364    3.5197376009245235e-10
1365    3.5163479659362235e-10
1366    3.5129645424536183e-10
1367    3.5095873068157446e-10
1368    3.50621623553174e-10
1369    3.502851305353089e-10
1370    3.4994924942111397e-10
1371    3.4961397818031576e-10
1372    3.492793148169892e-10
1373    3.489452573461116e-10
1374    3.4861180372320994e-10
1375    3.482789509858541e-10
1376    3.4794669550818806e-10
1377    3.4761503241460015e-10
1378    3.472839544402468e-10
1379    3.4695345342111943e-10
1380    3.466235220126094e-10
1381    3.462941529064528e-10
1382    3.459653383071977e-10
1383    3.456370704934137e-10
1384    3.4530934291753015e-10
1385    3.449821497471514e-10
1386    3.4465548718702834e-10
1387    3.443293521768104e-10
1388    3.440037416774654e-10
1389    3.4367865267077324e-10
1390    3.433540821874011e-10
1391    3.4303002787469914e-10
1392    3.4270648804281103e-10
1393    3.4238346104930747e-10
1394    3.420609452710174e-10
1395    3.417389390963122e-10
1396    3.4141744119051165e-10
1397    3.41096450759006e-10
1398    3.407759675085693e-10
1399    3.4045599210930033e-10
1400    3.401365255537396e-10
1401    3.398175688603875e-10
1402    3.394991230317461e-10
1403    3.391811890414953e-10
1404    3.388637678368236e-10
1405    3.385468603210042e-10
1406    3.382304670964385e-10
1407    3.3791458797100014e-10
1408    3.3759922255195206e-10
1409    3.3728437044857614e-10
1410    3.369700312674138e-10
1411    3.36656204611815e-10
1412    3.3634289008005376e-10
1413    3.3603008639618166e-10
1414    3.3571778999119196e-10
1415    3.3540599688520937e-10
1416    3.3509470310573246e-10
1417    3.3478390474754363e-10
1418    3.34473598176359e-10
1419    3.3416377929218744e-10
1420    3.33854443737934e-10
1421    3.3354558718095436e-10
1422    3.3323720531838403e-10
1423    3.329292938775689e-10
1424    3.326218486166055e-10
1425    3.323148653229912e-10
1426    3.3200833981405437e-10
1427    3.317022679400719e-10
1428    3.313966450991042e-10
1429    3.310914645995072e-10
1430    3.3078672067236675e-10
1431    3.3048241111130197e-10
1432    3.3017853418845665e-10
1433    3.298750871126182e-10
1434    3.295720664711313e-10
1435    3.292694688599398e-10
1436    3.2896729089752946e-10
1437    3.286655292080398e-10
1438    3.283641806727854e-10
1439    3.2806324371353907e-10
1440    3.277627192537326e-10
1441    3.274626085731321e-10
1442    3.271629129346733e-10
1443    3.268636335846314e-10
1444    3.2656477175283243e-10
1445    3.26266328633088e-10
1446    3.2596830557372566e-10
1447    3.256707050088093e-10
1448    3.2537352634771707e-10
1449    3.2507676814345904e-10
1450    3.2478043011604164e-10
1451    3.244845133886727e-10
1452    3.24189018877844e-10
1453    3.238939473326536e-10
1454    3.235992994929447e-10
1455    3.233050760874532e-10
1456    3.2301127783360386e-10
1457    3.227179054643438e-10
1458    3.22424960344398e-10
1459    3.221324450497441e-10
1460    3.218403616860219e-10
1461    3.215487070341893e-10
1462    3.212574749997148e-10
1463    3.2096665949265636e-10
1464    3.2067625576523584e-10
1465    3.2038626431266515e-10
1466    3.2009668691221584e-10
1467    3.1980752531681063e-10
1468    3.1951878124338304e-10
1469    3.19230456376983e-10
1470    3.18942552379397e-10
1471    3.1865507100612907e-10
1472    3.1836801456116415e-10
1473    3.1808138531600633e-10
1474    3.1779518529245874e-10
1475    3.175094162980662e-10
1476    3.172240800796116e-10
1477    3.169391784091178e-10
1478    3.1665471280961106e-10
1479    3.1637068406382135e-10
1480    3.160870928436443e-10
1481    3.1580393910225443e-10
1482    3.1552122041764155e-10
1483    3.1523893560727206e-10
1484    3.1495708380643737e-10
1485    3.1467566415433006e-10
1486    3.1439467579835376e-10
1487    3.141141179378032e-10
1488    3.138339898817366e-10
1489    3.1355429112829173e-10
1490    3.132750212233443e-10
1491    3.1299617970422756e-10
1492    3.127177660808799e-10
1493    3.1243977908305205e-10
1494    3.1216221652469387e-10
1495    3.1188507617947257e-10
1496    3.1160835583683953e-10
1497    3.1133205333746566e-10
1498    3.1105616735352285e-10
1499    3.107806991899214e-10
1500    3.105056507203416e-10
1501    3.1023102357610643e-10
1502    3.09956819755693e-10
1503    3.096830425369574e-10
1504    3.0940969512753993e-10
1505    3.0913678052704387e-10
1506    3.088643016854098e-10
1507    3.085922616402682e-10
1508    3.0832066377671464e-10
1509    3.080495115695528e-10
1510    3.077788084682758e-10
1511    3.075085579148595e-10
1512    3.07238763365142e-10
1513    3.06969428246531e-10
1514    3.0670055599000204e-10
1515    3.0643215003702885e-10
1516    3.06164212259385e-10
1517    3.0589674214994954e-10
1518    3.0562973844633534e-10
1519    3.0536319889269447e-10
1520    3.050971203761646e-10
1521    3.0483149914138154e-10
1522    3.045663314326753e-10
1523    3.0430161351382696e-10
1524    3.040373416691933e-10
1525    3.0377351195814687e-10
1526    3.035101199080668e-10
1527    3.032471609767274e-10
1528    3.0298463055285363e-10
1529    3.02722524023277e-10
1530    3.024608380152886e-10
1531    3.021995716536512e-10
1532    3.0193872440411785e-10
1533    3.0167829568815827e-10
1534    3.014182848323065e-10
1535    3.011586911893021e-10
1536    3.00899514795143e-10
1537    3.0064075644123836e-10
1538    3.0038241724212357e-10
1539    3.001244990027568e-10
1540    2.9986700362903097e-10
1541    2.9960993299621626e-10
1542    2.993532890096235e-10
1543    2.9909707393019607e-10
1544    2.9884128871535597e-10
1545    2.985859318194293e-10
1546    2.9833100143331086e-10
1547    2.980764960075043e-10
1548    2.978224141529384e-10
1549    2.975687546530352e-10
1550    2.973155177228218e-10
1551    2.9706270429528483e-10
1552    2.968103152953904e-10
1553    2.9655835163500323e-10
1554    2.96306814212821e-10
1555    2.9605570389217495e-10
1556    2.9580502150196057e-10
1557    2.9555476764145095e-10
1558    2.9530494249671614e-10
1559    2.950555464598114e-10
1560    2.9480657988022167e-10
1561    2.9455804310030485e-10
1562    2.943099364511973e-10
1563    2.9406226025305296e-10
1564    2.9381501481974287e-10
1565    2.935682003216286e-10
1566    2.933218162753616e-10
1567    2.9307586008421117e-10
1568    2.9283032755866517e-10
1569    2.9258521360564863e-10
1570    2.9234051307855887e-10
1571    2.92096220895446e-10
1572    2.9185233218300715e-10
1573    2.916088422814591e-10
1574    2.913657465442834e-10
1575    2.9112304024510196e-10
1576    2.908807186596835e-10
1577    2.906387771133766e-10
1578    2.9039721177848927e-10
1579    2.901560218436134e-10
1580    2.8991520799187997e-10
1581    2.896747709571151e-10
1582    2.894347114787502e-10
1583    2.891950306027698e-10
1584    2.8895573062468386e-10
1585    2.887168145062607e-10
1586    2.8847828448429547e-10
1587    2.882401421486197e-10
1588    2.8800238925194245e-10
1589    2.877650279487176e-10
1590    2.875280616155801e-10
1591    2.872914942612211e-10
1592    2.870553298689111e-10
1593    2.8681957239016893e-10
1594    2.8658422574187483e-10
1595    2.863492938030884e-10
1596    2.861147804186633e-10
1597    2.858806893957136e-10
1598    2.8564702277389663e-10
1599    2.8541377840371496e-10
1600    2.8518095269704103e-10
1601    2.8494853856050286e-10
1602    2.8471652788138777e-10
1603    2.844849125906148e-10
1604    2.842536845939025e-10
1605    2.8402283576485595e-10
1606    2.8379235802554705e-10
1607    2.8356224334885767e-10
1608    2.833324837000686e-10
1609    2.831030710387998e-10
1610    2.8287399739148957e-10
1611    2.8264525507447635e-10
1612    2.8241683713637804e-10
1613    2.8218873678063204e-10
1614    2.8196094742265164e-10
1615    2.817334626201066e-10
1616    2.815062759748399e-10
1617    2.81279381110771e-10
1618    2.8105277272619235e-10
1619    2.808264488090581e-10
1620    2.806004078919988e-10
1621    2.8037464854908485e-10
1622    2.8014917028359343e-10
1623    2.799239735309066e-10
1624    2.796990587620713e-10
1625    2.794744264421058e-10
1626    2.792500770306808e-10
1627    2.790260110261151e-10
1628    2.788022292656883e-10
1629    2.785787327416286e-10
1630    2.7835552243849283e-10
1631    2.7813259932698026e-10
1632    2.779099643026371e-10
1633    2.7768761784593555e-10
1634    2.774655603934573e-10
1635    2.772437937420346e-10
1636    2.7702232094164404e-10
1637    2.7680114517634746e-10
1638    2.7658026921328284e-10
1639    2.7635969451644733e-10
1640    2.76139422349162e-10
1641    2.759194539515656e-10
1642    2.756997903591683e-10
1643    2.7548043241421664e-10
1644    2.75261380506039e-10
1645    2.750426349068831e-10
1646    2.7482419588462046e-10
1647    2.7460606370067725e-10
1648    2.743882386103579e-10
1649    2.7417072086408967e-10
1650    2.7395351070340207e-10
1651    2.737366083109828e-10
1652    2.735200124288434e-10
1653    2.733037202249696e-10
1654    2.730877285771274e-10
1655    2.7287203381745895e-10
1656    2.726566317754231e-10
1657    2.724415185550565e-10
1658    2.7222669025049737e-10
1659    2.720121427367355e-10
1660    2.7179787187577913e-10
1661    2.715838735545282e-10
1662    2.713701436652504e-10
1663    2.711566780410969e-10
1664    2.7094347262532557e-10
1665    2.7073052440001376e-10
1666    2.7051783118884415e-10
1667    2.703053908613913e-10
1668    2.7009320132942657e-10
1669    2.698812617152673e-10
1670    2.696695729646597e-10
1671    2.6945813621406e-10
1672    2.692469525920436e-10
1673    2.690360232235891e-10
1674    2.6882534922595164e-10
1675    2.686149316138932e-10
1676    2.6840477063599195e-10
1677    2.681948661720707e-10
1678    2.6798521847663273e-10
1679    2.6777582861134306e-10
1680    2.6756669760082164e-10
1681    2.673578264500393e-10
1682    2.671492161519193e-10
1683    2.669408678049342e-10
1684    2.667327826957811e-10
1685    2.6652496208042717e-10
1686    2.6631740705330344e-10
1687    2.661101189277235e-10
1688    2.659030991341329e-10
1689    2.6569634908853133e-10
1690    2.65489870195578e-10
1691    2.652836638423853e-10
1692    2.650777313512904e-10
1693    2.648720739890922e-10
1694    2.646666929571597e-10
1695    2.644615894368638e-10
1696    2.6425676459501717e-10
1697    2.6405221913323476e-10
1698    2.638479522618787e-10
1699    2.636439618317869e-10
1700    2.6344024550908203e-10
1701    2.632368010081303e-10
1702    2.630336263847308e-10
1703    2.628307200049941e-10
1704    2.626280804427326e-10
1705    2.6242570628910033e-10
1706    2.622235961358389e-10
1707    2.62021748539318e-10
1708    2.6182016124514626e-10
1709    2.616188313711208e-10
1710    2.6141775608682396e-10
1711    2.6121693293639825e-10
1712    2.610163601734551e-10
1713    2.6081603614591347e-10
1714    2.606159592180117e-10
1715    2.6041612776376684e-10
1716    2.602165401631116e-10
1717    2.6001719480350264e-10
1718    2.598180908653276e-10
1719    2.596192305855982e-10
1720    2.594206171425247e-10
1721    2.592222536787523e-10
1722    2.5902414332160407e-10
1723    2.588262891760048e-10
1724    2.586286942179387e-10
1725    2.584313605975573e-10
1726    2.5823428968321736e-10
1727    2.580374827706961e-10
1728    2.57840941143503e-10
1729    2.5764466593042397e-10
1730    2.574486577498779e-10
1731    2.5725291710420544e-10
1732    2.570574444910881e-10
1733    2.568622403978463e-10
1734    2.566673051691384e-10
1735    2.5647263902795035e-10
1736    2.5627824218748067e-10
1737    2.560841147691449e-10
1738    2.5589025638147877e-10
1739    2.5569666580940454e-10
1740    2.5550334192361786e-10
1741    2.553102836215672e-10
1742    2.5511748980723283e-10
1743    2.549249593915874e-10
1744    2.5473269129344433e-10
1745    2.545406844367361e-10
1746    2.54348937740713e-10
1747    2.541574502012612e-10
1748    2.5396622100937197e-10
1749    2.5377524938437544e-10
1750    2.535845345869286e-10
1751    2.533940759482282e-10
1752    2.5320387282705574e-10
1753    2.5301392502998214e-10
1754    2.528242326956681e-10
1755    2.526347956699952e-10
1756    2.5244561374351704e-10
1757    2.5225668670874425e-10
1758    2.5206801453716446e-10
1759    2.5187959776216743e-10
1760    2.516914370991583e-10
1761    2.515035332618391e-10
1762    2.513158869564989e-10
1763    2.5112849888269414e-10
1764    2.509413697332928e-10
1765    2.507545001922884e-10
1766    2.505678909000935e-10
1767    2.503815420244629e-10
1768    2.501954533401882e-10
1769    2.5000962458519475e-10
1770    2.4982405529909413e-10
1771    2.4963874512340317e-10
1772    2.4945369439709847e-10
1773    2.492689035709597e-10
1774    2.490843730534411e-10
1775    2.4890010322909615e-10
1776    2.487160944800885e-10
1777    2.4853234718546135e-10
1778    2.4834886163166656e-10
1779    2.481656378687919e-10
1780    2.479826759716662e-10
1781    2.477999757520961e-10
1782    2.4761753682572865e-10
1783    2.474353588048884e-10
1784    2.472534412739915e-10
1785    2.470717837518542e-10
1786    2.468903857487066e-10
1787    2.4670924677483886e-10
1788    2.4652836614792484e-10
1789    2.463477425708506e-10
1790    2.4616737462964837e-10
1791    2.4598726091589495e-10
1792    2.458074000365793e-10
1793    2.4562779067140346e-10
1794    2.454484315929008e-10
1795    2.452693221093374e-10
1796    2.450904618226435e-10
1797    2.449118503375237e-10
1798    2.447334872017886e-10
1799    2.445553717818346e-10
1800    2.4437750340178204e-10
1801    2.4419988137779057e-10
1802    2.440225050068398e-10
1803    2.4384537358516693e-10
1804    2.436684864142483e-10
1805    2.4349184279491397e-10
1806    2.433154420129454e-10
1807    2.431392833528676e-10
1808    2.429633660803591e-10
1809    2.427876893339302e-10
1810    2.4261225228467693e-10
1811    2.4243705412982854e-10
1812    2.4226209407203697e-10
1813    2.420873713175987e-10
1814    2.4191288507670123e-10
1815    2.4173863444489946e-10
1816    2.415646181767794e-10
1817    2.413908349776238e-10
1818    2.412172837291417e-10
1819    2.4104396380475696e-10
1820    2.408708746712522e-10
1821    2.4069801579715143e-10
1822    2.4052538666432427e-10
1823    2.403529868013632e-10
1824    2.401808157486884e-10
1825    2.4000887304755177e-10
1826    2.3983715823976285e-10
1827    2.3966567086836113e-10
1828    2.394944104316164e-10
1829    2.3932337627161963e-10
1830    2.3915256770057714e-10
1831    2.3898198403486757e-10
1832    2.3881162458673067e-10
1833    2.386414886536366e-10
1834    2.384715755586033e-10
1835    2.3830188480998086e-10
1836    2.3813241601658273e-10
1837    2.379631689228149e-10
1838    2.377941431692491e-10
1839    2.376253378695771e-10
1840    2.374567524247264e-10
1841    2.3728838636547616e-10
1842    2.371202392266117e-10
1843    2.3695231054814234e-10
1844    2.36784599872107e-10
1845    2.3661710674217966e-10
1846    2.364498307036548e-10
1847    2.3628277131066796e-10
1848    2.3611592815774726e-10
1849    2.359493008530648e-10
1850    2.357828887872621e-10
1851    2.3561669060990725e-10
1852    2.354507048116227e-10
1853    2.352849298901345e-10
1854    2.35119364347476e-10
1855    2.3495400669667974e-10
1856    2.34788855390458e-10
1857    2.346239083044092e-10
1858    2.344591632319412e-10
1859    2.342946183523758e-10
1860    2.341302718720277e-10
1861    2.339661220971576e-10
1862    2.3380216743250914e-10
1863    2.3363840629273757e-10
1864    2.3347483734873794e-10
1865    2.3331145998029085e-10
1866    2.331482736857421e-10
1867    2.3298527795080304e-10
1868    2.3282247224769658e-10
1869    2.3265985604930376e-10
1870    2.324974288304393e-10
1871    2.3233519006784517e-10
1872    2.321731392398806e-10
1873    2.3201127593545333e-10
1874    2.318496004735798e-10
1875    2.316881134676292e-10
1876    2.3152681552808914e-10
1877    2.3136570726264725e-10
1878    2.3120478944390602e-10
1879    2.3104406321326033e-10
1880    2.308835297574167e-10
1881    2.3072319025729114e-10
1882    2.3056304588542506e-10
1883    2.3040309771440888e-10
1884    2.3024334650232241e-10
1885    2.3008379301196404e-10
1886    2.2992443809359363e-10
1887    2.297652825956633e-10
1888    2.2960632736013852e-10
1889    2.2944757321664618e-10
1890    2.2928902088610443e-10
1891    2.2913067031184903e-10
1892    2.2897252056813618e-10
1893    2.288145698028106e-10
1894    2.2865681607453901e-10
1895    2.284992574518514e-10
1896    2.2834189200679598e-10
1897    2.281847178025146e-10
1898    2.2802773286012742e-10
1899    2.2787093504797473e-10
1900    2.2771432220952775e-10
1901    2.2755789219833975e-10
1902    2.2740164287817603e-10
1903    2.2724557212395632e-10
1904    2.2708967782216826e-10
1905    2.269339578731642e-10
1906    2.2677841043086116e-10
1907    2.266230341913481e-10
1908    2.264678284276403e-10
1909    2.263127926868382e-10
1910    2.2615792645457496e-10
1911    2.2600322915306408e-10
1912    2.2584870020847296e-10
1913    2.2569433904948342e-10
1914    2.2554014510765337e-10
1915    2.253861178166619e-10
1916    2.2523225661361795e-10
1917    2.2507856093944948e-10
1918    2.2492503040284384e-10
1919    2.247716651852015e-10
1920    2.2461846597428766e-10
1921    2.244654339206813e-10
1922    2.2431257019507147e-10
1923    2.2415987596062696e-10
1924    2.2400735237421424e-10
1925    2.2385500065000188e-10
1926    2.2370282202754354e-10
1927    2.2355081773529265e-10
1928    2.2339898898291058e-10
1929    2.23247336680219e-10
1930    2.2309586141518314e-10
1931    2.2294456377610013e-10
1932    2.2279344435190151e-10
1933    2.2264250371749051e-10
1934    2.224917422442965e-10
1935    2.223411601376237e-10
1936    2.2219075767079302e-10
1937    2.2204053512332355e-10
1938    2.2189049255295697e-10
1939    2.217406293407702e-10
1940    2.2159094473846385e-10
1941    2.2144143800111484e-10
1942    2.2129210814811095e-10
1943    2.211429540360193e-10
1944    2.2099397452375925e-10
1945    2.2084516847601682e-10
1946    2.206965347630429e-10
1947    2.2054807225349209e-10
1948    2.2039977971711083e-10
1949    2.2025165584694865e-10
1950    2.201036993405214e-10
1951    2.1995590896164417e-10
1952    2.1980828402272206e-10
1953    2.1966082412690626e-10
1954    2.195135288739728e-10
1955    2.1936639780531324e-10
1956    2.1921943042228117e-10
1957    2.190726262291012e-10
1958    2.1892598488506738e-10
1959    2.1877950655532045e-10
1960    2.1863319147631108e-10
1961    2.1848703979992813e-10
1962    2.183410516876184e-10
1963    2.181952273412687e-10
1964    2.1804956697222297e-10
1965    2.1790407081334444e-10
1966    2.1775873913372994e-10
1967    2.1761357220378063e-10
1968    2.1746857029098817e-10
1969    2.17323733660031e-10
1970    2.1717906257272373e-10
1971    2.170345572836759e-10
1972    2.1689021803742004e-10
1973    2.1674604507403829e-10
1974    2.1660203862357308e-10
1975    2.1645819887817038e-10
1976    2.16314525940666e-10
1977    2.161710198852397e-10
1978    2.1602768073419433e-10
1979    2.158845083366446e-10
1980    2.157415025034531e-10
1981    2.1559866304528074e-10
1982    2.154559897724741e-10
1983    2.153134824948285e-10
1984    2.1517114103041533e-10
1985    2.150289652105867e-10
1986    2.1488695488089607e-10
1987    2.1474510989162527e-10
1988    2.146034300924027e-10
1989    2.1446191537038741e-10
1990    2.143205658755103e-10
1991    2.1417938186754124e-10
1992    2.1403836362917705e-10
1993    2.1389751160713852e-10
1994    2.1375682635015727e-10
1995    2.1361630840505145e-10
1996    2.1347595830973928e-10
1997    2.1333577623300383e-10
1998    2.1319576171239847e-10
1999    2.1305591429795784e-10
2000    2.12916233569667e-10
2001    2.12776719110909e-10
2002    2.1263737050048325e-10
2003    2.1249818732514188e-10
2004    2.1235916924716892e-10
2005    2.1222031595532534e-10
2006    2.12081627139576e-10
2007    2.119431024910681e-10
2008    2.1180474170210997e-10
2009    2.116665444643022e-10
2010    2.115285104198715e-10
2011    2.1139063905181146e-10
2012    2.1125292976280076e-10
2013    2.111153819454564e-10
2014    2.1097799496560693e-10
2015    2.108407681862346e-10
2016    2.10703700973405e-10
2017    2.1056679263143415e-10
2018    2.1043004218797013e-10
2019    2.102934486228234e-10
2020    2.101570116310114e-10
2021    2.1002073152968627e-10
2022    2.098846086548549e-10
2023    2.097486433391978e-10
2024    2.0961283591217735e-10
2025    2.0947718669961437e-10
2026    2.093416960205272e-10
2027    2.0920636406359712e-10
2028    2.0907119085185542e-10
2029    2.089361763962355e-10
2030    2.0880132070603094e-10
2031    2.0866662371280985e-10
2032    2.0853208509232397e-10
2033    2.0839770447367365e-10
2034    2.0826348148882236e-10
2035    2.0812941577013357e-10
2036    2.0799550697447536e-10
2037    2.078617547869066e-10
2038    2.0772815888043835e-10
2039    2.07594718876551e-10
2040    2.0746143438480498e-10
2041    2.073283050132432e-10
2042    2.071953302574335e-10
2043    2.070625088551378e-10
2044    2.0692983931877485e-10
2045    2.067973204547886e-10
2046    2.066649515208088e-10
2047    2.0653273187582342e-10
2048    2.0640066092633987e-10
2049    2.062687380859422e-10
2050    2.061369627708634e-10
2051    2.060053343991465e-10
2052    2.0587385239102196e-10
2053    2.0574251616933257e-10
2054    2.056113251595305e-10
2055    2.0548027879247567e-10
2056    2.053493765077506e-10
2057    2.0521861774816595e-10
2058    2.050880019344217e-10
2059    2.0495752856265332e-10
2060    2.0482719747156355e-10
2061    2.0469700867262412e-10
2062    2.045669623941855e-10
2063    2.0443705888152474e-10
2064    2.0430729834867686e-10
2065    2.0417768118301235e-10
2066    2.0404820833137975e-10
2067    2.0391888083771887e-10
2068    2.0378969973955113e-10
2069    2.0366066606782765e-10
2070    2.0353178084739193e-10
2071    2.0340304509631614e-10
2072    2.0327445981219102e-10
2073    2.0314602551772246e-10
2074    2.0301774192286206e-10
2075    2.028896086057857e-10
2076    2.0276162513097442e-10
2077    2.0263379106371537e-10
2078    2.025061059079728e-10
2079    2.0237856916494335e-10
2080    2.0225118036674023e-10
2081    2.021239390466707e-10
2082    2.0199684473923577e-10
2083    2.0186989698018727e-10
2084    2.0174309530652987e-10
2085    2.0161643925649448e-10
2086    2.014899283424001e-10
2087    2.0136356212933865e-10
2088    2.0123734014623722e-10
2089    2.011112616314914e-10
2090    2.009853258116086e-10
2091    2.00859531918619e-10
2092    2.0073387918328685e-10
2093    2.0060836683761833e-10
2094    2.004829941182241e-10
2095    2.0035776036066578e-10
2096    2.0023266510736178e-10
2097    2.001077079302332e-10
2098    1.9998288835184285e-10
2099    1.9985820569565723e-10
2100    1.9973365925437132e-10
2101    1.9960924857639419e-10
2102    1.9948497351965462e-10
2103    1.9936083397675447e-10
2104    1.9923682984091062e-10
2105    1.991129610055752e-10
2106    1.9898922736436285e-10
2107    1.9886562881102e-10
2108    1.9874216523942614e-10
2109    1.9861883654359193e-10
2110    1.9849564262484382e-10
2111    1.9837258349983485e-10
2112    1.982496592877178e-10
2113    1.9812686992237645e-10
2114    1.9800421529738526e-10
2115    1.9788169523916366e-10
2116    1.9775930951311878e-10
2117    1.9763705788293114e-10
2118    1.9751494011064857e-10
2119    1.9739295594821607e-10
2120    1.972711051454656e-10
2121    1.9714938745290674e-10
2122    1.9702780262174165e-10
2123    1.9690635040367763e-10
2124    1.967850305480347e-10
2125    1.966638427987048e-10
2126    1.9654278688679872e-10
2127    1.9642186254070872e-10
2128    1.9630106948099128e-10
2129    1.961804073224258e-10
2130    1.96059875672651e-10
2131    1.9593947418910932e-10
2132    1.9581920253715992e-10
2133    1.9569906037648162e-10
2134    1.955790473361154e-10
2135    1.9545916304034832e-10
2136    1.953394070991271e-10
2137    1.9521977898401885e-10
2138    1.9510027810163601e-10
2139    1.9498090387840028e-10
2140    1.9486165574782183e-10
2141    1.9474253314601082e-10
2142    1.946235355012315e-10
2143    1.9450466213083773e-10
2144    1.943859122860934e-10
2145    1.9426728522058e-10
2146    1.9414878024827523e-10
2147    1.9403039687876977e-10
2148    1.939121346642971e-10
2149    1.937939931587366e-10
2150    1.9367597191692291e-10
2151    1.9355807049470249e-10
2152    1.9344028844959003e-10
2153    1.9332262534084504e-10
2154    1.9320508072917806e-10
2155    1.9308765417700885e-10
2156    1.9297034525881328e-10
2157    1.9285315378034036e-10
2158    1.9273607971336538e-10
2159    1.9261912317422108e-10
2160    1.925022843088493e-10
2161    1.9238556327115717e-10
2162    1.9226896039085085e-10
2163    1.9215247609250626e-10
2164    1.9203611061734338e-10
2165    1.9191986415967263e-10
2166    1.9180373691126707e-10
2167    1.9168772906068863e-10
2168    1.9157184079730432e-10
2169    1.9145607230951187e-10
2170    1.9134042375440888e-10
2171    1.912248950950859e-10
2172    1.9110948621817189e-10
2173    1.9099419700998362e-10
2174    1.9087902735671226e-10
2175    1.9076397714442525e-10
2176    1.9064904625906662e-10
2177    1.9053423458667732e-10
2178    1.904195419737922e-10
2179    1.9030496820300564e-10
2180    1.9019051312320927e-10
2181    1.9007617648329503e-10
2182    1.8996195800245648e-10
2183    1.8984785739771389e-10
2184    1.897338743777675e-10
2185    1.8962000879880622e-10
2186    1.895062605716502e-10
2187    1.8939262952865394e-10
2188    1.8927911540232057e-10
2189    1.8916571793987868e-10
2190    1.8905243690070856e-10
2191    1.889392720452056e-10
2192    1.8882622313414735e-10
2193    1.8871328992746152e-10
2194    1.8860047218528506e-10
2195    1.8848776966798646e-10
2196    1.883751821359569e-10
2197    1.8826270938314154e-10
2198    1.881503514180957e-10
2199    1.8803810848007104e-10
2200    1.879259808534887e-10
2201    1.878139687958111e-10
2202    1.8770207235402264e-10
2203    1.875902914653775e-10
2204    1.8747862606705026e-10
2205    1.873670760976919e-10
2206    1.8725564149614618e-10
2207    1.8714432220113218e-10
2208    1.8703311815124406e-10
2209    1.8692202928495523e-10
2210    1.8681105554068608e-10
2211    1.867001968635862e-10
2212    1.8658945313694082e-10
2213    1.864788239831746e-10
2214    1.8636830896598822e-10
2215    1.862579076167771e-10
2216    1.8614761945581697e-10
2217    1.8603744400465598e-10
2218    1.859273807193442e-10
2219    1.8581742879186677e-10
2220    1.8570758734382595e-10
2221    1.855978554946848e-10
2222    1.8548823236482425e-10
2223    1.8537871707845122e-10
2224    1.8526930881140828e-10
2225    1.8516000692546146e-10
2226    1.850508109889072e-10
2227    1.8494172097271404e-10
2228    1.8483273690860026e-10
2229    1.847238588276681e-10
2230    1.8461508676045867e-10
2231    1.845064207355836e-10
2232    1.843978607714282e-10
2233    1.8428940687663735e-10
2234    1.841810590520339e-10
2235    1.840728172988234e-10
2236    1.8396468161795527e-10
2237    1.8385665199863748e-10
2238    1.8374872843682504e-10
2239    1.8364091113033664e-10
2240    1.8353320026729602e-10
2241    1.8342559589426292e-10
2242    1.833180980398835e-10
2243    1.832107067320557e-10
2244    1.8310342199802616e-10
2245    1.8299624386439273e-10
2246    1.828891723568608e-10
2247    1.8278220748087134e-10
2248    1.8267534921215922e-10
2249    1.8256859756623404e-10
2250    1.824619525858884e-10
2251    1.8235541431395767e-10
2252    1.822489827927132e-10
2253    1.821426580667736e-10
2254    1.8203644018296823e-10
2255    1.8193032918751279e-10
2256    1.8182432512587707e-10
2257    1.8171842804278761e-10
2258    1.8161263798780836e-10
2259    1.815069550360117e-10
2260    1.814013792693324e-10
2261    1.8129591076838375e-10
2262    1.8119054960851412e-10
2263    1.8108529584768693e-10
2264    1.809801495387285e-10
2265    1.808751107128827e-10
2266    1.8077017917681776e-10
2267    1.8066535460337894e-10
2268    1.8056063666454227e-10
2269    1.8045602503454264e-10
2270    1.8035151940893618e-10
2271    1.8024711950146172e-10
2272    1.8014282502750193e-10
2273    1.8003863570335855e-10
2274    1.7993455124586275e-10
2275    1.7983057137152053e-10
2276    1.7972669579338095e-10
2277    1.7962292421061205e-10
2278    1.795192563001537e-10
2279    1.7941569164477102e-10
2280    1.793122297982946e-10
2281    1.7920887031472426e-10
2282    1.7910561276608789e-10
2283    1.7900245691883543e-10
2284    1.7889940266378502e-10
2285    1.7879644989306953e-10
2286    1.786935984974452e-10
2287    1.7859084837335536e-10
2288    1.7848819947362632e-10
2289    1.7838565178407566e-10
2290    1.7828320529056266e-10
2291    1.781808599785576e-10
2292    1.7807861583180272e-10
2293    1.779764728466296e-10
2294    1.7787443106444513e-10
2295    1.7777249053170001e-10
2296    1.776706512891075e-10
2297    1.7756891337463072e-10
2298    1.7746727682237602e-10
2299    1.7736574165833738e-10
2300    1.7726430801035733e-10
2301    1.771629760842959e-10
2302    1.7706174608694293e-10
2303    1.7696061822365256e-10
2304    1.7685959269894913e-10
2305    1.767586697167351e-10
2306    1.766578494778056e-10
2307    1.7655713218076823e-10
2308    1.7645651802317085e-10
2309    1.7635600720114688e-10
2310    1.762555999091739e-10
2311    1.7615529634816054e-10
2312    1.7605509671760056e-10
2313    1.7595500113644756e-10
2314    1.7585500964826598e-10
2315    1.7575512228587035e-10
2316    1.7565533904653263e-10
2317    1.755556596886456e-10
2318    1.7545608378593646e-10
2319    1.753566109335026e-10
2320    1.7525724072622072e-10
2321    1.7515797270424527e-10
2322    1.750588063883423e-10
2323    1.749597413010051e-10
2324    1.7486077696642162e-10
2325    1.747619129102882e-10
2326    1.7466314866009548e-10
2327    1.745644837452152e-10
2328    1.7446591769689107e-10
2329    1.7436745004822936e-10
2330    1.7426908033415036e-10
2331    1.74170808091383e-10
2332    1.7407263285847414e-10
2333    1.7397455417772405e-10
2334    1.7387657162298667e-10
2335    1.737786847773742e-10
2336    1.7368089320968641e-10
2337    1.7358319648991873e-10
2338    1.7348559420306931e-10
2339    1.7338808598536666e-10
2340    1.7329067148782166e-10
2341    1.7319335036080978e-10
2342    1.7309612224606302e-10
2343    1.729989867845717e-10
2344    1.729019436187922e-10
2345    1.7280499238941182e-10
2346    1.7270813273644394e-10
2347    1.726113643043302e-10
2348    1.7251468680586537e-10
2349    1.7241810002001252e-10
2350    1.7232160374385887e-10
2351    1.7222519791115146e-10
2352    1.721288825960803e-10
2353    1.7203265787899226e-10
2354    1.719365238395016e-10
2355    1.7184048055645426e-10
2356    1.7174452810794533e-10
2357    1.716486665715849e-10
2358    1.7155289602016742e-10
2359    1.7145721650396896e-10
2360    1.7136162807097752e-10
2361    1.712661308359556e-10
2362    1.711707249572901e-10
2363    1.7107541058555518e-10
2364    1.7098018785468987e-10
2365    1.708850568982906e-10
2366    1.7079001784901758e-10
2367    1.7069507083614666e-10
2368    1.7060021593606859e-10
2369    1.7050545316174425e-10
2370    1.7041078252174754e-10
2371    1.7031620402418908e-10
2372    1.7022171767840785e-10
2373    1.7012732349907288e-10
2374    1.7003302150154823e-10
2375    1.6993881168182203e-10
2376    1.6984469399063664e-10
2377    1.697506683728836e-10
2378    1.696567347601612e-10
2379    1.6956289301294188e-10
2380    1.6946914296815343e-10
2381    1.693754844617879e-10
2382    1.6928191732855883e-10
2383    1.6918844138888812e-10
2384    1.6909505639271357e-10
2385    1.690017620438408e-10
2386    1.689085580123358e-10
2387    1.6881544396691957e-10
2388    1.6872241960657342e-10
2389    1.6862948474904276e-10
2390    1.685366392423407e-10
2391    1.6844388293478422e-10
2392    1.6835121567499608e-10
2393    1.6825863731562896e-10
2394    1.681661477210845e-10
2395    1.6807374675815702e-10
2396    1.6798143429370977e-10
2397    1.6788921019528294e-10
2398    1.677970743394625e-10
2399    1.6770502665016977e-10
2400    1.6761306706878797e-10
2401    1.6752119553917786e-10
2402    1.674294120094755e-10
2403    1.6733771644662473e-10
2404    1.6724610881928266e-10
2405    1.6715458909418707e-10
2406    1.6706315723381087e-10
2407    1.669718131923726e-10
2408    1.6688055692279487e-10
2409    1.6678938837774667e-10
2410    1.666983075095908e-10
2411    1.6660731427044256e-10
2412    1.66516408612175e-10
2413    1.6642559044743405e-10
2414    1.663348594228981e-10
2415    1.6624421507632757e-10
2416    1.661536569466492e-10
2417    1.6606318457428247e-10
2418    1.6597279751196051e-10
2419    1.6588249535780204e-10
2420    1.6579227770159595e-10
2421    1.6570214413145425e-10
2422    1.656120942347338e-10
2423    1.6552212758623413e-10
2424    1.654322437569936e-10
2425    1.6534244231974692e-10
2426    1.6525272284876877e-10
2427    1.6516308492003864e-10
2428    1.6507352811170567e-10
2429    1.649840520094794e-10
2430    1.6489465619590148e-10
2431    1.6480534024375472e-10
2432    1.6471610372665085e-10
2433    1.6462694622014702e-10
2434    1.6453786730547612e-10
2435    1.6444886656585915e-10
2436    1.6435994362555124e-10
2437    1.6427109819123864e-10
2438    1.6418232998950084e-10
2439    1.6409363894705704e-10
2440    1.6400502515103786e-10
2441    1.6391648869133804e-10
2442    1.6382802965705917e-10
2443    1.6373964813651843e-10
2444    1.6365134421745237e-10
2445    1.6356311798723348e-10
2446    1.634749695311986e-10
2447    1.6338689892891395e-10
2448    1.6329890625804726e-10
2449    1.632109915955638e-10
2450    1.6312315501782372e-10
2451    1.6303539660722258e-10
2452    1.6294771650944287e-10
2453    1.6286011491521349e-10
2454    1.6277259203677769e-10
2455    1.626851480872822e-10
2456    1.6259778327815818e-10
2457    1.625104978168412e-10
2458    1.624232919122644e-10
2459    1.6233616582757767e-10
2460    1.62249119844748e-10
2461    1.6216215424408665e-10
2462    1.6207526930424243e-10
2463    1.6198846529669132e-10
2464    1.6190174234394422e-10
2465    1.6181510040012557e-10
2466    1.6172853940184825e-10
2467    1.6164205928611736e-10
2468    1.6155565999185898e-10
2469    1.6146934145817703e-10
2470    1.6138310359103053e-10
2471    1.6129694620758587e-10
2472    1.6121086911081145e-10
2473    1.6112487210430533e-10
2474    1.6103895497468353e-10
2475    1.6095311744380368e-10
2476    1.6086735921930659e-10
2477    1.6078168000983704e-10
2478    1.6069607951368034e-10
2479    1.6061055736328817e-10
2480    1.6052511316795776e-10
2481    1.6057941701833887e-10
2482    1.604942697936633e-10
2483    1.6040920234701867e-10
2484    1.6032421434371044e-10
2485    1.602393054475174e-10
2486    1.6015447532348918e-10
2487    1.600697236371618e-10
2488    1.599850500548737e-10
2489    1.5990045424413988e-10
2490    1.5981593587354174e-10
2491    1.5973149461049563e-10
2492    1.5964713007971495e-10
2493    1.5956284183925238e-10
2494    1.5947862944280098e-10
2495    1.5939449246908905e-10
2496    1.5931043057143774e-10
2497    1.5922644341893066e-10
2498    1.591425306818849e-10
2499    1.5905869203182886e-10
