18   2.5494448464246724e-09   2.9194422588287116e-20
54   9.96360780598254e-10   4.433985569388542e-19
90   4.972934081945844e-10   1.9038838987042956e-18
126   2.918996106153039e-10   5.486905461260721e-18
162   1.9049102592258635e-10   1.229511067901994e-17
198   1.3269064843670542e-10   2.4524577411284904e-17
234   9.631582038050107e-11   4.405489735074992e-17
270   7.204549883155341e-11   7.382675602153822e-17
306   5.530613856690923e-11   1.1727670154252055e-16
342   4.349567095235601e-11   1.8586499496879628e-16
378   3.4980124447652646e-11   2.8273034901640424e-16
414   2.867991456897198e-11   3.803245936553842e-16
450   2.392826666569038e-11   5.321998019749845e-16
486   2.0337074481961797e-11   8.131061020797394e-16
522   1.7428230942527476e-11   9.096235327664862e-16
