1   1   5.856679143196872e-08
1   2   8.147979019477326e-08
2   1   2.383001731831765e-08
2   2   2.9645504022152794e-08
3   1   1.3514675843012938e-08
3   2   1.577609514245598e-08
4   1   8.835125637498724e-09
4   2   9.907104630244082e-09
5   1   6.259014544603422e-09
5   2   6.830686060689321e-09
6   1   4.671217740109356e-09
6   2   5.001190032822668e-09
7   1   3.616816419088443e-09
7   2   3.8184715078076226e-09
8   1   2.8784087882437185e-09
8   2   3.007051081537125e-09
9   1   2.3402360894676604e-09
9   2   2.425095485151249e-09
10   1   1.935600688949942e-09
10   2   1.993082815302988e-09
11   1   1.623663050105101e-09
11   2   1.6634305984587564e-09
12   1   1.3781841529359872e-09
12   2   1.4061683949245666e-09
13   1   1.181652276605757e-09
13   2   1.2016152852955663e-09
14   1   1.021985513800153e-09
14   2   1.036376393093542e-09
15   1   8.906222187124545e-10
15   2   9.010766781426317e-10
16   1   7.81348655487945e-10
16   2   7.889824846224681e-10
17   1   6.89567280075152e-10
17   2   6.951559249917676e-10
18   1   6.118144162177509e-10
18   2   6.15904823501617e-10
19   1   5.454389829453028e-10
19   2   5.484221606884335e-10
20   1   4.883853855080795e-10
20   2   4.905440603619632e-10
21   1   4.390372724372908e-10
21   2   4.4057951768503996e-10
22   1   3.961131453315522e-10
22   2   3.9719166921095003e-10
23   1   3.5858310500621057e-10
23   2   3.59311343898524e-10
24   1   3.2561193451207905e-10
24   2   3.2607688569729946e-10
25   1   2.965208392018694e-10
25   2   2.9678619938110827e-10
26   1   2.707491865636249e-10
26   2   2.7086464819763075e-10
27   1   2.478329380248978e-10
27   2   2.478370592624943e-10
28   1   2.2738533152299234e-10
28   2   2.2730623656732639e-10
29   1   2.0908032523347317e-10
29   2   2.0894029590971954e-10
30   1   1.926442379725311e-10
30   2   1.924602879007345e-10
31   1   1.7784456530740058e-10
31   2   1.7762957547981677e-10
32   1   1.6448290791028154e-10
32   2   1.6424744727391916e-10
33   1   1.523888116979137e-10
33   2   1.521400711688121e-10
34   1   1.4141706011064975e-10
34   2   1.4116131189099514e-10
35   1   1.314401973127814e-10
35   2   1.3118205491047635e-10
36   1   1.2234982197527124e-10
36   2   1.220926224366811e-10
37   1   1.1404984403518481e-10
37   2   1.1379618236320583e-10
38   1   1.0645736881698399e-10
38   2   1.0620898827392423e-10
39   1   9.949942003337752e-11
39   2   9.925804494098858e-11
40   1   9.31120084637953e-11
40   2   9.28784981861741e-11
41   1   8.723880577096273e-11
41   2   8.701355895012694e-11
42   1   8.182986844832616e-11
42   2   8.161378049261016e-11
43   1   7.68411336409174e-11
43   2   7.663398187580902e-11
44   1   7.223303489149894e-11
44   2   7.20351487897197e-11
45   1   6.797089785069722e-11
45   2   6.778207337696014e-11
46   1   6.402346395513507e-11
46   2   6.384363225790317e-11
47   1   6.0361775229085e-11
47   2   6.019070351650658e-11
48   1   5.6964177539101216e-11
48   2   5.680169877635586e-11
49   1   5.380482968622826e-11
49   2   5.3650596604303664e-11
50   1   5.086459793434832e-11
50   2   5.071847642104747e-11
51   1   4.812548058228152e-11
51   2   4.7986939712194233e-11
52   1   4.557104366635178e-11
52   2   4.543981343610554e-11
53   1   4.3186232814636966e-11
53   2   4.306200519218468e-11
54   1   4.0957596441131946e-11
54   2   4.0840052530253316e-11
55   1   3.887296956139446e-11
55   2   3.876179495312673e-11
56   1   3.692122904921589e-11
56   2   3.681612608894496e-11
57   1   3.509245207931884e-11
57   2   3.4992908786556595e-11
58   1   3.337711297321431e-11
58   2   3.328320226688352e-11
59   1   3.176699407106102e-11
59   2   3.167821664071305e-11
60   1   3.0254357296580084e-11
60   2   3.01703946891459e-11
61   1   2.8832052324448432e-11
61   2   2.875280619387711e-11
62   1   2.749361835634764e-11
62   2   2.741876506902183e-11
63   1   2.623345000007112e-11
63   2   2.6162555722765728e-11
64   1   2.5045881959998406e-11
64   2   2.497905978606361e-11
65   1   2.392603177568915e-11
65   2   2.3862902753831804e-11
66   1   2.2869064511521512e-11
66   2   2.280941666470342e-11
67   1   2.187097616110096e-11
67   2   2.181456711776708e-11
68   1   2.0927767599894754e-11
68   2   2.0874553407576082e-11
69   1   2.003593696639011e-11
69   2   1.998559783355605e-11
70   1   1.9192026081816183e-11
70   2   1.9144462506663927e-11
71   1   1.839301421603382e-11
71   2   1.8348066571931463e-11
72   1   1.7635994455809635e-11
72   2   1.7593475453856085e-11
73   1   1.6918432229480017e-11
73   2   1.6878220684582644e-11
74   1   1.623776028139434e-11
74   2   1.6199732162167018e-11
75   1   1.559174124912909e-11
75   2   1.5555765819719192e-11
76   1   1.4978290796806768e-11
76   2   1.494424417910766e-11
77   1   1.4395408636583931e-11
77   2   1.4363194736302996e-11
78   1   1.384126264348243e-11
78   2   1.3810770023068686e-11
79   1   1.3314163179958234e-11
79   2   1.3285320872329447e-11
80   1   1.2812587838092333e-11
80   2   1.2785268736569273e-11
81   1   1.2334977718848705e-11
81   2   1.2309057643963439e-11
82   1   1.1879959538576039e-11
82   2   1.1855404344576904e-11
83   1   1.1446275937162456e-11
83   2   1.1423013028574746e-11
84   1   1.1032702108070651e-11
84   2   1.1010680657344144e-11
85   1   1.0638129054998215e-11
85   2   1.0617223654586385e-11
86   1   1.0261531836322169e-11
86   2   1.0241703968741113e-11
87   1   9.901864333875028e-12
87   2   9.883047298137301e-12
88   1   9.558241919494557e-12
88   2   9.540388859118605e-12
89   1   9.22981771710772e-12
89   2   9.212866928128505e-12
90   1   8.915742831087436e-12
90   2   8.899640093433758e-12
91   1   8.615294470617883e-12
91   2   8.600009570396822e-12
92   1   8.32773021476942e-12
92   2   8.313200911527286e-12
93   1   8.052406028968351e-12
93   2   8.03859599150509e-12
94   1   7.788671214229804e-12
94   2   7.775547045231134e-12
95   1   7.535944802682121e-12
95   2   7.523478070259913e-12
96   1   7.293665164001202e-12
96   2   7.281796373262545e-12
97   1   7.061312899273413e-12
97   2   7.0500186075286654e-12
98   1   6.838363684401609e-12
98   2   6.827615643919354e-12
99   1   6.624445821414691e-12
99   2   6.614203596754163e-12
100   1   6.418994524667065e-12
100   2   6.4092640895115886e-12
101   1   6.221718318974917e-12
101   2   6.21242670811784e-12
102   1   6.032135822642062e-12
102   2   6.023255336419472e-12
103   1   5.849928193199172e-12
103   2   5.841485138342833e-12
104   1   5.674691212599973e-12
104   2   5.6666418614671225e-12
105   1   5.506192670611378e-12
105   2   5.498464960692978e-12
106   1   5.343985074566745e-12
106   2   5.336651396327892e-12
107   1   5.187890500070121e-12
107   2   5.180897109586795e-12
108   1   5.037590161999084e-12
108   2   5.030900289305112e-12
109   1   4.892832783764538e-12
109   2   4.886441590915019e-12
110   1   4.753354828832031e-12
110   2   4.747245640075404e-12
111   1   4.618946911214802e-12
111   2   4.613082580042778e-12
112   1   4.48931209131069e-12
112   2   4.483724240356905e-12
113   1   4.3643307270518335e-12
113   2   4.358980771063239e-12
114   1   4.243743653157619e-12
114   2   4.2386214943917595e-12
115   1   4.127369341543054e-12
115   2   4.122466130400722e-12
116   1   4.015049108723065e-12
116   2   4.010358684886779e-12
117   1   3.906588295900764e-12
117   2   3.902080954881849e-12
118   1   3.801840069940077e-12
118   2   3.797519967902739e-12
119   1   3.700631745729222e-12
119   2   3.69648507336771e-12
120   1   3.6028312537428717e-12
120   2   3.5988490957397343e-12
121   1   3.5082785429119908e-12
121   2   3.504461221973497e-12
122   1   3.4168690222034316e-12
122   2   3.4131954585188967e-12
123   1   3.3284380916351106e-12
123   2   3.324910610732162e-12
124   1   3.2429059686188635e-12
124   2   3.2395192228193264e-12
125   1   3.1601248044582596e-12
125   2   3.1568658894243025e-12
126   1   3.0800023125546993e-12
126   2   3.076864655928657e-12
127   1   3.0024310022341804e-12
127   2   2.9994097293783307e-12
128   1   2.9273063096613107e-12
128   2   2.9243975348886527e-12
129   1   2.8545369508749312e-12
129   2   2.8517343324675564e-12
130   1   2.7840302111603417e-12
130   2   2.7813272153791627e-12
131   1   2.715707092514473e-12
131   2   2.7131006458409102e-12
132   1   2.6494710212475757e-12
132   2   2.6469586974664754e-12
133   1   2.5852541524126117e-12
133   2   2.582831010405339e-12
134   1   2.5229823913698215e-12
134   2   2.520644171710769e-12
135   1   2.462566201512555e-12
135   2   2.460306436685463e-12
136   1   2.4039652871733622e-12
136   2   2.4017835422510414e-12
137   1   2.3470929391045825e-12
137   2   2.3449826171000187e-12
138   1   2.2918940274556126e-12
138   2   2.2898517422454465e-12
139   1   2.2383041817641796e-12
139   2   2.236337320187943e-12
140   1   2.186270293229074e-12
140   2   2.1843527113327807e-12
141   1   2.135736604836538e-12
141   2   2.133887685169811e-12
142   1   2.086638608098114e-12
142   2   2.08485068187298e-12
143   1   2.0389459358099044e-12
143   2   2.0372031876626824e-12
144   1   1.992604789402736e-12
144   2   1.9909215948108564e-12
145   1   1.947551236888672e-12
145   2   1.9459247289301146e-12
146   1   1.903760299835839e-12
146   2   1.902181486607536e-12
147   1   1.8611841047704967e-12
147   2   1.8596534898620123e-12
148   1   1.819777166119155e-12
148   2   1.8182926585269108e-12
149   1   1.7795070655262246e-12
149   2   1.7780659990318627e-12
150   1   1.740314742006975e-12
150   2   1.7389308173209688e-12
151   1   1.7022102738861422e-12
151   2   1.7008510496616288e-12
152   1   1.6651200869679521e-12
152   2   1.6638016347021542e-12
153   1   1.6290190508523037e-12
153   2   1.6277360563962072e-12
154   1   1.5938737522654844e-12
154   2   1.5926276135896338e-12
155   1   1.5596630653756415e-12
155   2   1.558451517302619e-12
156   1   1.5263480976129138e-12
156   2   1.5251695357423704e-12
157   1   1.4939019185017798e-12
157   2   1.4927542059573494e-12
158   1   1.4623024088627442e-12
158   2   1.4611871276659548e-12
159   1   1.4315164973118701e-12
159   2   1.4304302214950452e-12
160   1   1.4015206222921312e-12
160   2   1.4004651288348941e-12
161   1   1.3722943892323651e-12
161   2   1.37126458422137e-12
162   1   1.3438090263800979e-12
162   2   1.3428071401231066e-12
163   1   1.3160400416822508e-12
163   2   1.3150680429680062e-12
164   1   1.2889794950501415e-12
164   2   1.2880273504276281e-12
165   1   1.2625912706542955e-12
165   2   1.2616642420842454e-12
166   1   1.2368610664549594e-12
166   2   1.2359577600506912e-12
167   1   1.2117680752115283e-12
167   2   1.2108877502322837e-12
168   1   1.1872945932087964e-12
168   2   1.186435762624744e-12
169   1   1.163422134037956e-12
169   2   1.1625850487386606e-12
170   1   1.1401343049590834e-12
170   2   1.139315694915846e-12
171   1   1.1174056634224331e-12
171   2   1.1166082867937112e-12
172   1   1.0952331445121918e-12
172   2   1.094455707576665e-12
173   1   1.0735969728015917e-12
173   2   1.0728379403457597e-12
174   1   1.0524741848478726e-12
174   2   1.0517342615619177e-12
175   1   1.031850579216992e-12
175   2   1.031129338193671e-12
176   1   1.0117309663726305e-12
176   2   1.0110259117653706e-12
177   1   9.92082778683765e-13
177   2   9.913920231731783e-13
178   1   9.728932780064176e-13
178   2   9.722203639185284e-13
179   1   9.541563026271682e-13
179   2   9.53500424760874e-13
180   1   9.358579873887087e-13
180   2   9.352167817759939e-13
181   1   9.179839720000736e-13
181   2   9.173579663297165e-13
182   1   9.005215148551851e-13
182   2   8.999084321255212e-13
183   1   8.834671655056698e-13
183   2   8.82869714525438e-13
184   1   8.668013967392923e-13
184   2   8.66217704370461e-13
185   1   8.505181852784944e-13
185   2   8.499429794217968e-13
186   1   8.346051444746234e-13
186   2   8.340479498786048e-13
187   1   8.190553327877979e-13
187   2   8.185145830290065e-13
188   1   8.038560490968616e-13
188   2   8.033225447137394e-13
189   1   7.889962709912152e-13
189   2   7.88475372822886e-13
190   1   7.744717229300457e-13
190   2   7.739656952326289e-13
191   1   7.602746244119556e-13
191   2   7.597782809652612e-13
192   1   7.46391897675589e-13
192   2   7.459058235514008e-13
193   1   7.328170841526726e-13
193   2   7.323423926657451e-13
194   1   7.195429182490604e-13
194   2   7.190788335909398e-13
195   1   7.06558571157177e-13
195   2   7.061047386705995e-13
196   1   6.938609192760606e-13
196   2   6.934175640368466e-13
197   1   6.814412736678515e-13
197   2   6.810079299645446e-13
198   1   6.692917208933856e-13
198   2   6.688680403454733e-13
199   1   6.574054540555469e-13
199   2   6.569914273332653e-13
200   1   6.457768673426187e-13
200   2   6.453716057193697e-13
201   1   6.344015785545947e-13
201   2   6.340048030089064e-13
202   1   6.23265597713597e-13
202   2   6.228785528734986e-13
203   1   6.123699256600107e-13
203   2   6.119917653693485e-13
204   1   6.017071748810021e-13
204   2   6.013373919025647e-13
205   1   5.912729368466341e-13
205   2   5.909105812819398e-13
206   1   5.810558673725918e-13
206   2   5.807020607923302e-13
207   1   5.710561299807944e-13
207   2   5.70710225963938e-13
208   1   5.612680839370048e-13
208   2   5.60929485938258e-13
209   1   5.516845341530262e-13
209   2   5.513535430797542e-13
210   1   5.423007048843213e-13
210   2   5.419772774277884e-13
211   1   5.331112148617254e-13
211   2   5.327946315271064e-13
212   1   5.241156752400166e-13
212   2   5.23806319237946e-13
213   1   5.153059396906389e-13
213   2   5.150032330658808e-13
214   1   5.066761353499493e-13
214   2   5.063801241725445e-13
215   1   4.98226359468111e-13
215   2   4.979367345959371e-13
216   1   4.899475386480374e-13
216   2   4.896642439432782e-13
217   1   4.818374612855516e-13
217   2   4.815610941879395e-13
218   1   4.738931399528814e-13
218   2   4.736224201711382e-13
219   1   4.66111942886385e-13
219   2   4.658472351444067e-13
220   1   4.584873638880449e-13
220   2   4.582288398810103e-13
221   1   4.510153341096589e-13
221   2   4.5076240052939934e-13
222   1   4.436935201374604e-13
222   2   4.434452725380181e-13
223   1   4.365186946768941e-13
223   2   4.362773938406727e-13
224   1   4.2948903072487785e-13
224   2   4.2925220644154787e-13
225   1   4.225976495346078e-13
225   2   4.2236636745634064e-13
226   1   4.158431615059452e-13
226   2   4.1561670379412173e-13
227   1   4.0922209233137414e-13
227   2   4.0900076426327564e-13
228   1   4.0273305871241787e-13
228   2   4.0251652267019183e-13
229   1   3.963698089705021e-13
229   2   3.9615899927525744e-13
230   1   3.901322535249893e-13
230   2   3.8992555589478524e-13
231   1   3.84015336389346e-13
231   2   3.838127171307976e-13
232   1   3.7801929933472337e-13
232   2   3.778206132678453e-13
233   1   3.721393800588825e-13
233   2   3.719456865149899e-13
234   1   3.663718398640462e-13
234   2   3.661813016631689e-13
235   1   3.607178550445703e-13
235   2   3.6053252698252643e-13
236   1   3.5516915546385016e-13
236   2   3.549890717024219e-13
237   1   3.4972958634155115e-13
237   2   3.495517222702673e-13
238   1   3.4439233733215443e-13
238   2   3.442195974749654e-13
239   1   3.3915726357252345e-13
239   2   3.38988117212076e-13
240   1   3.3402149426387503e-13
240   2   3.3385611553543537e-13
241   1   3.289829167746686e-13
241   2   3.2882113409808983e-13
242   1   3.2403941642308855e-13
242   2   3.238813310177084e-13
243   1   3.191885960388991e-13
243   2   3.190337220967289e-13
244   1   3.1442882508650347e-13
244   2   3.1427688184071885e-13
245   1   3.097576750358703e-13
245   2   3.096095522999951e-13
246   1   3.051737664533493e-13
246   2   3.050288382315701e-13
247   1   3.006738821134506e-13
247   2   3.0053336608288436e-13
248   1   2.9625793545646596e-13
248   2   2.9611914334434643e-13
249   1   2.9192323804910973e-13
249   2   2.9178804027858055e-13
250   1   2.876678331149347e-13
250   2   2.8753532669042485e-13
251   1   2.8349026191244215e-13
251   2   2.83360702573741e-13
252   1   2.7938938036538186e-13
252   2   2.792627359090916e-13
253   1   2.7536252534097107e-13
253   2   2.7523815826048807e-13
254   1   2.7140885315905344e-13
254   2   2.712876580050451e-13
255   1   2.67526002116697e-13
255   2   2.6740730741954107e-13
256   1   2.6371334761595224e-13
256   2   2.635972767803168e-13
257   1   2.599692712065535e-13
257   2   2.5985590071484613e-13
258   1   2.562920812710427e-13
258   2   2.561810518870632e-13
259   1   2.5268011884825406e-13
259   2   2.525715226065201e-13
260   1   2.4913172444706546e-13
260   2   2.490254764191164e-13
261   1   2.4564631460055495e-13
261   2   2.4554249149121285e-13
262   1   2.422228200982364e-13
262   2   2.421213818696575e-13
263   1   2.3885957807637104e-13
263   2   2.387600540855886e-13
264   1   2.3555446129467677e-13
264   2   2.3545707553332966e-13
265   1   2.3230698847947643e-13
265   2   2.3221165517641617e-13
266   1   2.2911555275195063e-13
266   2   2.290224964895134e-13
267   1   2.2598063911912568e-13
267   2   2.25889394451935e-13
268   1   2.228993279963118e-13
268   2   2.2280981948653533e-13
269   1   2.1987055255820007e-13
269   2   2.1978320378933456e-13
270   1   2.1689360708779528e-13
270   2   2.168080899186468e-13
271   1   2.139673988036976e-13
271   2   2.1388363360401392e-13
272   1   2.1109130350128482e-13
272   2   2.1100932573156905e-13
273   1   2.0826419643992048e-13
273   2   2.081840053114939e-13
274   1   2.054846935936112e-13
274   2   2.0540656884558204e-13
275   1   2.0275143726414108e-13
275   2   2.0267463712707449e-13
276   1   2.000639927645839e-13
276   2   1.9998848446158704e-13
277   1   1.9742134240907447e-13
277   2   1.973476599990951e-13
278   1   1.9482333869457684e-13
278   2   1.947511957720459e-13
279   1   1.9226823196806617e-13
279   2   1.921974205443177e-13
280   1   1.8975434850291516e-13
280   2   1.8968514615440267e-13
281   1   1.8728288606168272e-13
281   2   1.8721507464959063e-13
282   1   1.848519916434083e-13
282   2   1.84785350561791e-13
283   1   1.8246060689487774e-13
283   2   1.8239507091259176e-13
284   1   1.80107766830354e-13
284   2   1.80044136881196e-13
285   1   1.7779322478380335e-13
285   2   1.777308467497543e-13
286   1   1.755162785092953e-13
286   2   1.7545504924981932e-13
287   1   1.7327550796016348e-13
287   2   1.7321554343760567e-13
288   1   1.7107100854075877e-13
288   2   1.7101229198499436e-13
289   1   1.6890154505316247e-13
289   2   1.6884404441749222e-13
290   1   1.667669394907262e-13
290   2   1.667104860462887e-13
291   1   1.6466629612945029e-13
291   2   1.6461063220107032e-13
292   1   1.6259805419607305e-13
292   2   1.625460033032712e-13
293   1   1.6056263393241408e-13
293   2   1.6050939375830414e-13
294   1   1.585598470931583e-13
294   2   1.585074617437416e-13
295   1   1.565873876771342e-13
295   2   1.5653617448803212e-13
296   1   1.5464640929160268e-13
296   2   1.545959753701534e-13
297   1   1.5273469901969051e-13
297   2   1.526857162053871e-13
298   1   1.508533129259198e-13
298   2   1.5080562647688705e-13
299   1   1.4900027196874702e-13
299   2   1.4895292852658226e-13
300   1   1.471760751846721e-13
300   2   1.4712956536235743e-13
301   1   1.4537959777980223e-13
301   2   1.4533399484341113e-13
302   1   1.4361067254013797e-13
302   2   1.435659701377883e-13
303   1   1.4186809139101064e-13
303   2   1.418242616810102e-13
304   1   1.401525212900005e-13
304   2   1.4010946823886871e-13
305   1   1.3846227736606926e-13
305   2   1.3841994272119297e-13
306   1   1.3679728692159174e-13
306   2   1.3675554796603597e-13
307   1   1.3515766823044032e-13
307   2   1.3511694185601147e-13
308   1   1.3354262761047186e-13
308   2   1.335026018342001e-13
309   1   1.3195098231101301e-13
309   2   1.3191165568502043e-13
310   1   1.3038305331252955e-13
310   2   1.3034450066575602e-13
311   1   1.2883797870861422e-13
311   2   1.287996920856403e-13
312   1   1.2731581503474048e-13
312   2   1.2727850808180814e-13
313   1   1.258163437504862e-13
313   2   1.2577976003273355e-13
314   1   1.2433857855246064e-13
314   2   1.2430272444076367e-13
315   1   1.2288227502175823e-13
315   2   1.228468149009413e-13
316   1   1.2144676819946443e-13
316   2   1.2141204337258383e-13
317   1   1.2003198880422864e-13
317   2   1.1999787994210962e-13
318   1   1.1863754853356986e-13
318   2   1.1860373948635583e-13
319   1   1.172631620992132e-13
319   2   1.1723036047710003e-13
320   1   1.1590892619938858e-13
320   2   1.1587651744337459e-13
321   1   1.1457346683678604e-13
321   2   1.1454189936468727e-13
322   1   1.1325685176387771e-13
322   2   1.1322543520337345e-13
323   1   1.119590999045627e-13
323   2   1.119282376775521e-13
324   1   1.1067937554940121e-13
324   2   1.1064907424762444e-13
325   1   1.0941775972994164e-13
325   2   1.0938789096766999e-13
326   1   1.0817387170807953e-13
326   2   1.081442544200112e-13
327   1   1.0694750433685101e-13
327   2   1.069184718018239e-13
328   1   1.0573869930861636e-13
328   2   1.0571012439914587e-13
329   1   1.0454519351859149e-13
329   2   1.0451713351520383e-13
330   1   1.0336903592364622e-13
330   2   1.033414223970707e-13
331   1   1.0220895340847482e-13
331   2   1.0218169309871787e-13
332   1   1.0106461722577729e-13
332   2   1.0103793112934524e-13
333   1   9.993641920298481e-14
333   2   9.990968061111677e-14
334   1   9.882332394553725e-14
334   2   9.87974639677599e-14
335   1   9.772531186902426e-14
335   2   9.769982344219708e-14
336   1   9.66422664095618e-14
336   2   9.66170661499386e-14
337   1   9.557379880092554e-14
337   2   9.55490829111668e-14
338   1   9.451959864858877e-14
338   2   9.44953321012646e-14
339   1   9.347990038468602e-14
339   2   9.345604967144372e-14
340   1   9.245418220973418e-14
340   2   9.243056305936971e-14
341   1   9.144178548032924e-14
341   2   9.141843037276712e-14
342   1   9.044325568688827e-14
342   2   9.042033002438518e-14
343   1   8.945781983782174e-14
343   2   8.94352459987666e-14
344   1   8.84853636917577e-14
344   2   8.84630927445681e-14
345   1   8.752573641678701e-14
345   2   8.750379744448797e-14
346   1   8.657893384924955e-14
346   2   8.655727497439489e-14
347   1   8.564491963447761e-14
347   2   8.562319918527857e-14
348   1   8.47224457509237e-14
348   2   8.470144870367245e-14
349   1   8.381217994714043e-14
349   2   8.379147949201344e-14
350   1   8.291383500023043e-14
350   2   8.289344068233199e-14
351   1   8.202711196475358e-14
351   2   8.200696012349761e-14
352   1   8.115185469101117e-14
352   2   8.113201486228835e-14
353   1   8.02880864760908e-14
353   2   8.026852619252616e-14
354   1   7.943545428124013e-14
354   2   7.941618580701473e-14
355   1   7.859385243265084e-14
355   2   7.857465944673713e-14
356   1   7.776296398757488e-14
356   2   7.77442218815694e-14
357   1   7.694241388495487e-14
357   2   7.69239337013507e-14
358   1   7.61325008099155e-14
358   2   7.611427459501673e-14
359   1   7.533294902808304e-14
359   2   7.531496229479146e-14
360   1   7.454358569393052e-14
360   2   7.452580061239581e-14
361   1   7.376428592609594e-14
361   2   7.374677364867321e-14
362   1   7.299483779558629e-14
362   2   7.297766538113827e-14
363   1   7.223497341845606e-14
363   2   7.221793837336251e-14
364   1   7.14846690143275e-14
364   2   7.146786231245196e-14
365   1   7.07437335604857e-14
365   2   7.072719660478413e-14
366   1   7.001231500505222e-14
366   2   6.99959528412209e-14
367   1   6.928974215158223e-14
367   2   6.927359860228914e-14
368   1   6.857647239452484e-14
368   2   6.856054136306863e-14
369   1   6.787190499402992e-14
369   2   6.785612372146006e-14
370   1   6.717617851123926e-14
370   2   6.716066150841718e-14
371   1   6.648889331898002e-14
371   2   6.647358036250699e-14
372   1   6.581015437839659e-14
372   2   6.579505882389875e-14
373   1   6.513982371780246e-14
373   2   6.512491577291528e-14
374   1   6.447765806529586e-14
374   2   6.446295655475254e-14
375   1   6.382384256488867e-14
375   2   6.380932881153531e-14
376   1   6.317810805721345e-14
376   2   6.316361404211055e-14
377   1   6.253990448681214e-14
377   2   6.252572273086412e-14
378   1   6.190975054630447e-14
378   2   6.189577551983126e-14
379   1   6.128721497318883e-14
379   2   6.12734386175705e-14
380   1   6.067217917096606e-14
380   2   6.06585578718159e-14
381   1   6.006472137578224e-14
381   2   6.005127504032313e-14
382   1   5.946455238876054e-14
382   2   5.945127329027597e-14
383   1   5.887164099333797e-14
383   2   5.885856193095831e-14
384   1   5.828599898595249e-14
384   2   5.827309310560095e-14
385   1   5.770725268624525e-14
385   2   5.769425651016803e-14
386   1   5.713566972482448e-14
386   2   5.71230917970679e-14
387   1   5.6570693889414235e-14
387   2   5.655835308801327e-14
388   1   5.601264903888882e-14
388   2   5.600039075619389e-14
389   1   5.546062482344323e-14
389   2   5.544897429157881e-14
390   1   5.4916336086260354e-14
390   2   5.490439014948998e-14
391   1   5.4378049640927936e-14
391   2   5.4366270086757896e-14
392   1   5.3846126275762305e-14
392   2   5.3834464004609296e-14
393   1   5.332047040884328e-14
393   2   5.3308974060115824e-14
394   1   5.280105525351546e-14
394   2   5.2789752604252656e-14
395   1   5.228780168927289e-14
395   2   5.227661703221831e-14
396   1   5.178046018407341e-14
396   2   5.176939941950226e-14
397   1   5.127931818034191e-14
397   2   5.126843687975673e-14
398   1   5.078403023185919e-14
398   2   5.077322694402206e-14
399   1   5.0294714566935396e-14
399   2   5.0284043635015414e-14
400   1   4.981095438843191e-14
400   2   4.980045451720644e-14
401   1   4.9332797768723846e-14
401   2   4.932246082663248e-14
402   1   4.886036245825117e-14
402   2   4.885003106534259e-14
403   1   4.83933449798706e-14
403   2   4.838339663256983e-14
404   1   4.7931775670348185e-14
404   2   4.7921790401964105e-14
405   1   4.7475611512054055e-14
405   2   4.7465756182048314e-14
406   1   4.70247259468186e-14
406   2   4.701500975211415e-14
407   1   4.657916798853384e-14
407   2   4.656954255784252e-14
408   1   4.613872445441165e-14
408   2   4.612925886768521e-14
409   1   4.570321766236461e-14
409   2   4.569399575529882e-14
410   1   4.5272889579067143e-14
410   2   4.526364162846199e-14
411   1   4.4847419927242176e-14
411   2   4.483830457056962e-14
412   1   4.442692177962402e-14
412   2   4.441790030310778e-14
413   1   4.4011018578082724e-14
413   2   4.4002163485178465e-14
414   1   4.360031384118234e-14
414   2   4.359161590236722e-14
415   1   4.319408166740282e-14
415   2   4.3185460513338183e-14
416   1   4.279256903236453e-14
416   2   4.27840028819648e-14
417   1   4.239551569120585e-14
417   2   4.238707706527083e-14
418   1   4.200294423858423e-14
418   2   4.1994654475758504e-14
419   1   4.161498691882357e-14
419   2   4.160675849035744e-14
420   1   4.1231333578578127e-14
420   2   4.1223220696140846e-14
421   1   4.085200723256678e-14
421   2   4.084398337461026e-14
422   1   4.047705901766526e-14
422   2   4.0469186624652564e-14
423   1   4.010632857274656e-14
423   2   4.009850676237084e-14
424   1   3.9739730562058985e-14
424   2   3.9732007921776385e-14
425   1   3.9377311555509213e-14
425   2   3.9369714584734684e-14
426   1   3.901895995607155e-14
426   2   3.901145140654857e-14
427   1   3.8664583042662934e-14
427   2   3.86571747357968e-14
428   1   3.8314032318769815e-14
428   2   3.830684322091775e-14
429   1   3.7967629818381815e-14
429   2   3.7960423330727495e-14
430   1   3.762509071930434e-14
430   2   3.761795186713665e-14
431   1   3.728639441579711e-14
431   2   3.727932590455321e-14
432   1   3.695129393352317e-14
432   2   3.6944346728253497e-14
433   1   3.662003248063197e-14
433   2   3.6613176973219236e-14
434   1   3.629230890365704e-14
434   2   3.628558447109244e-14
435   1   3.596838549381161e-14
435   2   3.5961706831381203e-14
436   1   3.5647931877798e-14
436   2   3.56413339521877e-14
437   1   3.5331068597914217e-14
437   2   3.5324551520334877e-14
438   1   3.5017569948433186e-14
438   2   3.5011209304934565e-14
439   1   3.4707660128781905e-14
439   2   3.4701321856416746e-14
440   1   3.4401095090544605e-14
440   2   3.4394836591223625e-14
441   1   3.409788895017254e-14
441   2   3.4091717767704586e-14
442   1   3.379806139394747e-14
442   2   3.379197353733932e-14
443   1   3.350142893632397e-14
443   2   3.3495431519958397e-14
444   1   3.320804783870154e-14
444   2   3.320209254503412e-14
445   1   3.2917830927697956e-14
445   2   3.2911969772714084e-14
446   1   3.2630766841750914e-14
446   2   3.262498218615854e-14
447   1   3.2346848212297927e-14
447   2   3.234120601599076e-14
448   1   3.206593510500192e-14
448   2   3.206033286712213e-14
449   1   3.1788126668376796e-14
449   2   3.1782568327128005e-14
450   1   3.1513344096421516e-14
450   2   3.1507873591849805e-14
451   1   3.124146513925216e-14
451   2   3.1236042696209906e-14
452   1   3.097250871420782e-14
452   2   3.096715247590814e-14
453   1   3.0706437681520955e-14
453   2   3.070112472487656e-14
454   1   3.044318960922724e-14
454   2   3.04379642409699e-14
455   1   3.0182709765835496e-14
455   2   3.017756717156324e-14
456   1   2.992506349567094e-14
456   2   2.991998236091716e-14
457   1   2.967012730917532e-14
457   2   2.96650843409297e-14
458   1   2.941793469967393e-14
458   2   2.9412991405457834e-14
459   1   2.916844469250304e-14
459   2   2.916355223855208e-14
460   1   2.89215570983596e-14
460   2   2.8916676418444644e-14
461   1   2.86772439031248e-14
461   2   2.8672503057862035e-14
462   1   2.843556096264365e-14
462   2   2.8430856985619465e-14
463   1   2.8196360194893064e-14
463   2   2.8191733390533087e-14
464   1   2.7959681798299442e-14
464   2   2.7955098919212604e-14
465   1   2.7725493875160133e-14
465   2   2.7720932069196932e-14
466   1   2.7493748446036182e-14
466   2   2.7489277381972132e-14
467   1   2.7264399905226243e-14
467   2   2.7259992325790277e-14
468   1   2.7037530126259318e-14
468   2   2.7033151001490606e-14
469   1   2.6812921812564818e-14
469   2   2.6808625674607413e-14
470   1   2.6590655702601003e-14
470   2   2.6586408822966313e-14
471   1   2.637073598538438e-14
471   2   2.6366545857695737e-14
472   1   2.6153032085731192e-14
472   2   2.6148869417354302e-14
473   1   2.5937561172987167e-14
473   2   2.5933477826738312e-14
474   1   2.5724309612056856e-14
474   2   2.572025532579473e-14
475   1   2.551328566348848e-14
475   2   2.55093019944431e-14
476   1   2.5304387134673462e-14
476   2   2.5300435532865666e-14
477   1   2.509765749817444e-14
477   2   2.5093772653011077e-14
478   1   2.4893042321970076e-14
478   2   2.488920840212784e-14
479   1   2.4690510639032623e-14
479   2   2.4686704250372092e-14
480   1   2.4490300304595908e-14
480   2   2.448671630688656e-14
481   1   2.4291477674129236e-14
481   2   2.4287781150259475e-14
482   1   2.4095030125694564e-14
482   2   2.4091390736176224e-14
483   1   2.3900527192371448e-14
483   2   2.3896925660101592e-14
484   1   2.3707965247237412e-14
484   2   2.3704414669020914e-14
485   1   2.3517431346940044e-14
485   2   2.3513912458850846e-14
486   1   2.3328714595588407e-14
486   2   2.3325243704271857e-14
487   1   2.3141955079392922e-14
487   2   2.3138556185477274e-14
488   1   2.2957021433992683e-14
488   2   2.2953632301825076e-14
489   1   2.2773925291236923e-14
489   2   2.277056704150995e-14
490   1   2.2592614236278452e-14
490   2   2.2589303951368688e-14
491   1   2.2413148093955152e-14
491   2   2.2409879930037777e-14
492   1   2.2235419333097082e-14
492   2   2.2232194931929347e-14
493   1   2.2059479432276665e-14
493   2   2.2056300113828454e-14
494   1   2.1884987151621835e-14
494   2   2.1882123689338785e-14
495   1   2.171276612833984e-14
495   2   2.1709645217743385e-14
496   1   2.1541958342275586e-14
496   2   2.1538875315441564e-14
497   1   2.1372825715862763e-14
497   2   2.1369788362654948e-14
498   1   2.1205350345467872e-14
498   2   2.1202342336169792e-14
499   1   2.1039472041814142e-14
499   2   2.1036498013041698e-14
500   1   2.0875229374810566e-14
500   2   2.087229731145204e-14
501   1   2.0712560104286548e-14
501   2   2.0709645036758187e-14
502   1   2.0551392385294358e-14
502   2   2.0548528603906668e-14
503   1   2.039194113635448e-14
503   2   2.0389745701251686e-14
504   1   2.0233937253793653e-14
504   2   2.0231145732141397e-14
505   1   2.0077459069793438e-14
505   2   2.0074701312325856e-14
506   1   1.9922510489946467e-14
506   2   1.9919831503992612e-14
507   1   1.976902290054917e-14
507   2   1.976632318124905e-14
508   1   1.9616997316654018e-14
508   2   1.9614330593085812e-14
509   1   1.9466411385212582e-14
509   2   1.946377064810708e-14
510   1   1.931726614301008e-14
510   2   1.9314656022380233e-14
511   1   1.9169502525144537e-14
511   2   1.916692220029547e-14
512   1   1.902318712313849e-14
512   2   1.902063550850333e-14
513   1   1.8878216644855903e-14
513   2   1.8875699308620592e-14
514   1   1.8734596847813435e-14
514   2   1.8732133786688452e-14
515   1   1.8592383056440524e-14
515   2   1.858993140337416e-14
516   1   1.845150916085964e-14
516   2   1.844905614385796e-14
517   1   1.831191894057673e-14
517   2   1.8309503407535027e-14
518   1   1.817360412997014e-14
518   2   1.8171222379304686e-14
519   1   1.803665244665494e-14
519   2   1.8034297033661792e-14
520   1   1.7900912510523216e-14
520   2   1.7898584939090065e-14
521   1   1.7766436029622447e-14
521   2   1.7764130614068106e-14
522   1   1.7633208337211294e-14
522   2   1.7630952872670963e-14
523   1   1.7501223332756968e-14
523   2   1.749896968521807e-14
524   1   1.7370413686149086e-14
524   2   1.736820195999011e-14
525   1   1.7240879704452965e-14
525   2   1.7238673232296003e-14
526   1   1.711251017137952e-14
526   2   1.7110328015216603e-14
527   1   1.698530419396859e-14
527   2   1.6983143553189864e-14
528   1   1.6859308693548943e-14
528   2   1.6857056890725334e-14
529   1   1.673439197351978e-14
529   2   1.673228170327941e-14
530   1   1.6610628170118058e-14
530   2   1.6608539816666428e-14
531   1   1.6487997011327795e-14
531   2   1.6485928417282373e-14
532   1   1.6366451953873967e-14
532   2   1.636451154184687e-14
533   1   1.6246047298823968e-14
533   2   1.6244010203935317e-14
534   1   1.6126695019061844e-14
534   2   1.6124692213265992e-14
535   1   1.6008376500340695e-14
535   2   1.6006434048866207e-14
536   1   1.5891243114172567e-14
536   2   1.5889239111835328e-14
537   1   1.5775080529604955e-14
537   2   1.577313772546901e-14
538   1   1.565998604734836e-14
538   2   1.5658072272648406e-14
539   1   1.554590968697587e-14
539   2   1.5544000791370024e-14
540   1   1.5432869181215134e-14
540   2   1.543098250378287e-14
541   1   1.5320794591283674e-14
541   2   1.5318949556955825e-14
542   1   1.520974727314513e-14
542   2   1.5207905103198687e-14
543   1   1.5099664063655276e-14
543   2   1.509791281217996e-14
544   1   1.4990555494053108e-14
544   2   1.4988742338296316e-14
545   1   1.4882420575681023e-14
545   2   1.4880615898888695e-14
546   1   1.4775196112940634e-14
546   2   1.4773426800452852e-14
547   1   1.466900181246917e-14
547   2   1.466722131431022e-14
548   1   1.4563649948644835e-14
548   2   1.456191213583452e-14
549   1   1.4459285412029357e-14
549   2   1.4457575971828057e-14
550   1   1.43557902502632e-14
550   2   1.435411437709628e-14
551   1   1.425325117904923e-14
551   2   1.4251568075718897e-14
552   1   1.4151561556673386e-14
552   2   1.4149899177841401e-14
553   1   1.4050780396917482e-14
553   2   1.4049073149669687e-14
554   1   1.3950840407381023e-14
554   2   1.3949215784021448e-14
555   1   1.3851776964975318e-14
555   2   1.385016042931554e-14
556   1   1.3753576292431267e-14
556   2   1.3751974636747627e-14
557   1   1.3656161299777762e-14
557   2   1.3654576877605152e-14
558   1   1.3559702243508095e-14
558   2   1.3558132128325524e-14
559   1   1.3464029579826475e-14
559   2   1.3462473367343247e-14
560   1   1.3369181500881276e-14
560   2   1.3367651380102718e-14
561   1   1.3275137873866776e-14
561   2   1.3273614421307768e-14
562   1   1.3181916819734541e-14
562   2   1.3180407576965053e-14
563   1   1.3089464941097523e-14
563   2   1.3087970560113692e-14
564   1   1.2997820820227889e-14
564   2   1.2996326818738716e-14
565   1   1.2906931054287313e-14
565   2   1.2905466891981641e-14
566   1   1.281682564026354e-14
566   2   1.2815372625133942e-14
567   1   1.272746780588684e-14
567   2   1.2726033597748675e-14
568   1   1.2638876867673656e-14
568   2   1.2637451407390125e-14
569   1   1.2551053566903235e-14
569   2   1.2549649904851954e-14
570   1   1.2463970410302017e-14
570   2   1.246256848613221e-14
571   1   1.2377626438631891e-14
571   2   1.2376240616505258e-14
572   1   1.2292008419812605e-14
572   2   1.2290633515553205e-14
573   1   1.220711570247628e-14
573   2   1.2205750588879937e-14
574   1   1.2122891857122727e-14
574   2   1.2121556499978917e-14
575   1   1.2039397850429295e-14
575   2   1.2038064160994482e-14
576   1   1.1956583985702974e-14
576   2   1.195527638238087e-14
577   1   1.1874504662400855e-14
577   2   1.1873199863095464e-14
578   1   1.1793084945518045e-14
578   2   1.1791786170232534e-14
579   1   1.1712326641238473e-14
579   2   1.1710988660496405e-14
580   1   1.163226244867024e-14
580   2   1.16309837308529e-14
581   1   1.155286792285164e-14
581   2   1.1551585135373282e-14
582   1   1.1474121226675726e-14
582   2   1.1472871178773985e-14
583   1   1.1396046659665096e-14
583   2   1.1394806658686455e-14
584   1   1.1318606927286218e-14
584   2   1.1317373727297223e-14
585   1   1.1241789997120472e-14
585   2   1.1240573900473184e-14
586   1   1.1165608420315937e-14
586   2   1.1164403251776893e-14
587   1   1.1090072170300016e-14
587   2   1.1088874333255993e-14
588   1   1.1015130981340271e-14
588   2   1.1013953146864112e-14
589   1   1.0940844890216853e-14
589   2   1.0939669597742535e-14
590   1   1.0867082200347345e-14
590   2   1.0865918745280706e-14
591   1   1.079397295799008e-14
591   2   1.07928475144331e-14
592   1   1.0721480417653755e-14
592   2   1.072033856763633e-14
593   1   1.0649563384838476e-14
593   2   1.0648434197923466e-14
594   1   1.0578288840236497e-14
594   2   1.0577166557807474e-14
595   1   1.0507550812959917e-14
595   2   1.0506433095727317e-14
596   1   1.0437383361678316e-14
596   2   1.0436280963731102e-14
597   1   1.0367789836118927e-14
597   2   1.0366700391057853e-14
598   1   1.0298743870375419e-14
598   2   1.0297664387572587e-14
599   1   1.0230270228043912e-14
599   2   1.0229204872978839e-14
600   1   1.0162349188859325e-14
600   2   1.0161288773716735e-14
601   1   1.0094977974879909e-14
601   2   1.0093926800025104e-14
602   1   1.002815485767319e-14
602   2   1.002711078876466e-14
603   1   9.961839387673521e-15
603   2   9.960804279851741e-15
604   1   9.896083241945308e-15
604   2   9.895059848364728e-15
605   1   9.83086488773031e-15
605   2   9.829850678494225e-15
606   1   9.766168816646231e-15
606   2   9.765155123756976e-15
607   1   9.70198378773307e-15
607   2   9.700983927703524e-15
608   1   9.638036741412563e-15
608   2   9.637328341560668e-15
609   1   9.575155434545918e-15
609   2   9.574177858641499e-15
610   1   9.512481757615643e-15
610   2   9.511512687091345e-15
611   1   9.450330803054904e-15
611   2   9.449367036183745e-15
612   1   9.388660608623324e-15
612   2   9.38770252415397e-15
613   1   9.32749374960803e-15
613   2   9.326550184872181e-15
614   1   9.266799669671701e-15
614   2   9.265859918893582e-15
615   1   9.206576115636912e-15
615   2   9.205647019371239e-15
616   1   9.14686851249292e-15
616   2   9.145950313058146e-15
617   1   9.087603057923576e-15
617   2   9.086700652416902e-15
618   1   9.028820016259398e-15
618   2   9.02791533740343e-15
619   1   8.97051550036394e-15
619   2   8.969621473142147e-15
620   1   8.912652403671504e-15
620   2   8.911766413197909e-15
621   1   8.855250490723144e-15
621   2   8.854373914260035e-15
622   1   8.798298765727949e-15
622   2   8.797428315569142e-15
623   1   8.741780646505579e-15
623   2   8.74091869593062e-15
624   1   8.685764587658029e-15
624   2   8.684906962698867e-15
625   1   8.630102879535926e-15
625   2   8.629255552197352e-15
626   1   8.574914379553571e-15
626   2   8.574078719758207e-15
627   1   8.520147766019321e-15
627   2   8.519317123015381e-15
628   1   8.46581995605424e-15
628   2   8.464995195746536e-15
629   1   8.411937670594607e-15
629   2   8.411118424192464e-15
630   1   8.358449301109773e-15
630   2   8.35763974975115e-15
631   1   8.30537823958721e-15
631   2   8.304576781636788e-15
632   1   8.252734128627732e-15
632   2   8.251937268335995e-15
633   1   8.200492095176708e-15
633   2   8.19971406705556e-15
634   1   8.148672751609167e-15
634   2   8.147891509722015e-15
635   1   8.097219129526573e-15
635   2   8.096444915027547e-15
636   1   8.046193135349088e-15
636   2   8.045425979486085e-15
637   1   7.995546805596551e-15
637   2   7.994778602683743e-15
638   1   7.945301812078024e-15
638   2   7.944546998750158e-15
639   1   7.89543033096782e-15
639   2   7.89468101127467e-15
640   1   7.845940421443693e-15
640   2   7.84521246828384e-15
641   1   7.796853723672145e-15
641   2   7.796120340143753e-15
642   1   7.748149719965156e-15
642   2   7.747421519856186e-15
643   1   7.699790018135647e-15
643   2   7.699068563886699e-15
644   1   7.65181861143017e-15
644   2   7.651104617664152e-15
645   1   7.604210013879419e-15
645   2   7.60350521449607e-15
646   1   7.556976433262801e-15
646   2   7.556277817349864e-15
647   1   7.510094445211685e-15
647   2   7.509398145400869e-15
648   1   7.46357288042046e-15
648   2   7.462858893410891e-15
649   1   7.41740262399823e-15
649   2   7.416719878311216e-15
650   1   7.37158254072357e-15
650   2   7.370905882839682e-15
651   1   7.326117436458515e-15
651   2   7.325446166856933e-15
652   1   7.280990253283607e-15
652   2   7.280325967297703e-15
653   1   7.236201884589959e-15
653   2   7.235541486493312e-15
654   1   7.191770938679247e-15
654   2   7.191118737049298e-15
655   1   7.147666673944781e-15
655   2   7.147028019804632e-15
656   1   7.103900909302288e-15
656   2   7.103258987328284e-15
657   1   7.060458402420996e-15
657   2   7.059827490173127e-15
658   1   7.017349823622101e-15
658   2   7.016719462403839e-15
659   1   6.9745707185767544e-15
659   2   6.973945404176586e-15
660   1   6.931993001783087e-15
660   2   6.931376392663448e-15
661   1   6.8899584767365455e-15
661   2   6.889344515446079e-15
662   1   6.848133723641569e-15
662   2   6.847526014601721e-15
663   1   6.8066118077410345e-15
663   2   6.806009598656475e-15
664   1   6.765413101487265e-15
664   2   6.7648155503678626e-15
665   1   6.72450972718243e-15
665   2   6.723918102420444e-15
666   1   6.6839171388681476e-15
666   2   6.683329810797321e-15
667   1   6.643613111254609e-15
667   2   6.643091216137756e-15
668   1   6.603650929419029e-15
668   2   6.603075944619233e-15
669   1   6.563965793445576e-15
669   2   6.563389792835519e-15
670   1   6.524558309932498e-15
670   2   6.5239923532284954e-15
671   1   6.485479487244491e-15
671   2   6.4848762184161184e-15
672   1   6.4466592597358435e-15
672   2   6.4461017379296236e-15
673   1   6.40812967267302e-15
673   2   6.40757785831462e-15
674   1   6.369880114279259e-15
674   2   6.369333809047965e-15
675   1   6.331922894187806e-15
675   2   6.331382215838086e-15
676   1   6.294242210589968e-15
676   2   6.293704964605229e-15
677   1   6.256843658354918e-15
677   2   6.256311360595401e-15
678   1   6.219712843627111e-15
678   2   6.219189328261912e-15
679   1   6.182855281565276e-15
679   2   6.182332901796263e-15
680   1   6.146262561936774e-15
680   2   6.145744078935339e-15
681   1   6.109946372682893e-15
681   2   6.109432508825731e-15
682   1   6.073911343018552e-15
682   2   6.073401859826595e-15
683   1   6.038105459217265e-15
683   2   6.037602587269946e-15
684   1   6.0026032004656366e-15
684   2   6.002103610835392e-15
685   1   5.967340942588078e-15
685   2   5.9668459252934194e-15
686   1   5.93233123631484e-15
686   2   5.931834283410115e-15
687   1   5.897575721099151e-15
687   2   5.897088109785318e-15
688   1   5.863069863265471e-15
688   2   5.862588341432318e-15
689   1   5.828818545762999e-15
689   2   5.8283382531863124e-15
690   1   5.794813422547187e-15
690   2   5.794333532183894e-15
691   1   5.7610562861748565e-15
691   2   5.7605853880851995e-15
692   1   5.7275362037529654e-15
692   2   5.727069660663699e-15
693   1   5.694252561110128e-15
693   2   5.693791855408008e-15
694   1   5.661219814783786e-15
694   2   5.6607502643875516e-15
695   1   5.628428269733712e-15
695   2   5.627967455414636e-15
696   1   5.595858030191695e-15
696   2   5.595407275397688e-15
697   1   5.5635187676286206e-15
697   2   5.563084507382192e-15
698   1   5.531443731116779e-15
698   2   5.531000841700418e-15
699   1   5.499569040324645e-15
699   2   5.499129989498263e-15
700   1   5.467933539565472e-15
700   2   5.467496405419544e-15
701   1   5.436518960777318e-15
701   2   5.436087092127796e-15
702   1   5.405321531722485e-15
702   2   5.404894658830393e-15
703   1   5.374353637446932e-15
703   2   5.373925821115787e-15
704   1   5.343593637400171e-15
704   2   5.343172730718376e-15
705   1   5.313068440138665e-15
705   2   5.312651319168701e-15
706   1   5.282741638831985e-15
706   2   5.282328415924063e-15
707   1   5.2526357872175946e-15
707   2   5.252220855419193e-15
708   1   5.222737738976816e-15
708   2   5.2223266960132765e-15
709   1   5.1930586304623824e-15
709   2   5.192653408724153e-15
710   1   5.163577630381559e-15
710   2   5.163179797878565e-15
711   1   5.134324449762228e-15
711   2   5.13392750305329e-15
712   1   5.105272971429282e-15
712   2   5.1048807820625984e-15
713   1   5.0764109200419436e-15
713   2   5.076021352983921e-15
714   1   5.04775159917265e-15
714   2   5.0473652978160085e-15
715   1   5.019304692492543e-15
715   2   5.018921252657224e-15
716   1   4.991024654818565e-15
716   2   4.990644230767933e-15
717   1   4.9629862020813e-15
717   2   4.962609270991881e-15
718   1   4.935119521459319e-15
718   2   4.9347461457604365e-15
719   1   4.9074457230227324e-15
719   2   4.907075037883181e-15
720   1   4.8799630078437055e-15
720   2   4.879594990867534e-15
721   1   4.852671499767459e-15
721   2   4.852304822879299e-15
722   1   4.8255597855678555e-15
722   2   4.825203570140844e-15
723   1   4.798657331187731e-15
723   2   4.798298086619354e-15
724   1   4.771928678429554e-15
724   2   4.7715725035543295e-15
725   1   4.745376132057294e-15
725   2   4.745023059724994e-15
726   1   4.718915575837659e-15
726   2   4.718566590975074e-15
727   1   4.692824707469649e-15
727   2   4.692476205579907e-15
728   1   4.666829671768505e-15
728   2   4.6664847940770445e-15
729   1   4.641008553149676e-15
729   2   4.640667115541383e-15
730   1   4.6153520654451644e-15
730   2   4.61501396230597e-15
731   1   4.58988071383088e-15
731   2   4.589544303955593e-15
732   1   4.5645786620897035e-15
732   2   4.564245497200426e-15
733   1   4.539462816711267e-15
733   2   4.539134823195775e-15
734   1   4.514483604228118e-15
734   2   4.514156546721315e-15
735   1   4.4896977174233815e-15
735   2   4.489372456250812e-15
736   1   4.4650662685307044e-15
736   2   4.4647465359564265e-15
737   1   4.4406099569200356e-15
737   2   4.440288230058937e-15
738   1   4.4163192680618525e-15
738   2   4.4160017381654366e-15
739   1   4.3921978798074314e-15
739   2   4.391882935398837e-15
740   1   4.368230475683707e-15
740   2   4.36791804780353e-15
741   1   4.344428846304288e-15
741   2   4.34412074327459e-15
742   1   4.320780177233518e-15
742   2   4.320339966752816e-15
743   1   4.297302501571824e-15
743   2   4.297007360418178e-15
744   1   4.273971372024131e-15
744   2   4.2736685684015826e-15
745   1   4.250803683176936e-15
745   2   4.2504925641068956e-15
746   1   4.227772896144478e-15
746   2   4.227477935480471e-15
747   1   4.204906890933996e-15
747   2   4.20461105033364e-15
748   1   4.182196934977045e-15
748   2   4.1819105770669765e-15
749   1   4.159627057121461e-15
749   2   4.159335813089667e-15
750   1   4.137215142936273e-15
750   2   4.136926463794004e-15
751   1   4.114946444146991e-15
751   2   4.1146575112403135e-15
752   1   4.092815644498309e-15
752   2   4.092531117406103e-15
753   1   4.070859411307716e-15
753   2   4.070576897381372e-15
754   1   4.0490311544779895e-15
754   2   4.048751531665678e-15
755   1   4.027348123579228e-15
755   2   4.027070344813247e-15
756   1   4.005809139637501e-15
756   2   4.00553857592388e-15
757   1   3.984408236406017e-15
757   2   3.9841345585562215e-15
758   1   3.963153161869665e-15
758   2   3.962889795925443e-15
759   1   3.942032168844165e-15
759   2   3.941762741606473e-15
760   1   3.921044577939682e-15
760   2   3.920776283373676e-15
761   1   3.900202675539719e-15
761   2   3.899937285828401e-15
762   1   3.879489674324065e-15
762   2   3.8792261738740845e-15
763   1   3.858913221077295e-15
763   2   3.858656754885409e-15
764   1   3.83847315733394e-15
764   2   3.8382137387665274e-15
765   1   3.8181634350900255e-15
765   2   3.817906346911157e-15
766   1   3.7979860085324804e-15
766   2   3.7977297757888226e-15
767   1   3.777934244193019e-15
767   2   3.77768210583808e-15
768   1   3.758050899548209e-15
768   2   3.757790512813967e-15
769   1   3.738233365505724e-15
769   2   3.737983530751154e-15
770   1   3.718575118583627e-15
770   2   3.718327134528506e-15
771   1   3.699041675285303e-15
771   2   3.698795572474943e-15
772   1   3.679631897684264e-15
772   2   3.6793875302261274e-15
773   1   3.660351320809361e-15
773   2   3.660111243107726e-15
774   1   3.6411914031287115e-15
774   2   3.6409506588392314e-15
775   1   3.62215491283773e-15
775   2   3.621915861275975e-15
776   1   3.6032365300503975e-15
776   2   3.602999295276055e-15
777   1   3.58444573892793e-15
777   2   3.584210259175235e-15
778   1   3.565764509383813e-15
778   2   3.5655309359195144e-15
779   1   3.5472113020073517e-15
779   2   3.546979121679641e-15
780   1   3.5287688886786005e-15
780   2   3.5285384901313116e-15
781   1   3.5104611414858503e-15
781   2   3.510223058908803e-15
782   1   3.492246840144231e-15
782   2   3.4920198451763983e-15
783   1   3.474160582509573e-15
783   2   3.4739351800415255e-15
784   1   3.4561902971649367e-15
784   2   3.4559665473485997e-15
785   1   3.4383255792575553e-15
785   2   3.4381036763544013e-15
786   1   3.4205772782088757e-15
786   2   3.4203567045258106e-15
787   1   3.402947304220863e-15
787   2   3.402728548364504e-15
788   1   3.3854195361617454e-15
788   2   3.3852022641622935e-15
789   1   3.3680096423173082e-15
789   2   3.367794103098878e-15
790   1   3.3507033536749144e-15
790   2   3.3504891563192163e-15
791   1   3.3335057930652192e-15
791   2   3.3332932941154274e-15
792   1   3.3164184138151876e-15
792   2   3.3162073837065414e-15
793   1   3.2994354525264977e-15
793   2   3.299225060765273e-15
794   1   3.282570831250916e-15
794   2   3.2823622593178845e-15
795   1   3.2658181568505322e-15
795   2   3.2656115410681137e-15
796   1   3.2491271831804325e-15
796   2   3.2489225218908975e-15
797   1   3.2325623036117356e-15
797   2   3.232358677353906e-15
798   1   3.2161015545584292e-15
798   2   3.2158992495677206e-15
799   1   3.199754042713391e-15
799   2   3.1995879195434e-15
800   1   3.1834950799768346e-15
800   2   3.1832954724986186e-15
801   1   3.16733633564853e-15
801   2   3.1671388460793103e-15
802   1   3.1512902452553278e-15
802   2   3.151093145978794e-15
803   1   3.1353404268755007e-15
803   2   3.1351453020948384e-15
804   1   3.1194826017276984e-15
804   2   3.119288908806054e-15
805   1   3.103728085090307e-15
805   2   3.1035357575466153e-15
806   1   3.0880685569184856e-15
806   2   3.0878778046537642e-15
807   1   3.0725038280893657e-15
807   2   3.0723157292634853e-15
808   1   3.05703977873712e-15
808   2   3.0568499646826724e-15
809   1   3.0416658883047635e-15
809   2   3.0414776927201532e-15
810   1   3.0263863832137958e-15
810   2   3.026200104496344e-15
811   1   3.0112048038113002e-15
811   2   3.0110204193129594e-15
812   1   2.9961106044892946e-15
812   2   2.995927421506425e-15
813   1   2.9811112976458026e-15
813   2   2.980929539864117e-15
814   1   2.966200177062331e-15
814   2   2.966019578433591e-15
815   1   2.9513798031589117e-15
815   2   2.951200444159244e-15
816   1   2.9366634906306928e-15
816   2   2.936485409183194e-15
817   1   2.9220305848051105e-15
817   2   2.921853874338748e-15
818   1   2.907483497575998e-15
818   2   2.907307893989454e-15
819   1   2.89302829625403e-15
819   2   2.8928539019646357e-15
820   1   2.8786575425420634e-15
820   2   2.8784844541586047e-15
821   1   2.8643773960187353e-15
821   2   2.8642054047394086e-15
822   1   2.850181857941032e-15
822   2   2.8500110266409235e-15
823   1   2.836071936150002e-15
823   2   2.8359014888135204e-15
824   1   2.8220464890025146e-15
824   2   2.8218786020539124e-15
825   1   2.8081077677844003e-15
825   2   2.807941526407097e-15
826   1   2.7942508757376846e-15
826   2   2.7941163211191262e-15
827   1   2.780480703266631e-15
827   2   2.7803156594322242e-15
828   1   2.766788747389948e-15
828   2   2.766625027342412e-15
829   1   2.7531824908099904e-15
829   2   2.7530209733590156e-15
830   1   2.7396559775034445e-15
830   2   2.7394949808331102e-15
831   1   2.7262205188083687e-15
831   2   2.726060051270912e-15
832   1   2.712848347984318e-15
832   2   2.7126890699977747e-15
833   1   2.699570082493745e-15
833   2   2.699407808999601e-15
834   1   2.686367491090105e-15
834   2   2.6862120688279215e-15
835   1   2.6732462014933075e-15
835   2   2.673089213852047e-15
836   1   2.660200638612998e-15
836   2   2.6600455942148447e-15
837   1   2.6472361250495897e-15
837   2   2.6470831132192e-15
838   1   2.6343487705227502e-15
838   2   2.634196192369798e-15
839   1   2.6215340289233775e-15
839   2   2.621382222926498e-15
840   1   2.6087955265432842e-15
840   2   2.608646602303897e-15
841   1   2.5961366932522876e-15
841   2   2.595987032983263e-15
842   1   2.5835539322287376e-15
842   2   2.5834052460380104e-15
843   1   2.571040165171198e-15
843   2   2.570892634040411e-15
844   1   2.558606335251155e-15
844   2   2.5584596379799972e-15
845   1   2.5462417781810053e-15
845   2   2.5460956946799048e-15
846   1   2.5339502694312116e-15
846   2   2.5338055061393897e-15
847   1   2.521731033412001e-15
847   2   2.52158742258725e-15
848   1   2.509590285482522e-15
848   2   2.509447570806756e-15
849   1   2.497520428568548e-15
849   2   2.4973784180060415e-15
850   1   2.485516098591866e-15
850   2   2.48537536319947e-15
851   1   2.4735850975258657e-15
851   2   2.473445303250716e-15
852   1   2.46172620509861e-15
852   2   2.4615874134979843e-15
853   1   2.449936387738566e-15
853   2   2.449798333407578e-15
854   1   2.4382170653542843e-15
854   2   2.4380801423320045e-15
855   1   2.4265661075703295e-15
855   2   2.426430117877121e-15
856   1   2.414981712474752e-15
856   2   2.4148466682882334e-15
857   1   2.403466418446396e-15
857   2   2.4033298944820883e-15
858   1   2.3920155804532047e-15
858   2   2.391882552794255e-15
859   1   2.380634304855405e-15
859   2   2.380502054338343e-15
860   1   2.369319162716845e-15
860   2   2.3691877539753858e-15
861   1   2.3580714479114488e-15
861   2   2.3579408475188463e-15
862   1   2.346887033208656e-15
862   2   2.346757448122647e-15
863   1   2.3357667158346195e-15
863   2   2.335637853665355e-15
864   1   2.3247113223323044e-15
864   2   2.3245833671578124e-15
865   1   2.3137252298878728e-15
865   2   2.3135982012796297e-15
866   1   2.3027956406031617e-15
866   2   2.3026698504743776e-15
867   1   2.2919366785603373e-15
867   2   2.2918111057193093e-15
868   1   2.281138410933524e-15
868   2   2.2810138080297813e-15
869   1   2.2704039601980243e-15
869   2   2.2702790266249616e-15
870   1   2.25973161765361e-15
870   2   2.259607920983395e-15
871   1   2.249117875830653e-15
871   2   2.2489951858258843e-15
872   1   2.2385689524069383e-15
872   2   2.2384481802733804e-15
873   1   2.2280790542730835e-15
873   2   2.2279586661425955e-15
874   1   2.2176471456851633e-15
874   2   2.217527667107726e-15
875   1   2.20727511841571e-15
875   2   2.2071561409459516e-15
876   1   2.196969064553685e-15
876   2   2.1968518843925643e-15
877   1   2.1867173200567623e-15
877   2   2.186601502308213e-15
878   1   2.1765274288868506e-15
878   2   2.1764110743686584e-15
879   1   2.166394280585114e-15
879   2   2.1662762423471863e-15
880   1   2.1563171072203453e-15
880   2   2.156202299811859e-15
881   1   2.146299492749559e-15
881   2   2.146184970878704e-15
882   1   2.1363350445236874e-15
882   2   2.136223745940279e-15
883   1   2.126430863640221e-15
883   2   2.126318388227154e-15
884   1   2.1165875833879406e-15
884   2   2.11647587220708e-15
885   1   2.106799712269028e-15
885   2   2.106688749764012e-15
886   1   2.097063761230739e-15
886   2   2.0969535978124887e-15
887   1   2.0873880009613995e-15
887   2   2.087277218787117e-15
888   1   2.0777615532060378e-15
888   2   2.0776527577041265e-15
889   1   2.068196792340388e-15
889   2   2.068089013052697e-15
890   1   2.0586799088289164e-15
890   2   2.0585717394956074e-15
891   1   2.049220018080188e-15
891   2   2.0491134298203307e-15
892   1   2.0398113106834447e-15
892   2   2.0397054088760406e-15
893   1   2.0304579903229212e-15
893   2   2.0303527609110032e-15
894   1   2.021157938810873e-15
894   2   2.0210529972126726e-15
895   1   2.011908010869295e-15
895   2   2.0118042458465192e-15
896   1   2.0027140774368712e-15
896   2   2.0026109843440064e-15
897   1   1.9935669014269834e-15
897   2   1.9934639411263746e-15
898   1   1.9844727459209663e-15
898   2   1.9843710343506138e-15
899   1   1.9754295693624e-15
899   2   1.975328511583963e-15
900   1   1.9664387138541084e-15
900   2   1.9663382744120634e-15
901   1   1.9575001357017272e-15
901   2   1.95740062181472e-15
902   1   1.9486104607871225e-15
902   2   1.948511418858784e-15
903   1   1.9397678585830476e-15
903   2   1.9396694260606522e-15
904   1   1.930976933428685e-15
904   2   1.930879237686847e-15
905   1   1.922237145312164e-15
905   2   1.9221389741547453e-15
906   1   1.9135421924118384e-15
906   2   1.9134457628708162e-15
907   1   1.9049004790943594e-15
907   2   1.9048045331502952e-15
908   1   1.896302041286897e-15
908   2   1.8962074309025986e-15
909   1   1.8877560727193937e-15
909   2   1.8876615069016925e-15
910   1   1.8792548004584894e-15
910   2   1.8791608287914176e-15
911   1   1.8708006283351203e-15
911   2   1.8707073712432097e-15
912   1   1.862394004804483e-15
912   2   1.862301267716414e-15
913   1   1.8540339823596695e-15
913   2   1.85394191628833e-15
914   1   1.8457211856954145e-15
914   2   1.8456297527809477e-15
915   1   1.8374527697035305e-15
915   2   1.8373618664398707e-15
916   1   1.8292300753546134e-15
916   2   1.8291384255210875e-15
917   1   1.8210546729328127e-15
917   2   1.8209635462804345e-15
918   1   1.8129180892332e-15
918   2   1.81282892353198e-15
919   1   1.804832760034319e-15
919   2   1.8047442683722863e-15
920   1   1.7967924156383156e-15
920   2   1.7967044517548457e-15
921   1   1.7887951192770822e-15
921   2   1.788707620173378e-15
922   1   1.780840593619172e-15
922   2   1.7807538035515454e-15
923   1   1.772932169066567e-15
923   2   1.7728459512152528e-15
924   1   1.7650646425560599e-15
924   2   1.7649789180937598e-15
925   1   1.7572428674012459e-15
925   2   1.7571577670808845e-15
926   1   1.7494628066909122e-15
926   2   1.749378262670101e-15
927   1   1.7417246762421808e-15
927   2   1.7416406857869449e-15
928   1   1.734027222777982e-15
928   2   1.7339436506163921e-15
929   1   1.7263733129325524e-15
929   2   1.7262903864995359e-15
930   1   1.7187617164707547e-15
930   2   1.7186792870025533e-15
931   1   1.7111887262020615e-15
931   2   1.7111068720025367e-15
932   1   1.7036599610878557e-15
932   2   1.703578611279623e-15
933   1   1.6961725209713355e-15
933   2   1.6960921354202847e-15
934   1   1.6887227491826325e-15
934   2   1.6886422825192093e-15
935   1   1.6813138306137042e-15
935   2   1.681234032534399e-15
936   1   1.6739443362517216e-15
936   2   1.6738650821727774e-15
937   1   1.6666187411773247e-15
937   2   1.6665399654709912e-15
938   1   1.6593287427921774e-15
938   2   1.659250483990678e-15
939   1   1.6520798840039225e-15
939   2   1.652002094711168e-15
940   1   1.644870517316239e-15
940   2   1.6447932518321857e-15
941   1   1.637700260848435e-15
941   2   1.637623290301176e-15
942   1   1.630568431293237e-15
942   2   1.630491985616709e-15
943   1   1.6234737483287621e-15
943   2   1.6234047070615206e-15
944   1   1.6164197287834773e-15
944   2   1.6163444150465538e-15
945   1   1.6094013783180565e-15
945   2   1.6093265070364049e-15
946   1   1.6024215813837585e-15
946   2   1.6023472126199857e-15
947   1   1.5954768779114158e-15
947   2   1.5954033088284558e-15
948   1   1.588571552937344e-15
948   2   1.588498127027412e-15
949   1   1.5817019015972074e-15
949   2   1.5816291693319381e-15
950   1   1.5748714542699499e-15
950   2   1.574795820536634e-15
951   1   1.5680735146597803e-15
951   2   1.5680014423667278e-15
952   1   1.561311754305373e-15
952   2   1.5612401553750823e-15
953   1   1.5545955010397288e-15
953   2   1.554531826658273e-15
954   1   1.5478995357169748e-15
954   2   1.5478288733611254e-15
955   1   1.5412448118432097e-15
955   2   1.5411745315298444e-15
956   1   1.5346292745695093e-15
956   2   1.5345594441204494e-15
957   1   1.5280449094544664e-15
957   2   1.5279755370424587e-15
958   1   1.5214971809478421e-15
958   2   1.5214282324207073e-15
959   1   1.5149851908806258e-15
959   2   1.5149162915306146e-15
960   1   1.5085060043784426e-15
960   2   1.508437929526416e-15
961   1   1.5020620182719026e-15
961   2   1.5019942295879016e-15
962   1   1.4956527675503684e-15
962   2   1.4955846565597088e-15
963   1   1.4892749860079275e-15
963   2   1.4892081615024447e-15
964   1   1.482932567693305e-15
964   2   1.4828661075386008e-15
965   1   1.4766219350461148e-15
965   2   1.4765559255519561e-15
966   1   1.4703448037893335e-15
966   2   1.4702789790902778e-15
967   1   1.4641010615553575e-15
967   2   1.4640349511869408e-15
968   1   1.4578890113304905e-15
968   2   1.4578242830192358e-15
969   1   1.4517088442752191e-15
969   2   1.4516438941893051e-15
970   1   1.445562325474273e-15
970   2   1.4454992939339717e-15
971   1   1.439448734711181e-15
971   2   1.4393851259411964e-15
972   1   1.4333649131112102e-15
972   2   1.4333017343879225e-15
973   1   1.4273123102628231e-15
973   2   1.427249473885001e-15
974   1   1.4212919008884648e-15
974   2   1.4212323780760649e-15
975   1   1.4153038412527626e-15
975   2   1.4152417365407502e-15
976   1   1.4093451435874676e-15
976   2   1.4092834215161523e-15
977   1   1.4034179837854372e-15
977   2   1.4033566490501663e-15
978   1   1.3975227773736016e-15
978   2   1.397461812534234e-15
979   1   1.391657700361088e-15
979   2   1.3915967262388478e-15
980   1   1.3858227381044235e-15
980   2   1.385762525105902e-15
981   1   1.3800181999698146e-15
981   2   1.37995871715234e-15
982   1   1.3742430804475039e-15
982   2   1.374183616694266e-15
983   1   1.3684996881819426e-15
983   2   1.3684405829936332e-15
984   1   1.3627840666783482e-15
984   2   1.3627252901570317e-15
985   1   1.357096982277167e-15
985   2   1.3570385355385042e-15
986   1   1.3514454882569222e-15
986   2   1.3513793874559961e-15
987   1   1.3458278048517247e-15
987   2   1.345754037174402e-15
988   1   1.3402112289574995e-15
988   2   1.3401538321925097e-15
