10  1.7727872040466182e-08  2.157140174926261e-09  1.0280865410522786e-09
510  1.3542719774329395e-09  7.297854646107876e-11  3.070178419630252e-09
1010  5.269129644768821e-10  1.2707083727160438e-10  1.031186447379106e-08
1510  3.077788349373238e-10  2.282093552773429e-10  2.3491295037242973e-08
2010  2.1152854275909697e-10  3.695477073735755e-10  4.425045148476152e-08
2510  1.5814127958700467e-10  4.946023208498882e-10  6.633892889857539e-08
3010  1.242203076062187e-10  6.052246042092151e-10  8.898079293506595e-08
3510  1.0087765905531114e-10  6.849284576887401e-10  1.087911156317003e-07
4010  8.391151412191803e-11  7.082453302159501e-10  1.2026695687204877e-07
4510  7.10843154395425e-11  6.974176384517215e-10  1.2561046297581198e-07
