10    5.297854081786613e-09
11    5.475683922719686e-09
12    5.680539307629914e-09
13    5.826428703841135e-09
14    5.950783693214433e-09
15    6.062998623031517e-09
16    6.16611138619789e-09
17    6.2552244707157566e-09
18    6.332747568151277e-09
19    6.400715112348659e-09
20    6.460624471619145e-09
21    6.508567677291203e-09
22    6.552738774875767e-09
23    6.599222493002786e-09
24    6.634556097603754e-09
25    6.6952467698904775e-09
26    6.711507510376402e-09
27    6.7209491353356434e-09
28    6.724635913569672e-09
29    6.721440656909664e-09
30    6.725201975385279e-09
31    6.724915589211598e-09
32    6.721127500958635e-09
33    6.7144345348539484e-09
34    6.7053743608176486e-09
35    6.694324593760146e-09
36    6.684132382159432e-09
37    6.6671226586060306e-09
38    6.648584692830444e-09
39    6.628759279775697e-09
40    6.613559237143463e-09
41    6.59266563966076e-09
42    6.552849447206887e-09
43    6.527064914856637e-09
44    6.500679418147236e-09
45    6.473735255858771e-09
46    6.463521244298416e-09
47    6.437244996036767e-09
48    6.409597215978938e-09
49    6.380781578563556e-09
50    6.3435533158286225e-09
51    6.312631497578505e-09
52    6.281025603373183e-09
53    6.248741583198207e-09
54    6.215781246545402e-09
55    6.182140417936677e-09
56    6.147827929032373e-09
57    6.112859856815603e-09
58    6.07724580195824e-09
59    6.041020890896079e-09
60    6.004248568675411e-09
61    5.9670150094996494e-09
62    5.929441748581373e-09
63    5.891648457952268e-09
64    5.853748961411692e-09
65    5.815841008533968e-09
66    5.778005992887011e-09
67    5.740304864440269e-09
68    5.702793730282492e-09
69    5.665533728352734e-09
70    5.628491930781567e-09
71    5.59603495273085e-09
72    5.557272110249347e-09
73    5.51878271313789e-09
74    5.48062141029337e-09
75    5.442829398298244e-09
76    5.405433169655926e-09
77    5.376400128027335e-09
78    5.341284703147324e-09
79    5.30634191616024e-09
80    5.271557910084233e-09
81    5.236914088086218e-09
82    5.172845090331559e-09
83    5.136397590499645e-09
84    5.100446078729064e-09
85    5.064976845395428e-09
86    5.029981172387189e-09
87    5.030596285521582e-09
88    4.996322240361963e-09
89    4.962077027169976e-09
90    4.927877352498233e-09
91    4.893745999334652e-09
92    4.859709585637247e-09
93    4.825797013944976e-09
94    4.792037415754406e-09
95    4.7584631998337846e-09
96    4.725102765080718e-09
97    4.6919769634598375e-09
98    4.659105023445378e-09
99    4.626501647256065e-09
100    4.594178667399138e-09
101    4.562146323631965e-09
102    4.5304127570139886e-09
103    4.498983335660026e-09
104    4.467856982902696e-09
105    4.4493230415060994e-09
106    4.419605064370767e-09
107    4.39004261044933e-09
108    4.360625425740396e-09
109    4.331344184518571e-09
110    4.302188920528172e-09
111    4.273153257675582e-09
112    4.229952231430432e-09
113    4.201600894321102e-09
114    4.173553485400655e-09
115    4.145804854198139e-09
116    4.118344758511222e-09
117    4.091160188610791e-09
118    4.073164234952455e-09
119    4.045120831965036e-09
120    4.017235862444193e-09
121    3.989519880238918e-09
122    3.961988247014879e-09
123    3.934657549625025e-09
124    3.907544688023585e-09
125    3.880665768375393e-09
126    3.854034995221941e-09
127    3.827664941811068e-09
128    3.8015679355838064e-09
129    3.775759785262257e-09
130    3.750255888501857e-09
131    3.7250652586143887e-09
132    3.700190656251218e-09
133    3.6756391881449923e-09
134    3.6514381056570847e-09
135    3.6276107880016525e-09
136    3.61346296180044e-09
137    3.588523744085531e-09
138    3.5638732885728227e-09
139    3.5395231066448535e-09
140    3.5154811786870772e-09
141    3.491755296725231e-09
142    3.4683521831360064e-09
143    3.4452758979041934e-09
144    3.4225302336964007e-09
145    3.407369137698419e-09
146    3.3869948422841023e-09
147    3.3668678174037387e-09
148    3.3469760684161377e-09
149    3.32730922483912e-09
150    3.3078574250762795e-09
151    3.2886106951567484e-09
152    3.2695579119625845e-09
153    3.2506887444474994e-09
154    3.2319942263842535e-09
155    3.213466169959828e-09
156    3.1950966184876426e-09
157    3.176878348118995e-09
158    3.158804657945939e-09
159    3.1408682028775525e-09
160    3.1230613660502157e-09
161    3.105377186229316e-09
162    3.0878090709428938e-09
163    3.070350776945872e-09
164    3.052997096575525e-09
165    3.0357445142918474e-09
166    3.018589223398569e-09
167    3.001527407660971e-09
168    2.9845554685696725e-09
169    2.96767082127749e-09
170    2.950871302321617e-09
171    2.9341541315674186e-09
172    2.9175172031315333e-09
173    2.900960120566122e-09
174    2.884484179641744e-09
175    2.8680911235828503e-09
176    2.851782754901356e-09
177    2.8355607984786212e-09
178    2.8194271563363213e-09
179    2.803384652778183e-09
180    2.7874373675218646e-09
181    2.7715900209471586e-09
182    2.7558474076045346e-09
183    2.740214161274664e-09
184    2.7246946240081636e-09
185    2.7092929305576714e-09
186    2.694013137438024e-09
187    2.678859842526112e-09
188    2.663837840829807e-09
189    2.6489515924585697e-09
190    2.634205239787904e-09
191    2.6196025865278255e-09
192    2.605146402513013e-09
193    2.59083804139489e-09
194    2.5766783431230004e-09
195    2.5752547747823527e-09
196    2.562310999042101e-09
197    2.549467189382186e-09
198    2.5367204938815577e-09
199    2.5240675648013143e-09
200    2.511505218465791e-09
201    2.4990303702198886e-09
202    2.4866399470784543e-09
203    2.4743305639618888e-09
204    2.4620987954540656e-09
205    2.4307599657265782e-09
206    2.418361235696749e-09
207    2.4060982329713978e-09
208    2.393968477981563e-09
209    2.381969716055494e-09
210    2.370099819511136e-09
211    2.3583566633257087e-09
212    2.346737854248302e-09
213    2.3352409754159405e-09
214    2.3238638515624617e-09
215    2.3126040474048136e-09
216    2.3014585886076695e-09
217    2.2904244781037237e-09
218    2.279498792383507e-09
219    2.268679147305394e-09
220    2.2579634889599237e-09
221    2.2473498152510144e-09
222    2.236835795812687e-09
223    2.2264185930397026e-09
224    2.216096011108428e-09
225    2.2058660282540296e-09
226    2.19572660421144e-09
227    2.1856757396665485e-09
228    2.1757117886155276e-09
229    2.1658330598529572e-09
230    2.1560372305380915e-09
231    2.146321844978398e-09
232    2.1366845370790078e-09
233    2.1271230762615614e-09
234    2.117635222471008e-09
235    2.108218930227278e-09
236    2.0988723881420786e-09
237    2.0895934415975828e-09
238    2.080379767654238e-09
239    2.071229110461861e-09
240    2.0621392919635944e-09
241    2.053108592747432e-09
242    2.0441364900598773e-09
243    2.035222736616187e-09
244    2.0263668451909226e-09
245    2.0175681269122765e-09
246    2.008824302177248e-09
247    2.0001320795723898e-09
248    1.9914883563444794e-09
249    1.9828901573778766e-09
250    1.9743356543283436e-09
251    1.965827177971598e-09
252    1.957368098691668e-09
253    1.9489618431444516e-09
254    1.940610214269864e-09
255    1.9322983579778997e-09
256    1.924018274757321e-09
257    1.9157695522916685e-09
258    1.9075520715183405e-09
259    1.8993659126555533e-09
260    1.891211169955295e-09
261    1.8830880680291266e-09
262    1.8749972247453042e-09
263    1.8669391119322506e-09
264    1.858914138500864e-09
265    1.8509229225152484e-09
266    1.8429656658869594e-09
267    1.8350422018945364e-09
268    1.8271615040577893e-09
269    1.8193292610703996e-09
270    1.8115302096528798e-09
271    1.8037642338067208e-09
272    1.7960316645860024e-09
273    1.788333224012815e-09
274    1.7686618031552516e-09
275    1.7618715207760354e-09
276    1.7551567762533298e-09
277    1.7485137045952658e-09
278    1.7419383983328925e-09
279    1.7354270806787795e-09
280    1.7289760998947216e-09
281    1.7225819240442657e-09
282    1.7162411364874722e-09
283    1.7099504382120094e-09
284    1.703706642173581e-09
285    1.6975067821854989e-09
286    1.6913486286696012e-09
287    1.6852303334664865e-09
288    1.679150146277262e-09
289    1.6731062009959408e-09
290    1.6670965989676113e-09
291    1.6611194904069066e-09
292    1.6498977483717925e-09
293    1.6431055795289393e-09
294    1.6363698113851394e-09
295    1.6296910718578756e-09
296    1.6230698998663167e-09
297    1.6165067858542208e-09
298    1.6100022040879881e-09
299    1.6035564985234345e-09
300    1.5971698613249833e-09
301    1.5908422485011625e-09
302    1.5845733704738526e-09
303    1.5783628461737251e-09
304    1.5722102906873765e-09
305    1.5661153143954866e-09
306    1.560077420139877e-09
307    1.5540959488098333e-09
308    1.5481701023162127e-09
309    1.5422990546402726e-09
310    1.536481972102268e-09
311    1.5307178351905214e-09
312    1.5250052848086333e-09
313    1.5193428728254153e-09
314    1.5137292340890447e-09
315    1.5081629908229336e-09
316    1.5026427984789716e-09
317    1.4971673578545246e-09
318    1.4917354020491568e-09
319    1.4863457002627856e-09
320    1.4809970594562076e-09
321    1.4756882644829361e-09
322    1.4704176839368253e-09
323    1.4651835459583167e-09
324    1.459984172449953e-09
325    1.4548179387182519e-09
326    1.4496832680059173e-09
327    1.444578735965175e-09
328    1.4395030916000899e-09
329    1.4344550793565042e-09
330    1.4294334533749471e-09
331    1.4244370206978903e-09
332    1.419464591487405e-09
333    1.414515032955157e-09
334    1.4095872617778567e-09
335    1.4046802360863577e-09
336    1.3997930805805706e-09
337    1.3949250443969196e-09
338    1.3900753253983495e-09
339    1.3852430832876181e-09
340    1.3804276090708936e-09
341    1.3756283023345068e-09
342    1.370844501802276e-09
343    1.3660756391289607e-09
344    1.3613212643383508e-09
345    1.3565809428279081e-09
346    1.3518542482173885e-09
347    1.347140763368188e-09
348    1.3424400781366534e-09
349    1.3377517961044572e-09
350    1.3330756655044734e-09
351    1.3284116122673898e-09
352    1.3237596187893334e-09
353    1.3191197432025124e-09
354    1.3144920693573491e-09
355    1.3098766525097375e-09
356    1.3052735394166648e-09
357    1.3006828052643625e-09
358    1.2961045807172806e-09
359    1.2915389939560113e-09
360    1.2869861314889092e-09
361    1.2824460376843651e-09
362    1.2779188534006718e-09
363    1.2734046975930668e-09
364    1.2689036513926141e-09
365    1.2644158627830434e-09
366    1.2599415516894791e-09
367    1.2554809915834548e-09
368    1.2510344758337804e-09
369    1.2466022995462192e-09
370    1.2421847641081777e-09
371    1.2377821937184842e-09
372    1.2246546021577835e-09
373    1.2202141663739622e-09
374    1.21581170175985e-09
375    1.2114471522838547e-09
376    1.2071203644212215e-09
377    1.202831170473531e-09
378    1.1985794220008925e-09
379    1.1943649221539663e-09
380    1.1901873413909205e-09
381    1.1860463414689287e-09
382    1.181941585018439e-09
383    1.1778727335616035e-09
384    1.1738394476374435e-09
385    1.1698413869417277e-09
386    1.1658782104846766e-09
387    1.1697165633404942e-09
388    1.1656308198274447e-09
389    1.1615653979125933e-09
390    1.1575200450060713e-09
391    1.1534945264265666e-09
392    1.1494888459101202e-09
393    1.1455047315444504e-09
394    1.1415446083718658e-09
395    1.1376108276370756e-09
396    1.1337056674279083e-09
397    1.1298313311683725e-09
398    1.1259899147478124e-09
399    1.1221823091340218e-09
400    1.1183991465194197e-09
401    1.1146340727344792e-09
402    1.1108875681307799e-09
403    1.1071603027267097e-09
404    1.1034529146746798e-09
405    1.0997659071597145e-09
406    1.0960997020266546e-09
407    1.0924547078631503e-09
408    1.0888313366914922e-09
409    1.0852299998831742e-09
410    1.0816510756942661e-09
411    1.0780948817155362e-09
412    1.0745617001211292e-09
413    1.0710518003808084e-09
414    1.0675654420741932e-09
415    1.0641028752075778e-09
416    1.0606643120424197e-09
417    1.057249632492146e-09
418    1.0538584772415904e-09
419    1.0504904662698697e-09
420    1.0471452256649024e-09
421    1.0438223578873555e-09
422    1.0405214147087493e-09
423    1.0372419564033236e-09
424    1.0339835570666839e-09
425    1.0307457809003927e-09
426    1.0275281952556081e-09
427    1.024330378699457e-09
428    1.0211519188535508e-09
429    1.01799241195899e-09
430    1.014851459615447e-09
431    1.0117286123241866e-09
432    1.0086233191444294e-09
433    1.0055350773674425e-09
434    1.002463611576221e-09
435    9.99408701782119e-10
436    9.96370130722199e-10
437    9.933476839126043e-10
438    9.903411501518256e-10
439    9.873503210569973e-10
440    9.843749900789882e-10
441    9.814149213115913e-10
442    9.784698393498653e-10
443    9.755394675067768e-10
444    9.726235077012601e-10
445    9.697216634853205e-10
446    9.668336437648904e-10
447    9.63959161628341e-10
448    9.610979342441614e-10
449    9.582496961458088e-10
450    9.554142282483734e-10
451    9.52591327154462e-10
452    9.497807721171513e-10
453    9.46982329027643e-10
454    9.441957727222827e-10
455    9.414208939987483e-10
456    9.386574718859933e-10
457    9.35905296970642e-10
458    9.331641673329415e-10
459    9.3300782299587e-10
460    9.302343364493174e-10
461    9.27468527438741e-10
462    9.247105164327465e-10
463    9.219604155864206e-10
464    9.192183150763442e-10
465    9.164840207008675e-10
466    9.137571184624182e-10
467    9.11037197716146e-10
468    9.083238577004333e-10
469    9.056167073506032e-10
470    9.029153800615993e-10
471    9.002195889637199e-10
472    8.975290779639567e-10
473    8.948438364601002e-10
474    8.921647416495594e-10
475    8.894928686918619e-10
476    8.854879387080283e-10
477    8.829211553443259e-10
478    8.803622767943735e-10
479    8.778112157961156e-10
480    8.752678695502821e-10
481    8.727321522413984e-10
482    8.702039996970933e-10
483    8.676834097601772e-10
484    8.651703967448272e-10
485    8.626649750454683e-10
486    8.601671591513633e-10
487    8.576769480694897e-10
488    8.551942934330328e-10
489    8.52719139328106e-10
490    8.502514332086109e-10
491    8.477911686140881e-10
492    8.453384061804167e-10
493    8.428932146921282e-10
494    8.404556632144577e-10
495    8.380258344214178e-10
496    8.356038511503134e-10
497    8.331898096584187e-10
498    8.307837555140999e-10
499    8.283857291269974e-10
500    8.25995771436334e-10
501    8.236139428027452e-10
502    8.212403212262121e-10
503    8.188749775799628e-10
504    8.165179739401771e-10
505    8.141693703685668e-10
506    8.118292257495343e-10
507    8.094976025090473e-10
508    8.071745725264855e-10
509    8.048602295625189e-10
510    8.025546815632772e-10
511    8.002580732634939e-10
512    7.979705634829099e-10
513    7.956922814643671e-10
514    7.93423320002846e-10
515    7.911637662916416e-10
516    7.889137049526795e-10
517    7.866732257304792e-10
518    7.84442424246562e-10
519    7.822213932298978e-10
520    7.800102230639688e-10
521    7.778089973685552e-10
522    7.756177891919056e-10
523    7.734366642936323e-10
524    7.712656854224676e-10
525    7.691049120720226e-10
526    7.669544014200647e-10
527    7.648142261594913e-10
528    7.62684478741701e-10
529    7.605652559998347e-10
530    7.5845665809711e-10
531    7.563588111234524e-10
532    7.542718523773562e-10
533    7.521959140963624e-10
534    7.501311205284516e-10
535    7.480775839577729e-10
536    7.460354113675172e-10
537    7.440047037698819e-10
538    7.41985562312966e-10
539    7.399781027953637e-10
540    7.379824283425807e-10
541    7.359985095372576e-10
542    7.340262403422075e-10
543    7.320655146104733e-10
544    7.301162264131867e-10
545    7.28178260745716e-10
546    7.262514961380324e-10
547    7.243358008156126e-10
548    7.224310181046233e-10
549    7.205369914279287e-10
550    7.186536025741735e-10
551    7.167810656665498e-10
552    7.149197656569748e-10
553    7.130700796435888e-10
554    7.112323751983606e-10
555    7.094070107142347e-10
556    7.075943360069937e-10
557    7.05794692357232e-10
558    7.040084127534651e-10
559    7.022358180901772e-10
560    7.004769414737047e-10
561    6.987295846685203e-10
562    6.969914348856548e-10
563    6.952622020611274e-10
564    6.93541861662655e-10
565    6.918303892110441e-10
566    6.901277548868119e-10
567    6.884339110134027e-10
568    6.867488066295486e-10
569    6.850723903188493e-10
570    6.834045940215526e-10
571    6.817453360227604e-10
572    6.800945352845142e-10
573    6.784520978060877e-10
574    6.768179093181619e-10
575    6.751918609077102e-10
576    6.735738481797624e-10
577    6.719637869051459e-10
578    6.703616043133102e-10
579    6.687672288722184e-10
580    6.671805902705455e-10
581    6.656016254482337e-10
582    6.6403028215499e-10
583    6.62466509996607e-10
584    6.609102503371644e-10
585    6.593613581320471e-10
586    6.578196208098448e-10
587    6.562848070097715e-10
588    6.54756684660835e-10
589    6.532350249656567e-10
590    6.517196032885036e-10
591    6.502101960856429e-10
592    6.487065845102709e-10
593    6.47208580556133e-10
594    6.457160115752566e-10
595    6.442287080593929e-10
596    6.427465037567695e-10
597    6.412692358755248e-10
598    6.397967517877097e-10
599    6.383289033208546e-10
600    6.368655380738099e-10
601    6.354065058583112e-10
602    6.339516615908281e-10
603    6.325008718743665e-10
604    6.303939220977731e-10
605    6.290578293630132e-10
606    6.277260690934996e-10
607    6.263984128701236e-10
608    6.25074635632433e-10
609    6.237545155784004e-10
610    6.224378341510656e-10
611    6.2112437855372e-10
612    6.198139436368623e-10
613    6.185063340149658e-10
614    6.172013789171139e-10
615    6.158989125999376e-10
616    6.145987727347014e-10
617    6.133008012562159e-10
618    6.120048423285647e-10
619    6.10710742526311e-10
620    6.094183554104447e-10
621    6.081275416873775e-10
622    6.068381644760839e-10
623    6.055500889755861e-10
624    6.042631824281905e-10
625    6.02977314161123e-10
626    6.016923677914156e-10
627    6.004082575937385e-10
628    5.991249033216764e-10
629    5.97842226445018e-10
630    5.965601505744808e-10
631    5.952786007085865e-10
632    5.939975033549391e-10
633    5.927167985495393e-10
634    5.914364454397974e-10
635    5.901564113972947e-10
636    5.888766934741942e-10
637    5.875972981640357e-10
638    5.863182320487675e-10
639    5.824758178396525e-10
640    5.811484000667576e-10
641    5.798248868708335e-10
642    5.78505338918223e-10
643    5.771898138136381e-10
644    5.758783675734301e-10
645    5.745710524833212e-10
646    5.732679168731376e-10
647    5.719690078970378e-10
648    5.706743712704922e-10
649    5.693840499915882e-10
650    5.680980844351382e-10
651    5.668165256241148e-10
652    5.655394331005503e-10
653    5.642668651824274e-10
654    5.629988786327905e-10
655    5.617355286619859e-10
656    5.604768677474785e-10
657    5.592229408606987e-10
658    5.579737795219607e-10
659    5.567294109179713e-10
660    5.554898615603955e-10
661    5.542551588242661e-10
662    5.530253292782509e-10
663    5.518003991617091e-10
664    5.505804025352918e-10
665    5.493653786102919e-10
666    5.481553618746588e-10
667    5.469503670361572e-10
668    5.457504017558352e-10
669    5.445554762245044e-10
670    5.433656065815089e-10
671    5.421808093958623e-10
672    5.410010956161496e-10
673    5.398264640398438e-10
674    5.386569107263635e-10
675    5.374924308121689e-10
676    5.363330194191772e-10
677    5.351786740822885e-10
678    5.34029393821627e-10
679    5.328851847468256e-10
680    5.317460583540872e-10
681    5.306120254233991e-10
682    5.29483096023763e-10
683    5.283592780888001e-10
684    5.272405636072005e-10
685    5.261269357147027e-10
686    5.250183772224731e-10
687    5.23914870619489e-10
688    5.228163849277804e-10
689    5.21722871618313e-10
690    5.20634294652329e-10
691    5.195506258460432e-10
692    5.184718369052377e-10
693    5.173979012421195e-10
694    5.163287950817255e-10
695    5.152644949108741e-10
696    5.151728785028601e-10
697    5.140531512740753e-10
698    5.129387514099631e-10
699    5.118297568980747e-10
700    5.107262410188253e-10
701    5.096282610322605e-10
702    5.085358695975125e-10
703    5.0744912206179e-10
704    5.063680323374477e-10
705    5.052925387181426e-10
706    5.042225726542038e-10
707    5.031580663346739e-10
708    5.02098952692014e-10
709    5.010451649944889e-10
710    4.999966362044416e-10
711    4.989532998105982e-10
712    4.979150899640716e-10
713    4.968819414633414e-10
714    4.958537897978882e-10
715    4.948305716026164e-10
716    4.938122259713218e-10
717    4.927988052555217e-10
718    4.917905457584991e-10
719    4.907876964747753e-10
720    4.897905008593282e-10
721    4.887991941727975e-10
722    4.878140054381086e-10
723    4.868351601460534e-10
724    4.858628803676981e-10
725    4.84897384024837e-10
726    4.839388850439882e-10
727    4.829875934977155e-10
728    4.820437157468229e-10
729    4.811074422179498e-10
730    4.801781921295632e-10
731    4.792542002166687e-10
732    4.783342601084392e-10
733    4.784583174343868e-10
734    4.775694473078069e-10
735    4.766830196243876e-10
736    4.757990212555626e-10
737    4.749174373056898e-10
738    4.740382546544288e-10
739    4.731614639006792e-10
740    4.722870643867562e-10
741    4.714150507513905e-10
742    4.705454162382739e-10
743    4.696781535648568e-10
744    4.688132552659381e-10
745    4.679507137481881e-10
746    4.670905212923501e-10
747    4.662326700560735e-10
748    4.6537715207842883e-10
749    4.645239586180544e-10
750    4.6367307810937054e-10
751    4.628244983697468e-10
752    4.6197821073740306e-10
753    4.6113421129579753e-10
754    4.602924987143422e-10
755    4.594530733786222e-10
756    4.586159355517354e-10
757    4.5778108518567493e-10
758    4.569485217464879e-10
759    4.5611824232069377e-10
760    4.5529021890987354e-10
761    4.5446440743157943e-10
762    4.5364076394504594e-10
763    4.5281924488882707e-10
764    4.519998040986414e-10
765    4.511823914256615e-10
766    4.5036695704072457e-10
767    4.4955345389168267e-10
768    4.4874184413933645e-10
769    4.4793209656198583e-10
770    4.471241810494428e-10
771    4.463180680846198e-10
772    4.455137294244302e-10
773    4.44711137148941e-10
774    4.439102678034627e-10
775    4.431110992919033e-10
776    4.4231360973406055e-10
777    4.4151777742208586e-10
778    4.407235808270535e-10
779    4.399309988359466e-10
780    4.391400104180951e-10
781    4.383505943142629e-10
782    4.375627296244938e-10
783    4.367763965798518e-10
784    4.359915834484262e-10
785    4.352082827051571e-10
786    4.3442648693288573e-10
787    4.33646188648199e-10
788    4.3286737880940714e-10
789    4.320900474702962e-10
790    4.3131419551886476e-10
791    4.3053983914544706e-10
792    4.297669904729644e-10
793    4.28995660336068e-10
794    4.282258599024552e-10
795    4.2745760597621697e-10
796    4.266909197388197e-10
797    4.2592582295101914e-10
798    4.2516233709529375e-10
799    4.2440048281015637e-10
800    4.2364027791473656e-10
801    4.2288173939172693e-10
802    4.2212488452104685e-10
803    4.213697311726462e-10
804    4.2061629699948417e-10
805    4.198645991425371e-10
806    4.191146513817662e-10
807    4.1836646438646555e-10
808    4.17620048922397e-10
809    4.1687541591266545e-10
810    4.161325726941595e-10
811    4.153915207952843e-10
812    4.146522597125366e-10
813    4.1391478841555705e-10
814    4.131791058633935e-10
815    4.124452118639972e-10
816    4.1171311339360934e-10
817    4.109828234875303e-10
818    4.1025435539986657e-10
819    4.095277221262409e-10
820    4.0880293636804627e-10
821    4.080800114341202e-10
822    4.073589664908443e-10
823    4.066398234362899e-10
824    4.059226041584543e-10
825    4.0520733063730093e-10
826    4.0449402536161163e-10
827    4.037827104957149e-10
828    4.0307340749611666e-10
829    4.02366133112196e-10
830    4.0166090021151335e-10
831    4.0095772105465343e-10
832    4.002566055892449e-10
833    3.995575627845934e-10
834    3.9886060168253116e-10
835    3.9816573110020753e-10
836    3.9747295866398164e-10
837    3.967822916047353e-10
838    3.960937395257735e-10
839    3.9540731259230607e-10
840    3.947230207185235e-10
841    3.9404087366622336e-10
842    3.9336088116116023e-10
843    3.9268305225158224e-10
844    3.9200739538491097e-10
845    3.9338329821701737e-10
846    3.92711695308858e-10
847    3.9204092123723047e-10
848    3.913709995716038e-10
849    3.9070195359480096e-10
850    3.9003380592629044e-10
851    3.8936657683635416e-10
852    3.887002856393701e-10
853    3.880349545430386e-10
854    3.873706076820532e-10
855    3.8670726882058767e-10
856    3.860449579629531e-10
857    3.8538368709648667e-10
858    3.8472346690829163e-10
859    3.8406430787079614e-10
860    3.834062231044835e-10
861    3.8274923422000337e-10
862    3.8209336412347307e-10
863    3.8143863533372834e-10
864    3.807850699856701e-10
865    3.8013268983371307e-10
866    3.7948151625532986e-10
867    3.788315702546885e-10
868    3.7818287259254683e-10
869    3.77535445648545e-10
870    3.768893141284595e-10
871    3.7624450259969763e-10
872    3.7560103520477744e-10
873    3.74958935645426e-10
874    3.7431822745839227e-10
875    3.7367893538956175e-10
876    3.730410830885519e-10
877    3.7240469045275713e-10
878    3.717697802662911e-10
879    3.7113637784928287e-10
880    3.7050450814315105e-10
881    3.6987419564212424e-10
882    3.692454643974915e-10
883    3.6861833802108243e-10
884    3.6799283969187096e-10
885    3.661928882899995e-10
886    3.6560727084895493e-10
887    3.6502401112656496e-10
888    3.6444316962474925e-10
889    3.638648002875427e-10
890    3.6328895419844554e-10
891    3.6271568075731766e-10
892    3.6214502731160834e-10
893    3.615770404509727e-10
894    3.6101176378900224e-10
895    3.604490334084833e-10
896    3.59888330025406e-10
897    3.5932915007373837e-10
898    3.587713322949378e-10
899    3.5821487015612153e-10
900    3.5765975713265875e-10
901    3.571059862282077e-10
902    3.565535478955247e-10
903    3.5600243183848587e-10
904    3.554526312102429e-10
905    3.549041420195151e-10
906    3.5435696102285635e-10
907    3.538110878335112e-10
908    3.5326652301966214e-10
909    3.5272326753334864e-10
910    3.521813226762632e-10
911    3.5164068974858167e-10
912    3.5110136997661913e-10
913    3.5056336364191215e-10
914    3.500266698424053e-10
915    3.4949128758336253e-10
916    3.489572158554835e-10
917    3.4842445369149133e-10
918    3.478930001409703e-10
919    3.473628536829011e-10
920    3.4683401244492685e-10
921    3.4630647468702777e-10
922    3.4578023936533813e-10
923    3.452553071500394e-10
924    3.4473167809589955e-10
925    3.442093519421089e-10
926    3.436883282495894e-10
927    3.4316860680213937e-10
928    3.426501874684472e-10
929    3.4213307012673494e-10
930    3.416172554059689e-10
931    3.4110274527683555e-10
932    3.4058954185355674e-10
933    3.400776445138574e-10
934    3.395670399234e-10
935    3.390577110247422e-10
936    3.3854964062139936e-10
937    3.3804281168070575e-10
938    3.3753720736005626e-10
939    3.370328110103494e-10
940    3.365296061605403e-10
941    3.3602757722434577e-10
942    3.3552671078539605e-10
943    3.3502699312357494e-10
944    3.345284095980528e-10
945    3.340309430897916e-10
946    3.335345762768533e-10
947    3.3303929159706616e-10
948    3.3254507155093807e-10
949    3.3205189881347123e-10
950    3.3155975623183446e-10
951    3.3106862682396443e-10
952    3.3057849381952773e-10
953    3.3008934070161966e-10
954    3.2960115159991334e-10
955    3.29113910926874e-10
956    3.2862760243214074e-10
957    3.2814220998513245e-10
958    3.2765771761280877e-10
959    3.271741091932699e-10
960    3.2669136990891484e-10
961    3.2620949164373506e-10
962    3.2572847144927046e-10
963    3.2524830666411315e-10
964    3.2476899472630887e-10
965    3.242905330079762e-10
966    3.2381291713778083e-10
967    3.2333614181328884e-10
968    3.2286020175332586e-10
969    3.223850916968113e-10
970    3.219108070564587e-10
971    3.214373506340846e-10
972    3.209647297180962e-10
973    3.204929523948834e-10
974    3.2002202697883535e-10
975    3.1955196179071243e-10
976    3.190827650424962e-10
977    3.186144447618314e-10
978    3.181470084984717e-10
979    3.1768046347996136e-10
980    3.1721481677836297e-10
981    3.1675007536651235e-10
982    3.1628624618818805e-10
983    3.158233361702803e-10
984    3.153613521595945e-10
985    3.1490030090792534e-10
986    3.14440188666223e-10
987    3.139810216946021e-10
988    3.135228062515183e-10
989    3.1306554843526334e-10
990    3.1260925411330194e-10
991    3.121539285074947e-10
992    3.116995765627513e-10
993    3.112462031124631e-10
994    3.107938128798459e-10
995    3.1034241047928734e-10
996    3.0956117062129557e-10
997    3.09135483489483e-10
998    3.0871085115105954e-10
999    3.0828727364192286e-10
