10    5.627057722009444e-09
11    5.843532974066655e-09
12    6.0317166347642816e-09
13    6.197752780384998e-09
14    6.346728920049596e-09
15    6.464286381765816e-09
16    6.610288179578816e-09
17    6.741526986817838e-09
18    6.831436933661453e-09
19    6.90421697587148e-09
20    6.982090939507337e-09
21    7.049299641969254e-09
22    7.10688819734044e-09
23    7.156184466338058e-09
24    7.198452633367625e-09
25    7.234759677400831e-09
26    7.265969602311321e-09
27    7.2926503625393125e-09
28    7.308587254286881e-09
29    7.325191577898143e-09
30    7.338522230693289e-09
31    7.3605933750370994e-09
32    7.369406887306842e-09
33    7.374238718440962e-09
34    7.4110389712757795e-09
35    7.401514585080874e-09
36    7.387998884283532e-09
37    7.371085599058877e-09
38    7.345044531034574e-09
39    7.331815724074877e-09
40    7.316071034304564e-09
41    7.298031555165866e-09
42    7.277992829650141e-09
43    7.25628481465479e-09
44    7.233220047759647e-09
45    7.209049606675585e-09
46    7.183964970464355e-09
47    7.158046571477049e-09
48    7.134175759063824e-09
49    7.1043978671515186e-09
50    7.074018503822057e-09
51    7.043167467817044e-09
52    7.011938515046716e-09
53    6.987832568670073e-09
54    6.9571215546343205e-09
55    6.925740915510571e-09
56    6.8704280983139805e-09
57    6.836023979450422e-09
58    6.801590782285978e-09
59    6.767152052839449e-09
60    6.753893350022221e-09
61    6.721803989106747e-09
62    6.688960476192436e-09
63    6.655439180665227e-09
64    6.621340440420657e-09
65    6.5769048379104205e-09
66    6.5396374069227585e-09
67    6.502253959737971e-09
68    6.464808292300616e-09
69    6.427343151419485e-09
70    6.398103095652166e-09
71    6.3617799733863666e-09
72    6.325249402532015e-09
73    6.2885084095837135e-09
74    6.251557607838288e-09
75    6.214390908074757e-09
76    6.177001407202136e-09
77    6.139397397662421e-09
78    6.101606848538842e-09
79    6.063663458070805e-09
80    6.025598853794101e-09
81    5.9874688865731115e-09
82    5.949339938009611e-09
83    5.9112683830967605e-09
84    5.873300765079075e-09
85    5.835484591020827e-09
86    5.797861923254683e-09
87    5.760470572147216e-09
88    5.7233484112516635e-09
89    5.686511716606667e-09
90    5.649989074461564e-09
91    5.613834043276904e-09
92    5.5780100789119165e-09
93    5.549222602720514e-09
94    5.511999938200847e-09
95    5.475102586914284e-09
96    5.438565925478253e-09
97    5.4024157970644695e-09
98    5.366672940853552e-09
99    5.33135051517254e-09
100    5.304058005535494e-09
101    5.271279936371109e-09
102    5.2387749245767065e-09
103    5.206528761971139e-09
104    5.174529396993831e-09
105    5.142758451953619e-09
106    5.111195966973517e-09
107    5.0452555505400474e-09
108    5.011853310048642e-09
109    4.978926702024078e-09
110    4.946470543262439e-09
111    4.914480188545567e-09
112    4.925185181352496e-09
113    4.8946201316723625e-09
114    4.864156405648474e-09
115    4.833793255196902e-09
116    4.803533872511083e-09
117    4.773381816694909e-09
118    4.74334197877838e-09
119    4.7134227602558126e-09
120    4.6836340881684485e-09
121    4.653988999285549e-09
122    4.624502534749157e-09
123    4.5951878936032885e-09
124    4.566057796053611e-09
125    4.53712360879528e-09
126    4.508394340128617e-09
127    4.479877839368909e-09
128    4.451581179388732e-09
129    4.423514322840659e-09
130    4.3956871123257e-09
131    4.368106209008538e-09
132    4.340777795868263e-09
133    4.313707519306387e-09
134    4.286898806112633e-09
135    4.2603527554897e-09
136    4.234071021438459e-09
137    4.222120398086293e-09
138    4.1972125569628336e-09
139    4.172469563693087e-09
140    4.1478855411527045e-09
141    4.123454140938073e-09
142    4.099167980021249e-09
143    4.075020260513562e-09
144    4.0510060446150365e-09
145    4.009553303735486e-09
146    3.9859147807282255e-09
147    3.9625255406498165e-09
148    3.939379170380816e-09
149    3.9164681319052e-09
150    3.893785562453426e-09
151    3.8713258391435e-09
152    3.849086512969255e-09
153    3.8270651836515794e-09
154    3.805257797974698e-09
155    3.783658398545054e-09
156    3.7622596383549125e-09
157    3.741054591064105e-09
158    3.720038053046478e-09
159    3.6992072393037974e-09
160    3.6785597508264073e-09
161    3.658092681383192e-09
162    3.6378020242525536e-09
163    3.617683088759559e-09
164    3.5977317827455624e-09
165    3.5739615204004333e-09
166    3.5528367545944325e-09
167    3.531916994924793e-09
168    3.5112094811640033e-09
169    3.4907218913469462e-09
170    3.470463032011209e-09
171    3.450441587841108e-09
172    3.430665104085408e-09
173    3.4111362204279634e-09
174    3.4070378797060563e-09
175    3.3866239389826495e-09
176    3.36638878974443e-09
177    3.3463392591645574e-09
178    3.3264820745000348e-09
179    3.306824180805097e-09
180    3.2873719683362642e-09
181    3.268131912420482e-09
182    3.2491106568946757e-09
183    3.2303142603268403e-09
184    3.2117482305485816e-09
185    3.1934172759531568e-09
186    3.179757246012961e-09
187    3.163560193827483e-09
188    3.1475637699878705e-09
189    3.1317601546496364e-09
190    3.11614202082857e-09
191    3.1007021114583946e-09
192    3.0854321491757716e-09
193    3.070323865501799e-09
194    3.0553702479545433e-09
195    3.04056593241306e-09
196    3.025905121454101e-09
197    3.0113819277318043e-09
198    2.9969906117504077e-09
199    2.9827261022346538e-09
200    2.9685836563170733e-09
201    2.9545586073078877e-09
202    2.940646772972571e-09
203    2.9268442208686265e-09
204    2.9131466182758345e-09
205    2.899549404008068e-09
206    2.8860478219800716e-09
207    2.872636868985447e-09
208    2.8593116701408034e-09
209    2.8460679505834147e-09
210    2.8329016511009097e-09
211    2.8198083753486847e-09
212    2.8067838882128526e-09
213    2.7938241182096353e-09
214    2.780925307103609e-09
215    2.7680842830482597e-09
216    2.75529856318043e-09
217    2.742565833006984e-09
218    2.729883645227372e-09
219    2.717249334288873e-09
220    2.704660678645234e-09
221    2.6921161076663844e-09
222    2.679614839015305e-09
223    2.6671563990945427e-09
224    2.6547407094167e-09
225    2.6423677884153384e-09
226    2.6300377066091874e-09
227    2.6177511991595907e-09
228    2.6055098112983925e-09
229    2.593315069696112e-09
230    2.5811684270037143e-09
231    2.569071273388196e-09
232    2.5570250140357676e-09
233    2.5450317905805544e-09
234    2.5330939716864352e-09
235    2.521213827688417e-09
236    2.5093937755333414e-09
237    2.4976363434007627e-09
238    2.4859439454611514e-09
239    2.4743189646298206e-09
240    2.4627637939656672e-09
241    2.451281079791862e-09
242    2.439873967594391e-09
243    2.428545530811129e-09
244    2.417298414325852e-09
245    2.4061344828257825e-09
246    2.3950552025563573e-09
247    2.384061948787757e-09
248    2.373156009770108e-09
249    2.373965112069111e-09
250    2.3641062584079643e-09
251    2.354302752684317e-09
252    2.3445542544033647e-09
253    2.3348601816200782e-09
254    2.325219937597501e-09
255    2.3156331670090064e-09
256    2.3060995356039815e-09
257    2.296618755308794e-09
258    2.2871905083616135e-09
259    2.277814052226656e-09
260    2.2494521655446806e-09
261    2.239750895846297e-09
262    2.230141534819581e-09
263    2.2206232503731485e-09
264    2.211195113082666e-09
265    2.2018562128958265e-09
266    2.1926056520873586e-09
267    2.1834426530647535e-09
268    2.1743664845449623e-09
269    2.165376153311043e-09
270    2.1564704573641287e-09
271    2.147647943216663e-09
272    2.1389071474324466e-09
273    2.1302465904818493e-09
274    2.1216646350778587e-09
275    2.113159614914381e-09
276    2.104730003688583e-09
277    2.096374375434642e-09
278    2.088091220950026e-09
279    2.079878754219752e-09
280    2.0717352968647773e-09
281    2.063659433178926e-09
282    2.0556497850642097e-09
283    2.047704901589169e-09
284    2.0398232839604235e-09
285    2.0320034648854128e-09
286    2.024244154651221e-09
287    2.0165441987333944e-09
288    2.0089019806832066e-09
289    2.0013158071834223e-09
290    1.9937840502249445e-09
291    1.9863052094661144e-09
292    1.978878015291499e-09
293    1.971501460507e-09
294    1.964174578069164e-09
295    1.956896419583368e-09
296    1.949666014039798e-09
297    1.9424820672992135e-09
298    1.935343242667047e-09
299    1.928248324998472e-09
300    1.921196134672674e-09
301    1.914185491118947e-09
302    1.9072152427316844e-09
303    1.900284274063246e-09
304    1.8933916127647992e-09
305    1.8865363912867897e-09
306    1.87971771335819e-09
307    1.87293474426922e-09
308    1.8661867494178807e-09
309    1.8594731465354683e-09
310    1.8527933499919292e-09
311    1.8461467678509798e-09
312    1.8395328055841594e-09
313    1.8329507055114953e-09
314    1.8263996122855215e-09
315    1.8198786357616461e-09
316    1.8133871344995645e-09
317    1.806924662741187e-09
318    1.800490812461847e-09
319    1.7940852216659814e-09
320    1.7877075426262249e-09
321    1.7813574332241683e-09
322    1.7750335716651576e-09
323    1.768734233158835e-09
324    1.7624577914036587e-09
325    1.7562027433978607e-09
326    1.749967647409049e-09
327    1.7437515737520196e-09
328    1.7375562691994944e-09
329    1.7313842227752016e-09
330    1.7252376636539228e-09
331    1.7191187326037322e-09
332    1.7130295032298242e-09
333    1.7069686345680109e-09
334    1.700923841108819e-09
335    1.694892404240889e-09
336    1.6888746067013398e-09
337    1.6828707916456889e-09
338    1.676881328523185e-09
339    1.6709066432686541e-09
340    1.6649471792032877e-09
341    1.640869631479756e-09
342    1.6352561482729497e-09
343    1.6297176529208042e-09
344    1.6242498525365194e-09
345    1.618836961739931e-09
346    1.61347584930992e-09
347    1.6081655557506604e-09
348    1.6029051376606289e-09
349    1.597693674719478e-09
350    1.5925302689648112e-09
351    1.5874140812158258e-09
352    1.5823443548371343e-09
353    1.5773203541687254e-09
354    1.572341353453986e-09
355    1.5674064518582575e-09
356    1.5625145264637073e-09
357    1.557664456030083e-09
358    1.5528551138476425e-09
359    1.5480850520541114e-09
360    1.5433524377570898e-09
361    1.538655459021266e-09
362    1.5386949413177701e-09
363    1.5332144836799386e-09
364    1.5277586892642914e-09
365    1.522328290872318e-09
366    1.5169239868479221e-09
367    1.5115464417064822e-09
368    1.5061962873752226e-09
369    1.5008741309161925e-09
370    1.4955805712607721e-09
371    1.4903162059683295e-09
372    1.4850816107575427e-09
373    1.4798773347155608e-09
374    1.4747039216366389e-09
375    1.4695619070966218e-09
376    1.464451857567049e-09
377    1.459374367481676e-09
378    1.4543299573063456e-09
379    1.4493190635965313e-09
380    1.44434206412495e-09
381    1.4393993092907562e-09
382    1.4344911288901583e-09
383    1.4296178327423816e-09
384    1.4247796927715803e-09
385    1.419976854968308e-09
386    1.4152094102841566e-09
387    1.4104774366197174e-09
388    1.405780981465924e-09
389    1.4011199846916844e-09
390    1.3964943494834108e-09
391    1.3919039281351265e-09
392    1.3873485419571065e-09
393    1.3828280531136423e-09
394    1.3783423635214414e-09
395    1.3738914246091505e-09
396    1.36947518591266e-09
397    1.3650935068103568e-09
398    1.3607458903229575e-09
399    1.356431738414978e-09
400    1.3521504838902567e-09
401    1.3479015751076701e-09
402    1.343684474277132e-09
403    1.3394986554682358e-09
404    1.3353436048495393e-09
405    1.331218821732305e-09
406    1.327123795243202e-09
407    1.323057854724937e-09
408    1.31902025052296e-09
409    1.3150102466789779e-09
410    1.3110270688265437e-09
411    1.307069960598401e-09
412    1.3031382013507772e-09
413    1.2992310883352396e-09
414    1.2953479371178724e-09
415    1.2914880899086166e-09
416    1.2876508676970342e-09
417    1.2838355318415128e-09
418    1.2800413067318624e-09
419    1.2762674255690942e-09
420    1.2725131514615512e-09
421    1.2687777790447467e-09
422    1.2650606258889807e-09
423    1.2613610173507891e-09
424    1.2576782860753477e-09
425    1.2540117650751551e-09
426    1.2503607786155372e-09
427    1.2467247360880071e-09
428    1.2431030980175177e-09
429    1.2394953363175981e-09
430    1.235900933426817e-09
431    1.2323193812835087e-09
432    1.228750181030624e-09
433    1.2251928436335565e-09
434    1.2216468974257375e-09
435    1.218111899705943e-09
436    1.2145873809763798e-09
437    1.211072857804319e-09
438    1.20756782610021e-09
439    1.204071769523272e-09
440    1.2005842427730482e-09
441    1.1971048457880706e-09
442    1.1936331997450939e-09
443    1.1901689826554998e-09
444    1.1867119936133726e-09
445    1.1832620682875126e-09
446    1.1798190443329307e-09
447    1.1763827686145363e-09
448    1.1729531079638593e-09
449    1.1695299531564362e-09
450    1.1661131980007806e-09
451    1.1627027372635727e-09
452    1.1592984713623904e-09
453    1.1559003647351754e-09
454    1.1525084265717405e-09
455    1.1491226654335682e-09
456    1.1457430881479045e-09
457    1.142369702852268e-09
458    1.139002521346178e-09
459    1.1289286853704117e-09
460    1.1252621519465592e-09
461    1.121617677206035e-09
462    1.1179956654144914e-09
463    1.1143965048436962e-09
464    1.1108205672320801e-09
465    1.1072681607211122e-09
466    1.1037395109308475e-09
467    1.1002348321236111e-09
468    1.0967543371106392e-09
469    1.0932982379755898e-09
470    1.089866736834976e-09
471    1.0864600257731833e-09
472    1.0830782925397778e-09
473    1.0797217211351208e-09
474    1.0763904860315943e-09
475    1.0730847487376085e-09
476    1.0698045861675473e-09
477    1.0665499823483868e-09
478    1.0633209133694068e-09
479    1.060117351347754e-09
480    1.056939264443546e-09
481    1.063579641976542e-09
482    1.0604079459144491e-09
483    1.057247151541737e-09
484    1.0540974543721178e-09
485    1.0509590340079774e-09
486    1.0478320905542115e-09
487    1.0447168858901737e-09
488    1.0416136850527252e-09
489    1.0385227573066602e-09
490    1.0354444270649409e-09
491    1.0323790284741456e-09
492    1.0293268387448696e-09
493    1.0262880820988026e-09
494    1.0232629737428314e-09
495    1.0202517244878646e-09
496    1.0172545648497378e-09
497    1.0142717588645549e-09
498    1.0113035504887923e-09
499    1.0083499942673614e-09
500    1.0054110442472586e-09
501    1.0024866576301554e-09
502    9.995767927566356e-10
503    9.966814080465968e-10
504    9.938004622199025e-10
505    9.909339146508944e-10
506    9.880817232924354e-10
507    9.852438540417794e-10
508    9.82420648770309e-10
509    9.7961280017377e-10
510    9.768209969776064e-10
511    9.74045911532245e-10
512    9.712882103258132e-10
513    9.6854854989672e-10
514    9.658275863847002e-10
515    9.631259806992694e-10
516    9.604443794565745e-10
517    9.57781377737478e-10
518    9.55132824816321e-10
519    9.52497642072473e-10
520    9.498759665405544e-10
521    9.472679360161732e-10
522    9.446736875402034e-10
523    9.420933538934438e-10
524    9.395270442620874e-10
525    9.369748060219201e-10
526    9.344366749607525e-10
527    9.31912687910243e-10
528    9.294028812601882e-10
529    9.269072890015875e-10
530    9.244259425252659e-10
531    9.219588708402176e-10
532    9.195061006775747e-10
533    9.170676566785599e-10
534    9.146435613463393e-10
535    9.122338360943065e-10
536    9.098385220709485e-10
537    9.074576464955417e-10
538    9.050912035033288e-10
539    9.02739130761613e-10
540    9.004012381077742e-10
541    8.980772997186937e-10
542    8.957670870206748e-10
543    8.934703721912954e-10
544    8.91186918538387e-10
545    8.889164887537892e-10
546    8.866588494174905e-10
547    8.84413771886932e-10
548    8.821810314055871e-10
549    8.79960404466468e-10
550    8.777516381817412e-10
551    8.755544566462622e-10
552    8.733685920306228e-10
553    8.711937953652591e-10
554    8.690298270555544e-10
555    8.668764617654529e-10
556    8.647334867192792e-10
557    8.626006757453067e-10
558    8.604777958184599e-10
559    8.583646169668824e-10
560    8.562609191844282e-10
561    8.541665588065217e-10
562    8.520814336257121e-10
563    8.500054100692618e-10
564    8.479383442398291e-10
565    8.458800942723992e-10
566    8.438305201685048e-10
567    8.454524277480896e-10
568    8.433780043184859e-10
569    8.413076672157294e-10
570    8.392414442565249e-10
571    8.37179361949131e-10
572    8.351214454795272e-10
573    8.330677191276187e-10
574    8.310182001464457e-10
575    8.289729011353625e-10
576    8.269318290383474e-10
577    8.24894990297222e-10
578    8.228623768398694e-10
579    8.208339688317449e-10
580    8.188097443528763e-10
581    8.167896810867026e-10
582    8.147737575688379e-10
583    8.127619715021484e-10
584    8.107543354385697e-10
585    8.087508616038685e-10
586    8.044395525610477e-10
587    8.025400857791916e-10
588    8.006465149996995e-10
589    7.987587441365374e-10
590    7.968767023424878e-10
591    7.950003254426422e-10
592    7.931295500712208e-10
593    7.912643141105926e-10
594    7.894045527177154e-10
595    7.875501822340302e-10
596    7.857011119450047e-10
597    7.838572470912184e-10
598    7.820185053298023e-10
599    7.801848173636402e-10
600    7.783561164873715e-10
601    7.765323487841594e-10
602    7.747134696550377e-10
603    7.728994357908843e-10
604    7.710902056949366e-10
605    7.69285742485913e-10
606    7.674860353902869e-10
607    7.656910720933541e-10
608    7.63900837349821e-10
609    7.621153164457629e-10
610    7.603344949967519e-10
611    7.585583587457925e-10
612    7.567868891219638e-10
613    7.550200701907238e-10
614    7.532578994401411e-10
615    7.515003539238608e-10
616    7.497474083327619e-10
617    7.479990372923289e-10
618    7.462552126084857e-10
619    7.445159061077516e-10
620    7.427810929711011e-10
621    7.410507656576631e-10
622    7.393249437035784e-10
623    7.376036674891585e-10
624    7.358869771780071e-10
625    7.341749062070784e-10
626    7.324674957925035e-10
627    7.307648098056033e-10
628    7.290669135897856e-10
629    7.273738714613399e-10
630    7.256857422841446e-10
631    7.240025572739112e-10
632    7.22324336774727e-10
633    7.206510997160151e-10
634    7.189828483922179e-10
635    7.173195712323228e-10
636    7.156612562570358e-10
637    7.140078915814481e-10
638    7.123594716716003e-10
639    7.107160140983928e-10
640    7.090775465641543e-10
641    7.074440961434838e-10
642    7.058156875149128e-10
643    7.041923425268624e-10
644    7.025740912334985e-10
645    7.00960966485051e-10
646    6.99353005070581e-10
647    6.977502509958918e-10
648    6.961527463642845e-10
649    6.94560529840267e-10
650    6.929736368878388e-10
651    6.913921039816113e-10
652    6.898159801921772e-10
653    6.882453170928222e-10
654    6.866801589271911e-10
655    6.851205513858536e-10
656    6.835665430860479e-10
657    6.820181827187471e-10
658    6.804755172896307e-10
659    6.789385922468194e-10
660    6.774074514454045e-10
661    6.758821371718882e-10
662    6.743626902681631e-10
663    6.728491499851454e-10
664    6.713415530066485e-10
665    6.69839931928345e-10
666    6.683443179410215e-10
667    6.66854742520688e-10
668    6.653712361520425e-10
669    6.638938279455035e-10
670    6.624225453473111e-10
671    6.609574115083417e-10
672    6.594984527892117e-10
673    6.580456947466362e-10
674    6.565991540260486e-10
675    6.551588446100951e-10
676    6.537247801928609e-10
677    6.522969870758424e-10
678    6.508755064761301e-10
679    6.494603790110062e-10
680    6.480516440164145e-10
681    6.466493425571523e-10
682    6.452535257036512e-10
683    6.438642527845318e-10
684    6.424815819110828e-10
685    6.411055696353308e-10
686    6.397362706802803e-10
687    6.383737300307396e-10
688    6.370179799920908e-10
689    6.356690401731356e-10
690    6.343268521729239e-10
691    6.329913174429524e-10
692    6.31662338347848e-10
693    6.303398205065516e-10
694    6.290236726843574e-10
695    6.277138045856071e-10
696    6.264101265825919e-10
697    6.251125516827978e-10
698    6.23820999817804e-10
699    6.225353934085214e-10
700    6.212556558856966e-10
701    6.199817116844376e-10
702    6.187135330950729e-10
703    6.17451278385274e-10
704    6.161951350366346e-10
705    6.149452839695614e-10
706    6.13701902766914e-10
707    6.124651656964761e-10
708    6.112352440046633e-10
709    6.100123096620894e-10
710    6.087965355066399e-10
711    6.07588091388217e-10
712    6.063871372403121e-10
713    6.051938285058591e-10
714    6.040083142745142e-10
715    6.028301092536205e-10
716    6.016576019003983e-10
717    6.004896492188349e-10
718    5.993261313522642e-10
719    5.981670324904045e-10
720    5.970123239468022e-10
721    5.958619720446715e-10
722    5.947159436468803e-10
723    5.935742089427543e-10
724    5.924367427790976e-10
725    5.913035206427481e-10
726    5.90174518032926e-10
727    5.890497106237425e-10
728    5.879290744070536e-10
729    5.868125856888153e-10
730    5.857002211195305e-10
731    5.845919576917345e-10
732    5.834877777293511e-10
733    5.82387678595986e-10
734    5.812916611287442e-10
735    5.77808413969901e-10
736    5.767768364834154e-10
737    5.757501089012647e-10
738    5.747281308447e-10
739    5.737108004197072e-10
740    5.726980168462729e-10
741    5.716896804529196e-10
742    5.706856926388678e-10
743    5.696859558367292e-10
744    5.686903727550532e-10
745    5.676988461038019e-10
746    5.667112788008112e-10
747    5.657275742886621e-10
748    5.647476370413487e-10
749    5.637713725643623e-10
750    5.627986873855995e-10
751    5.618294890469928e-10
752    5.608636860968083e-10
753    5.599011871549262e-10
754    5.58941895897623e-10
755    5.579857037650699e-10
756    5.57032486302118e-10
757    5.560821194320449e-10
758    5.55134483556431e-10
759    5.541894653978409e-10
760    5.532469535985178e-10
761    5.523068393314963e-10
762    5.513690160538277e-10
763    5.504333785563019e-10
764    5.494998229260671e-10
765    5.485682465384463e-10
766    5.476385480494199e-10
767    5.467106273887319e-10
768    5.457843857546784e-10
769    5.448597258139643e-10
770    5.43936556024436e-10
771    5.430147904435942e-10
772    5.420943435546441e-10
773    5.411751301164856e-10
774    5.402570659907285e-10
775    5.393400692169813e-10
776    5.38424068984602e-10
777    5.375090010537438e-10
778    5.36594802074396e-10
779    5.356814095609871e-10
780    5.347687619245604e-10
781    5.338567984722067e-10
782    5.329454594067028e-10
783    5.320346858263481e-10
784    5.311244196274085e-10
785    5.302146036699462e-10
786    5.293051898585864e-10
787    5.283961412531833e-10
788    5.274874205832538e-10
789    5.265789954397063e-10
790    5.256708346287312e-10
791    5.247629075603535e-10
792    5.238551842466202e-10
793    5.229476353014269e-10
794    5.220402319463395e-10
795    5.211329460029309e-10
796    5.202257499813437e-10
797    5.193186247835351e-10
798    5.18411565303852e-10
799    5.175045680553917e-10
800    5.16597629799319e-10
801    5.156907475430492e-10
802    5.147839213078414e-10
803    5.138771664473944e-10
804    5.129705034361605e-10
805    5.120639526573249e-10
806    5.111575343983495e-10
807    5.102512688531405e-10
808    5.093451759690232e-10
809    5.08439275081363e-10
810    5.075335853359236e-10
811    5.06628126516132e-10
812    5.057229193066419e-10
813    5.048179773707664e-10
814    5.03913306158357e-10
815    5.030089107801851e-10
816    5.021047992402366e-10
817    5.012009944961651e-10
818    5.002975276289973e-10
819    4.993944509071675e-10
820    4.984918262012614e-10
821    4.975897147729525e-10
822    4.966881771238337e-10
823    4.957872729175626e-10
824    4.948870605471898e-10
825    4.939875974382468e-10
826    4.930889399750777e-10
827    4.921911434777912e-10
828    4.912942625150011e-10
829    4.903983509224623e-10
830    4.895034618051172e-10
831    4.886096475393614e-10
832    4.877169597755373e-10
833    4.868254494406416e-10
834    4.859351667887208e-10
835    4.850461654938418e-10
836    4.841585057227372e-10
837    4.832722474913822e-10
838    4.823874498274677e-10
839    4.815041667014789e-10
840    4.806224491066937e-10
841    4.797423513614075e-10
842    4.788639271794613e-10
843    4.779872294023239e-10
844    4.771123102352072e-10
845    4.76239222991399e-10
846    4.753680210623782e-10
847    4.744987569458244e-10
848    4.736314829222773e-10
849    4.727662539554388e-10
850    4.719031260816241e-10
851    4.710421543217184e-10
852    4.701833920363775e-10
853    4.693268914570537e-10
854    4.684727038811208e-10
855    4.676208796803769e-10
856    4.667714683097527e-10
857    4.659245183161877e-10
858    4.6508007734768983e-10
859    4.6423819216256367e-10
860    4.633989085971062e-10
861    4.625622720511732e-10
862    4.610578698987181e-10
863    4.602662575659662e-10
864    4.5947755507019627e-10
865    4.586917650001765e-10
866    4.5790889423327586e-10
867    4.571289556720207e-10
868    4.5635196238121333e-10
869    4.555779270416047e-10
870    4.5480685838097725e-10
871    4.540387601039507e-10
872    4.5327363533238235e-10
873    4.5251148172012275e-10
874    4.5175229581097527e-10
875    4.5099607463651914e-10
876    4.5024281600541685e-10
877    4.494925167350581e-10
878    4.4874516928810626e-10
879    4.480007639337019e-10
880    4.4725929089376085e-10
881    4.4652074036735904e-10
882    4.4578509305716283e-10
883    4.4505230123403786e-10
884    4.443223125463104e-10
885    4.435950767990091e-10
886    4.428705450976988e-10
887    4.421486691070733e-10
888    4.414294009979148e-10
889    4.4071269308623207e-10
890    4.3999849431037533e-10
891    4.39286751839277e-10
892    4.3857741339988157e-10
893    4.3787042730329593e-10
894    4.371657427332295e-10
895    4.3646331193419366e-10
896    4.3576308898654055e-10
897    4.350650296648943e-10
898    4.343691013662589e-10
899    4.3367534117340855e-10
900    4.329838146667001e-10
901    4.322945863951092e-10
902    4.316077198521953e-10
903    4.309232778928117e-10
904    4.30241322546961e-10
905    4.295619147557771e-10
906    4.288851126425428e-10
907    4.282109725852685e-10
908    4.275395515722906e-10
909    4.2687090533103793e-10
910    4.262050866973345e-10
911    4.255421471926566e-10
912    4.24882137608801e-10
913    4.2422510836944687e-10
914    4.23571089444266e-10
915    4.2291974145489505e-10
916    4.222704035347624e-10
917    4.216225168430367e-10
918    4.2097595809983045e-10
919    4.203307152699974e-10
920    4.1968677694531857e-10
921    4.1904413202971937e-10
922    4.18402769468928e-10
923    4.17762678247247e-10
924    4.1712384738611344e-10
925    4.164862659455951e-10
926    4.15849923025613e-10
927    4.152148077545835e-10
928    4.145809102647573e-10
929    4.1394822424049636e-10
930    4.1331674535603275e-10
931    4.1268646939526153e-10
932    4.1205906134106426e-10
933    4.114446949122119e-10
934    4.108314971690346e-10
935    4.1021946391163447e-10
936    4.096085910989288e-10
937    4.08998874702026e-10
938    4.0839031067229896e-10
939    4.077828949929072e-10
940    4.0717662358006506e-10
941    4.065714916462402e-10
942    4.0596749429425886e-10
943    4.0536462925775686e-10
944    4.0476290018587524e-10
945    4.0416231104844975e-10
946    4.035628636755323e-10
947    4.0296455919980736e-10
948    4.0236739903812236e-10
949    4.017713887763856e-10
950    4.011765367811982e-10
951    4.0058285135138963e-10
952    3.999903409073396e-10
953    3.9939901429481844e-10
954    3.988088739404989e-10
955    3.9821991220308385e-10
956    3.976321208680848e-10
957    3.970454917974704e-10
958    3.964600169213258e-10
959    3.958756882352474e-10
960    3.952924977836717e-10
961    3.9471043766136423e-10
962    3.941294997074478e-10
963    3.935496738161141e-10
964    3.9297094748819254e-10
965    3.92393308135013e-10
966    3.9181674338239793e-10
967    3.912412410461886e-10
968    3.906667900691627e-10
969    3.9009338388375764e-10
970    3.89521016164687e-10
971    3.8894967952822675e-10
972    3.8837936595479273e-10
973    3.8781006735278503e-10
974    3.872417757588916e-10
975    3.866744832618117e-10
976    3.8610818089095736e-10
977    3.85542858924934e-10
978    3.8497850777956975e-10
979    3.8441511838312275e-10
980    3.838526843778198e-10
981    3.8329120102112867e-10
982    3.827306640389065e-10
983    3.8217106921319257e-10
984    3.816124123923755e-10
985    3.8105468956162953e-10
986    3.804978947542199e-10
987    3.799420196367321e-10
988    3.793870570652523e-10
989    3.7883300216273966e-10
990    3.782798506021222e-10
991    3.7772759871963206e-10
992    3.77176247987675e-10
993    3.7662580935335065e-10
994    3.7607629472790415e-10
995    3.755277158791839e-10
996    3.749800844266004e-10
997    3.744334118425166e-10
998    3.738877094528738e-10
999    3.7334298843784724e-10
