10    5.088491916152449e-09
11    5.259535173557081e-09
12    5.4045170365445385e-09
13    5.538511296442236e-09
14    5.655433689673545e-09
15    5.756755637824937e-09
16    5.845537232405102e-09
17    5.923879823388028e-09
18    5.987946014420287e-09
19    6.046953537559046e-09
20    6.106868147754032e-09
21    6.178656678662565e-09
22    6.209239613711068e-09
23    6.23128891358787e-09
24    6.242208371344712e-09
25    6.2605306861224396e-09
26    6.273304986193653e-09
27    6.288081420656598e-09
28    6.291670587139427e-09
29    6.291132383209619e-09
30    6.287133759802005e-09
31    6.280283664410964e-09
32    6.271093993913554e-09
33    6.2599056129435005e-09
34    6.2469037985967985e-09
35    6.224102375285749e-09
36    6.205961580986629e-09
37    6.1866752796657856e-09
38    6.166354095083128e-09
39    6.1602219341138415e-09
40    6.138984372959682e-09
41    6.1159281059613494e-09
42    6.085278502050427e-09
43    6.059084476211953e-09
44    6.0317422654720225e-09
45    6.003265187719395e-09
46    5.973659002077292e-09
47    5.942934541263064e-09
48    5.911128918899941e-09
49    5.878282386766948e-09
50    5.844466562687846e-09
51    5.809806766132229e-09
52    5.7744699462146604e-09
53    5.738641586176672e-09
54    5.70249466825115e-09
55    5.666179892150298e-09
56    5.6298040605814526e-09
57    5.593461455305308e-09
58    5.557207403260216e-09
59    5.525925346921799e-09
60    5.4876277394754706e-09
61    5.449440016530919e-09
62    5.411451721248328e-09
63    5.373729387465489e-09
64    5.336319263305547e-09
65    5.306765336266203e-09
66    5.2713815547226195e-09
67    5.23604652314068e-09
68    5.200739963704863e-09
69    5.139478207163436e-09
70    5.102234502631342e-09
71    5.0654566627184795e-09
72    5.029130832985111e-09
73    4.993264910196488e-09
74    4.988137249168327e-09
75    4.952461316951521e-09
76    4.916746536409062e-09
77    4.881030866224405e-09
78    4.845358618260554e-09
79    4.809775628665551e-09
80    4.774332777698281e-09
81    4.739076827300954e-09
82    4.704043401938826e-09
83    4.669260588055088e-09
84    4.634750198912212e-09
85    4.6005267100310065e-09
86    4.566603763986504e-09
87    4.532988723499721e-09
88    4.510313299045846e-09
89    4.4781664491267675e-09
90    4.4461427481868405e-09
91    4.414232108385327e-09
92    4.382419290734208e-09
93    4.350692816718247e-09
94    4.319046690560846e-09
95    4.287479494043935e-09
96    4.2559941595527275e-09
97    4.224601106414366e-09
98    4.193314922042091e-09
99    4.162151290285195e-09
100    4.13113157683041e-09
101    4.100281986628266e-09
102    4.069626086406732e-09
103    4.039186512628702e-09
104    4.008985238737705e-09
105    3.97904719184665e-09
106    3.949394091876853e-09
107    3.920044402841636e-09
108    3.8910179101729466e-09
109    3.862336254771598e-09
110    3.834009705408691e-09
111    3.806040620050733e-09
112    3.778453533429608e-09
113    3.751285786191933e-09
114    3.724503485266789e-09
115    3.7057111318893995e-09
116    3.6778113320757e-09
117    3.650258387871549e-09
118    3.6230709940788256e-09
119    3.5962648653887983e-09
120    3.5698485658623417e-09
121    3.5438280860357755e-09
122    3.5182072565081156e-09
123    3.492986465282801e-09
124    3.4773470113872455e-09
125    3.4544738580938903e-09
126    3.4318723173782234e-09
127    3.4095280544755133e-09
128    3.387427181539771e-09
129    3.3655559243841066e-09
130    3.343901355319216e-09
131    3.3224503295438486e-09
132    3.3011895227057952e-09
133    3.2801070194250343e-09
134    3.259191238041646e-09
135    3.238431347081517e-09
136    3.217818088481904e-09
137    3.1973431849310645e-09
138    3.1769988088629215e-09
139    3.15677792398657e-09
140    3.1366747740919947e-09
141    3.116684641403919e-09
142    3.0968039444923994e-09
143    3.0770315653549013e-09
144    3.0573669137851266e-09
145    3.0378096005170567e-09
146    3.018360935867259e-09
147    2.999025963522816e-09
148    2.979808946263217e-09
149    2.9607120617352184e-09
150    2.9417381803768606e-09
151    2.9228909678505604e-09
152    2.9041746090399274e-09
153    2.885594577066924e-09
154    2.867156342160433e-09
155    2.8488653205267082e-09
156    2.830727377813888e-09
157    2.8127481847989003e-09
158    2.7949332767344052e-09
159    2.777289002518924e-09
160    2.7598213001305945e-09
161    2.742535275974991e-09
162    2.7254345301334903e-09
163    2.708521766506066e-09
164    2.6917986456760913e-09
165    2.6752667133220587e-09
166    2.6589268776418625e-09
167    2.6560950918952397e-09
168    2.641002425918379e-09
169    2.6260346641303605e-09
170    2.611188374293323e-09
171    2.5964588360392075e-09
172    2.581840998025497e-09
173    2.5673299533283908e-09
174    2.5529202861098227e-09
175    2.538606055817979e-09
176    2.5060208944935065e-09
177    2.4917344038948124e-09
178    2.477617490512974e-09
179    2.463666585481137e-09
180    2.449878220852167e-09
181    2.4362486285016976e-09
182    2.422773592761341e-09
183    2.409448645284946e-09
184    2.396270106459166e-09
185    2.3832349766811277e-09
186    2.370340460843089e-09
187    2.3575839391034766e-09
188    2.3449630130432815e-09
189    2.3324745543512663e-09
190    2.320114993146709e-09
191    2.307880546742765e-09
192    2.2957677431689294e-09
193    2.283773794984778e-09
194    2.271895696896329e-09
195    2.2601297812734743e-09
196    2.2484728665603493e-09
197    2.2369220326462404e-09
198    2.225474488465306e-09
199    2.2141276260490256e-09
200    2.202879058957105e-09
201    2.1917261664242814e-09
202    2.1806660920906827e-09
203    2.1696961420026636e-09
204    2.1588141252878617e-09
205    2.148018240787297e-09
206    2.1373066570297776e-09
207    2.1266758898911757e-09
208    2.1161213344929178e-09
209    2.1056384022120014e-09
210    2.09522339306427e-09
211    2.0848781258784887e-09
212    2.0746067061632395e-09
213    2.0644131374353135e-09
214    2.054292122630899e-09
215    2.0442232340272987e-09
216    2.034204229196944e-09
217    2.0242345925490225e-09
218    2.0143140880664993e-09
219    2.004442913146294e-09
220    1.994621320513583e-09
221    1.984849586847368e-09
222    1.975128023744311e-09
223    1.965457060573147e-09
224    1.955852053712893e-09
225    1.9463066869370486e-09
226    1.936811196848949e-09
227    1.9273650904545068e-09
228    1.917968017950785e-09
229    1.9086198137525662e-09
230    1.8993206349348066e-09
231    1.8900711507676296e-09
232    1.8808724829194755e-09
233    1.871726486692708e-09
234    1.8626350827914807e-09
235    1.853600074837162e-09
236    1.8446231882922159e-09
237    1.8287158315190125e-09
238    1.8209139079391766e-09
239    1.8131894047882291e-09
240    1.8055379786985453e-09
241    1.7979563040984429e-09
242    1.7904412054365255e-09
243    1.782989501276563e-09
244    1.7755980125234503e-09
245    1.7682635168209493e-09
246    1.7609828837504936e-09
247    1.7537530821199255e-09
248    1.7465710737904277e-09
249    1.7394336976694792e-09
250    1.7323380358481197e-09
251    1.7252814558159967e-09
252    1.7182614592901609e-09
253    1.7024269040417864e-09
254    1.6947494862796795e-09
255    1.6871518636276222e-09
256    1.6796338639824126e-09
257    1.6721951325786389e-09
258    1.6648350521087267e-09
259    1.6575529751431263e-09
260    1.6503480913152883e-09
261    1.6432192178518379e-09
262    1.6361649359762301e-09
263    1.6291839007855645e-09
264    1.6222748215249283e-09
265    1.6154362396862917e-09
266    1.6086658723356179e-09
267    1.6019610875979194e-09
268    1.5953193378394913e-09
269    1.5887382662110535e-09
270    1.5822157644802053e-09
271    1.575749901853577e-09
272    1.569338761120143e-09
273    1.5629803421046345e-09
274    1.5566725020802204e-09
275    1.550412904976035e-09
276    1.544199280355508e-09
277    1.5380294699333967e-09
278    1.5319014228647533e-09
279    1.5258129754559042e-09
280    1.5197618279556908e-09
281    1.5137459210292241e-09
282    1.5077635162875927e-09
283    1.5018131061283785e-09
284    1.495893294942118e-09
285    1.490002800476922e-09
286    1.4841403885300476e-09
287    1.4783048635905047e-09
288    1.472495067552353e-09
289    1.4667098820678712e-09
290    1.4609483235775875e-09
291    1.4552095444486381e-09
292    1.4494927703144098e-09
293    1.4437973637793195e-09
294    1.4381227395153123e-09
295    1.432468348308863e-09
296    1.4268337391017766e-09
297    1.4212186333574821e-09
298    1.4156227734435217e-09
299    1.4100459155248858e-09
300    1.404487882501856e-09
301    1.3989485156093702e-09
302    1.3934277057454771e-09
303    1.387925504275651e-09
304    1.3824420977570583e-09
305    1.3769776440311524e-09
306    1.371532160845237e-09
307    1.3661055695628643e-09
308    1.3606979336274845e-09
309    1.3553095834867075e-09
310    1.3499408665963984e-09
311    1.3445921478093789e-09
312    1.3392637925175595e-09
313    1.3339561425294335e-09
314    1.328669509888173e-09
315    1.323404138473367e-09
316    1.3181602470447322e-09
317    1.3129382541207405e-09
318    1.307738611334684e-09
319    1.3025617435643794e-09
320    1.2974082145147314e-09
321    1.2922788565020158e-09
322    1.2791079841739708e-09
323    1.2740740227569163e-09
324    1.2690874327043207e-09
325    1.264147599549321e-09
326    1.259253916059591e-09
327    1.254405786013308e-09
328    1.2496026183002991e-09
329    1.2448437678360567e-09
330    1.240128482173981e-09
331    1.2354560587629649e-09
332    1.2308258067705038e-09
333    1.2262370423513696e-09
334    1.2216890861105902e-09
335    1.2233112701363664e-09
336    1.218610994466369e-09
337    1.2139494443147512e-09
338    1.2093234084826114e-09
339    1.204725510556015e-09
340    1.20015547026031e-09
341    1.1956136975550385e-09
342    1.1911006086989113e-09
343    1.1866166132464186e-09
344    1.1821620868567176e-09
345    1.1777374008157642e-09
346    1.1733429376057705e-09
347    1.1689790547111395e-09
348    1.1646459335248025e-09
349    1.1603437154061617e-09
350    1.1560725282240813e-09
351    1.1518324600482378e-09
352    1.1476235409302687e-09
353    1.1434455046363852e-09
354    1.1392979691144813e-09
355    1.1351805555459124e-09
356    1.1310928895659102e-09
357    1.1270345873595007e-09
358    1.1230052398214273e-09
359    1.119004270389768e-09
360    1.1150309895786862e-09
361    1.111084716722893e-09
362    1.1071648199691314e-09
363    1.1032707472027544e-09
364    1.0994019456891687e-09
365    1.0955578568157363e-09
366    1.0917379591877175e-09
367    1.0879419061982722e-09
368    1.0841693469183694e-09
369    1.0804199222173279e-09
370    1.0766932587132105e-09
371    1.0729889734702472e-09
372    1.0693067036397664e-09
373    1.0656460954152846e-09
374    1.0620068016076571e-09
375    1.05838848633928e-09
376    1.054790809226004e-09
377    1.0512134022292422e-09
378    1.0476559108983623e-09
379    1.044118000850108e-09
380    1.0405993202311442e-09
381    1.0370994557384066e-09
382    1.0336180085107864e-09
383    1.0301545903850956e-09
384    1.0267087959932344e-09
385    1.0232801609118447e-09
386    1.019868222344011e-09
387    1.0164725425677945e-09
388    1.013092701386457e-09
389    1.0097283042946643e-09
390    1.0063790295106642e-09
391    1.0030445759481036e-09
392    9.997246556430127e-10
393    9.964189810870015e-10
394    9.931272516119167e-10
395    9.89849169019737e-10
396    9.8658442936113e-10
397    9.83332725478749e-10
398    9.800937694647086e-10
399    9.76867258430923e-10
400    9.758135877504683e-10
401    9.725497870460245e-10
402    9.692918495859337e-10
403    9.66042622501609e-10
404    9.628049775183416e-10
405    9.595817966540148e-10
406    9.563758964287467e-10
407    9.531899801147744e-10
408    9.500265832331572e-10
409    9.468803542575243e-10
410    9.437367345654143e-10
411    9.405938976958247e-10
412    9.374524213939482e-10
413    9.343128704649727e-10
414    9.311758276708762e-10
415    9.280419568292178e-10
416    9.24912032380469e-10
417    9.206381309491673e-10
418    9.176081968003064e-10
419    9.14587981906192e-10
420    9.115775563313484e-10
421    9.085769887139245e-10
422    9.055863468694508e-10
423    9.026056976178772e-10
424    8.99635106667114e-10
425    8.966746440139303e-10
426    8.937244237930745e-10
427    8.907846094199032e-10
428    8.878553891183238e-10
429    8.849369696116323e-10
430    8.820295976792372e-10
431    8.791334517708187e-10
432    8.762486629332724e-10
433    8.733753661206602e-10
434    8.705136971192983e-10
435    8.676638050743482e-10
436    8.64825875194155e-10
437    8.62000122756849e-10
438    8.591867719618438e-10
439    8.563860401783954e-10
440    8.53598139384349e-10
441    8.50823274706687e-10
442    8.480616437286252e-10
443    8.453134252190466e-10
444    8.425787535203357e-10
445    8.398576954816102e-10
446    8.37150355541819e-10
447    8.344568598987712e-10
448    8.317773348093533e-10
449    8.29111908955107e-10
450    8.264607079249193e-10
451    8.23823852131312e-10
452    8.212014792271528e-10
453    8.185937728584889e-10
454    8.160009167546015e-10
455    8.13423098388682e-10
456    8.108605176989846e-10
457    8.083133725191315e-10
458    8.057818470424178e-10
459    8.03266094108685e-10
460    8.007662261339136e-10
461    7.982821567253696e-10
462    7.958137109546945e-10
463    7.933607433886196e-10
464    7.909231193195063e-10
465    7.885007066707541e-10
466    7.860933645642161e-10
467    7.837009334606223e-10
468    7.813232471768676e-10
469    7.789603913695637e-10
470    7.766129020233727e-10
471    7.742813205050114e-10
472    7.719661582520634e-10
473    7.696678950158368e-10
474    7.673870049532829e-10
475    7.65123978233001e-10
476    7.628792983626857e-10
477    7.606530438924861e-10
478    7.584422484181446e-10
479    7.562444787674953e-10
480    7.540595844282089e-10
481    7.518875183150589e-10
482    7.497281718697484e-10
483    7.475814080738955e-10
484    7.454470907301854e-10
485    7.433250856145157e-10
486    7.412152675490205e-10
487    7.391175197259975e-10
488    7.370317275937934e-10
489    7.349577747752519e-10
490    7.328955362007819e-10
491    7.3084488728936e-10
492    7.288056916566033e-10
493    7.267777900386408e-10
494    7.247610424409384e-10
495    7.227552964896201e-10
496    7.207603821595917e-10
497    7.187761322633346e-10
498    7.168023327832554e-10
499    7.148387008973544e-10
500    7.128849814828339e-10
501    7.109409408577079e-10
502    7.090063467707755e-10
503    7.070809533676264e-10
504    7.051644906951955e-10
505    7.032566876984678e-10
506    7.01357278927841e-10
507    6.994660020521347e-10
508    6.975825940664413e-10
509    6.957067980098516e-10
510    6.938383711772696e-10
511    6.919770687282367e-10
512    6.901226196667993e-10
513    6.882747693715863e-10
514    6.864333075576813e-10
515    6.845980279920037e-10
516    6.827687246348001e-10
517    6.809451978355166e-10
518    6.791272971358499e-10
519    6.773149218147471e-10
520    6.755079754640929e-10
521    6.737063709837183e-10
522    6.719100388739287e-10
523    6.701189131903479e-10
524    6.68332929702344e-10
525    6.665520274829057e-10
526    6.647761579376404e-10
527    6.630052865958056e-10
528    6.618225665119426e-10
529    6.601948213506768e-10
530    6.585707726918999e-10
531    6.569501626850563e-10
532    6.553327375738176e-10
533    6.53718247841284e-10
534    6.521064481805718e-10
535    6.504970978500336e-10
536    6.48889967826465e-10
537    6.472848412655973e-10
538    6.456815366953846e-10
539    6.440799175482704e-10
540    6.424798901711461e-10
541    6.408813832136313e-10
542    6.392843470845633e-10
543    6.376887354509518e-10
544    6.360945045029986e-10
545    6.345016118873809e-10
546    6.32910015694047e-10
547    6.313196744872584e-10
548    6.297305478375236e-10
549    6.281426198294404e-10
550    6.265559114601852e-10
551    6.249704634888679e-10
552    6.203600293287754e-10
553    6.18724681645884e-10
554    6.170954713650715e-10
555    6.15472496520672e-10
556    6.138558555557465e-10
557    6.122456441264229e-10
558    6.106419560961817e-10
559    6.090448969460723e-10
560    6.074545688578206e-10
561    6.058710402342647e-10
562    6.042943704686977e-10
563    6.027246156131971e-10
564    6.011618223317598e-10
565    5.996060321135345e-10
566    5.980572845362107e-10
567    5.965156172006721e-10
568    5.949810622891266e-10
569    5.934536318187494e-10
570    5.919333382303169e-10
571    5.904202068090166e-10
572    5.889142625137315e-10
573    5.874155343560885e-10
574    5.859240558113497e-10
575    5.844398588633649e-10
576    5.829629739891493e-10
577    5.814934332481175e-10
578    5.800312700499291e-10
579    5.785765163386763e-10
580    5.771292025229041e-10
581    5.756893573680293e-10
582    5.742570028419995e-10
583    5.728321204351209e-10
584    5.71414678531386e-10
585    5.700046449641031e-10
586    5.686019887125276e-10
587    5.672066723434309e-10
588    5.65818637000841e-10
589    5.644378185762915e-10
590    5.630641529822865e-10
591    5.617118092155717e-10
592    5.603664754071367e-10
593    5.590281096681079e-10
594    5.57696710126732e-10
595    5.563722826064651e-10
596    5.550548235629074e-10
597    5.537443096922604e-10
598    5.524407152342377e-10
599    5.511440144456355e-10
600    5.498541816183528e-10
601    5.485711912962228e-10
602    5.472950195132341e-10
603    5.460256265000286e-10
604    5.447628892716375e-10
605    5.435066668476476e-10
606    5.422568193435317e-10
607    5.410131977891365e-10
608    5.397756546645523e-10
609    5.385440477009091e-10
610    5.373182475796948e-10
611    5.360981236610114e-10
612    5.348835462135546e-10
613    5.336743863065581e-10
614    5.324705434141712e-10
615    5.312721201256152e-10
616    5.300793090494242e-10
617    5.288922969499031e-10
618    5.277112656134876e-10
619    5.265363928388188e-10
620    5.253678526628781e-10
621    5.242058155702993e-10
622    5.23050448581535e-10
623    5.21052751606321e-10
624    5.19848901275686e-10
625    5.186551327106302e-10
626    5.174717476813349e-10
627    5.162979387230467e-10
628    5.151311558366367e-10
629    5.139701382131465e-10
630    5.128148686480197e-10
631    5.116653809498004e-10
632    5.105217164466217e-10
633    5.093839157289264e-10
634    5.082520218923424e-10
635    5.071260786945027e-10
636    5.060061284407464e-10
637    5.048922083979064e-10
638    5.037843479014928e-10
639    5.026825717055189e-10
640    5.015869024277279e-10
641    5.004973616846811e-10
642    4.994139650774735e-10
643    4.983367098091048e-10
644    4.972655887814326e-10
645    4.962005988469344e-10
646    4.951417428124043e-10
647    4.940890225339538e-10
648    4.946289492410275e-10
649    4.935864454689466e-10
650    4.925474995358107e-10
651    4.915120981693725e-10
652    4.904802326655202e-10
653    4.894518558728286e-10
654    4.884269066817669e-10
655    4.874053255977639e-10
656    4.863870547901176e-10
657    4.853720312584161e-10
658    4.843601825750368e-10
659    4.833514389528593e-10
660    4.823457339089246e-10
661    4.813430017013593e-10
662    4.803431772284743e-10
663    4.793461978995141e-10
664    4.783520026653899e-10
665    4.773605377932989e-10
666    4.763717641088479e-10
667    4.753856458738299e-10
668    4.744021477217813e-10
669    4.734212345901719e-10
670    4.724428716532036e-10
671    4.71467024257258e-10
672    4.704936584363557e-10
673    4.695227411956512e-10
674    4.685542404215047e-10
675    4.675881235471266e-10
676    4.666243569094363e-10
677    4.656629099502103e-10
678    4.6470375358737604e-10
679    4.6374688525978885e-10
680    4.6279232062860914e-10
681    4.6184007135792056e-10
682    4.608901461004813e-10
683    4.599425539054339e-10
684    4.589973035658542e-10
685    4.58054403647646e-10
686    4.5711386243643016e-10
687    4.5617568794025043e-10
688    4.5523988794214095e-10
689    4.54306469981067e-10
690    4.53375441233715e-10
691    4.5244680721492344e-10
692    4.5152056639288276e-10
693    4.5059672268616047e-10
694    4.496752840815589e-10
695    4.4875625843399975e-10
696    4.4783965334965835e-10
697    4.4692547350403366e-10
698    4.4601371984574557e-10
699    4.45104392731642e-10
700    4.4419749672944744e-10
701    4.432930471118055e-10
702    4.4239106234251157e-10
703    4.414915608800257e-10
704    4.405945607823273e-10
705    4.3970008078678983e-10
706    4.3880815121567745e-10
707    4.379188136761703e-10
708    4.370321043820981e-10
709    4.361480521633046e-10
710    4.352666850258715e-10
711    4.343880304068961e-10
712    4.3351211508631743e-10
713    4.3263896451060604e-10
714    4.3176860305179996e-10
715    4.309010544717975e-10
716    4.3003634199774383e-10
717    4.2917448815598903e-10
718    4.283155149475461e-10
719    4.274594502976584e-10
720    4.2660632451140236e-10
721    4.2575615887131375e-10
722    4.249089734106384e-10
723    4.2406478769343697e-10
724    4.2322361787622144e-10
725    4.2238547153607663e-10
726    4.2155035473345386e-10
727    4.2071827406711505e-10
728    4.198892382023972e-10
729    4.1906325661564035e-10
730    4.182403384245819e-10
731    4.174204923615249e-10
732    4.1660372677646134e-10
733    4.1579004923425723e-10
734    4.1497946542866344e-10
735    4.1417198403834136e-10
736    4.1336761473992476e-10
737    4.125663726238107e-10
738    4.11768277469838e-10
739    4.1097335119502345e-10
740    4.101816146904455e-10
741    4.093930830607723e-10
742    4.086077690992037e-10
743    4.098776474754592e-10
744    4.090850484256779e-10
745    4.08293761878162e-10
746    4.0750380303531383e-10
747    4.067151868451552e-10
748    4.0592792856135243e-10
749    4.0514205339039376e-10
750    4.043575948572538e-10
751    4.035745858761597e-10
752    4.027930609442592e-10
753    4.0201305965956247e-10
754    4.0123462176582296e-10
755    4.0045778621401125e-10
756    3.9968259093834373e-10
757    3.989090731112866e-10
758    3.981372692213671e-10
759    3.9736721455442773e-10
760    3.965989407379852e-10
761    3.9583247772008923e-10
762    3.950678556291564e-10
763    3.943051065139273e-10
764    3.9354426540300275e-10
765    3.927853613274843e-10
766    3.9202841564647485e-10
767    3.9127344762337087e-10
768    3.905204731098769e-10
769    3.8976950717025057e-10
770    3.8902056442240403e-10
771    3.8827365963539824e-10
772    3.8752880959528465e-10
773    3.86786031233225e-10
774    3.8604534097735644e-10
775    3.8530675475723966e-10
776    3.8457028800303033e-10
777    3.838359556306904e-10
778    3.831037719790427e-10
779    3.816890667594129e-10
780    3.810155759350814e-10
781    3.80343839498328e-10
782    3.79673841233318e-10
783    3.7900556699893624e-10
784    3.783390091898855e-10
785    3.776741621327672e-10
786    3.7701102076182907e-10
787    3.763495802843921e-10
788    3.756898358088216e-10
789    3.750317823415552e-10
790    3.743754189267886e-10
791    3.7372074839258894e-10
792    3.730677736962475e-10
793    3.7241649790822635e-10
794    3.71766923618049e-10
795    3.711190496984608e-10
796    3.704728738447948e-10
797    3.698283911506253e-10
798    3.6918559512023454e-10
799    3.6854447804571994e-10
800    3.679050323141189e-10
801    3.6726724851465526e-10
802    3.6663111597570933e-10
803    3.659966241925665e-10
804    3.653637634335647e-10
805    3.6473252847311764e-10
806    3.641029185499869e-10
807    3.6347493857225464e-10
808    3.628485921531368e-10
809    3.6222386542360386e-10
810    3.616007354812886e-10
811    3.609791803905629e-10
812    3.6035917891951265e-10
813    3.597407079516596e-10
814    3.591237405766416e-10
815    3.585082505266922e-10
816    3.5789421212202705e-10
817    3.5728159999427014e-10
818    3.5667038907718294e-10
819    3.5606055458257204e-10
820    3.5545207201769e-10
821    3.548449172200091e-10
822    3.5423906697139813e-10
823    3.5363450184217484e-10
824    3.5303120374928535e-10
825    3.5242915540348185e-10
826    3.518283465866611e-10
827    3.512287687241784e-10
828    3.5063041381426714e-10
829    3.500332753688474e-10
830    3.4943734733958327e-10
831    3.488426238921889e-10
832    3.4824909633327723e-10
833    3.4765675291427467e-10
834    3.4706558192778493e-10
835    3.4647557225330657e-10
836    3.458867151392523e-10
837    3.452990027011257e-10
838    3.447124272130071e-10
839    3.441269825009854e-10
840    3.4354266501329203e-10
841    3.4295948026966086e-10
842    3.4237744349084516e-10
843    3.417965703396061e-10
844    3.4121687640316144e-10
845    3.4063837715007306e-10
846    3.400610879894674e-10
847    3.3948502486458924e-10
848    3.3891020387998753e-10
849    3.3833664085222704e-10
850    3.377643509333672e-10
851    3.3719334467610643e-10
852    3.3662362919662685e-10
853    3.360552113182534e-10
854    3.3548809769964423e-10
855    3.34922294941619e-10
856    3.343578096168336e-10
857    3.3379464814122143e-10
858    3.3323281742486417e-10
859    3.326723278260555e-10
860    3.3211319097721215e-10
861    3.315554186951303e-10
862    3.309990236142762e-10
863    3.304440183211673e-10
864    3.298904151352125e-10
865    3.2933822611921593e-10
866    3.2878746269079363e-10
867    3.2823813466788146e-10
868    3.276902508469026e-10
869    3.271438192381045e-10
870    3.2659884629062573e-10
871    3.260553382820338e-10
872    3.2551330532056845e-10
873    3.249727590432474e-10
874    3.2443371148695075e-10
875    3.2389617917367183e-10
876    3.233601803758647e-10
877    3.2282573307136707e-10
878    3.222928543168239e-10
879    3.217615607099133e-10
880    3.2123186855035284e-10
881    3.207037940397031e-10
882    3.201773552515624e-10
883    3.196525711347156e-10
884    3.191294602872165e-10
885    3.186080409498553e-10
886    3.1808833105725556e-10
887    3.17570348115841e-10
888    3.170541001820824e-10
889    3.1653957975260244e-10
890    3.1602677711176155e-10
891    3.155156826483884e-10
892    3.1500628595361225e-10
893    3.144985721824703e-10
894    3.139925247753514e-10
895    3.1348812655988e-10
896    3.129853594347665e-10
897    3.1248420468854764e-10
898    3.119846438588359e-10
899    3.114866587235027e-10
900    3.109902315526454e-10
901    3.104953455075138e-10
902    3.1000198325647306e-10
903    3.095101274644061e-10
904    3.0901976984702224e-10
905    3.085309460865319e-10
906    3.080437048068411e-10
907    3.082060788743003e-10
908    3.077459284669534e-10
909    3.0728670823648796e-10
910    3.068283850600682e-10
911    3.063709261547104e-10
912    3.059142990747032e-10
913    3.054584717087435e-10
914    3.050034122783181e-10
915    3.045490893360477e-10
916    3.040954717639355e-10
917    3.0364252877177296e-10
918    3.0319022989642164e-10
919    3.027385452479865e-10
920    3.022874464650256e-10
921    3.018369060434786e-10
922    3.013868970082431e-10
923    3.0093739291832996e-10
924    3.004883679225624e-10
925    3.0003980001950845e-10
926    2.9959167105175533e-10
927    2.9914396497122155e-10
928    2.9869667866076544e-10
929    2.982498146602307e-10
930    2.978033755643853e-10
931    2.9735736406948896e-10
932    2.969117828534759e-10
933    2.964666345670757e-10
934    2.960219219826984e-10
935    2.9557764793920384e-10
936    2.9513381520360723e-10
937    2.946904256517162e-10
938    2.942474800133574e-10
939    2.938049789294908e-10
940    2.933629230164401e-10
941    2.929213128672418e-10
942    2.924801489573815e-10
943    2.9203943113180843e-10
944    2.91599161440124e-10
945    2.91159346049875e-10
946    2.9071999143996486e-10
947    2.9028110401710596e-10
948    2.898426911129104e-10
949    2.8940476153629253e-10
950    2.8896732411786276e-10
951    2.8853038757354463e-10
952    2.8809396051110176e-10
953    2.876580516120695e-10
954    2.872226696759539e-10
955    2.8678782307173666e-10
956    2.863535195072048e-10
957    2.8591976653952986e-10
958    2.8548657163801736e-10
959    2.850539421819133e-10
960    2.8462188545665143e-10
961    2.84190408655253e-10
962    2.8375951888082664e-10
963    2.833292240444462e-10
964    2.828995349598411e-10
965    2.824704661519856e-10
966    2.820420312650251e-10
967    2.81614243849327e-10
968    2.811871207356807e-10
969    2.8076067916933127e-10
970    2.8033493635054183e-10
971    2.799099093522571e-10
972    2.794856150430065e-10
973    2.790620700820844e-10
974    2.786392918267759e-10
975    2.782172999305268e-10
976    2.7779611425162046e-10
977    2.7737575439756533e-10
978    2.769562397271448e-10
979    2.7653758935513224e-10
980    2.7611982215256983e-10
981    2.757029567475924e-10
982    2.752870120171838e-10
983    2.748720090087423e-10
984    2.744579692377483e-10
985    2.740449139367776e-10
986    2.73632863994995e-10
987    2.732218392733147e-10
988    2.728118579930112e-10
989    2.7240293521962463e-10
990    2.7199508521825726e-10
991    2.7158832205889065e-10
992    2.71182659617686e-10
993    2.707781115783249e-10
994    2.7037469143319383e-10
995    2.699724123422034e-10
996    2.695712868921894e-10
997    2.6917132742893777e-10
998    2.687725461348607e-10
999    2.683749550176349e-10
