10    3.053438741017214e-07
11    3.086803838893967e-07
12    3.1017508695757096e-07
13    3.1090190407308146e-07
14    3.104395133219948e-07
15    3.0947456308832157e-07
16    3.079146840247661e-07
17    3.0588433045930713e-07
18    3.0342651254117455e-07
19    3.0076976559013183e-07
20    2.9679747619245426e-07
21    2.9443405334171205e-07
22    2.9098865607695615e-07
23    2.874424949350392e-07
24    2.837172291636335e-07
25    2.799049479019494e-07
26    2.7638712423610133e-07
27    2.7214471688240966e-07
28    2.6819725537087383e-07
29    2.642356614418472e-07
30    2.60290378461713e-07
31    2.562998794160492e-07
32    2.5235792329344287e-07
33    2.4843727921192695e-07
34    2.4414016630992076e-07
35    2.406811218531334e-07
36    2.3678133203039752e-07
37    2.3306246123081778e-07
38    2.2951622326679523e-07
39    2.2567663747966893e-07
40    2.2205682715640315e-07
41    2.1849182504218165e-07
42    2.149820263964585e-07
43    2.1152861027865743e-07
44    2.081345481458771e-07
45    2.0479226686066603e-07
46    2.0159628758468798e-07
47    1.98299485744613e-07
48    1.9516602324302412e-07
49    1.9207730580074127e-07
50    1.890485023557909e-07
51    1.86079027458541e-07
52    1.8298394438565326e-07
53    1.803313420938302e-07
54    1.7753720177701808e-07
55    1.747968593928652e-07
56    1.7211119373319493e-07
57    1.6948111896016376e-07
58    1.669364203413878e-07
59    1.6444124503471294e-07
60    1.619291520905687e-07
61    1.5952252753095863e-07
62    1.571687777300768e-07
63    1.5486566559600058e-07
64    1.5261135444607513e-07
65    1.504042616516214e-07
66    1.4824278615682109e-07
67    1.4612571739274363e-07
68    1.4405223121134728e-07
69    1.4195721204109527e-07
70    1.3992638645172492e-07
71    1.3808573571395198e-07
72    1.3613693345802824e-07
73    1.3428279966170367e-07
74    1.3274334447220919e-07
75    1.3070199461596263e-07
76    1.2895404229590765e-07
77    1.2724340624969424e-07
78    1.255687388075159e-07
79    1.239286995761115e-07
80    1.2232187831704706e-07
81    1.2074695627524403e-07
82    1.1920287164248163e-07
83    1.176888432613634e-07
84    1.1620412873064688e-07
85    1.1474808896859216e-07
86    1.1332023677647131e-07
87    1.1191899567398096e-07
88    1.1053966726251509e-07
89    1.0933617512561198e-07
90    1.0800354002355084e-07
91    1.06588818578752e-07
92    1.0532026797962606e-07
93    1.0407594977220813e-07
94    1.0285507633285569e-07
95    1.0165696970928669e-07
96    1.0048091526624472e-07
97    9.932616407114378e-08
98    9.819197882425334e-08
99    9.676063922140448e-08
100    9.567967052614334e-08
101    9.490705664353532e-08
102    9.384955159600627e-08
103    9.280998412086067e-08
104    9.181395349004254e-08
105    9.081059788252728e-08
106    8.982238914279075e-08
107    8.884899482775082e-08
108    8.789031040956167e-08
109    8.693128865880094e-08
110    8.600798378711384e-08
111    8.509991126129821e-08
112    8.420663528124119e-08
113    8.33517698397139e-08
114    8.250273853620139e-08
115    8.161140422847657e-08
116    8.077319256040049e-08
117    7.992534886729597e-08
118    7.911222676549131e-08
119    7.831242084800687e-08
120    7.752547621064823e-08
121    7.675089115859524e-08
122    7.598824381543228e-08
123    7.523708604396331e-08
124    7.449690477240948e-08
125    7.376722371813853e-08
126    7.304764652714825e-08
127    7.233782668774837e-08
128    7.163745029139639e-08
129    7.094624651514014e-08
130    7.026396044524863e-08
131    6.959031222467848e-08
132    6.88992334219073e-08
133    6.820324191433482e-08
134    6.751741563242397e-08
135    6.697861750610766e-08
136    6.634591086729971e-08
137    6.572109605704631e-08
138    6.510415491717092e-08
139    6.441590269517724e-08
140    6.382169851149256e-08
141    6.32370567047886e-08
142    6.271472032534356e-08
143    6.213669438401316e-08
144    6.156634859918698e-08
145    6.100364985021539e-08
146    6.044851221847393e-08
147    5.9900821439967e-08
148    5.936042441050777e-08
149    5.882714474351e-08
150    5.83008278227766e-08
151    5.7781263636697985e-08
152    5.7268204917133016e-08
153    5.676142200263219e-08
154    5.626069796410861e-08
155    5.576583077942569e-08
156    5.527663018362947e-08
157    5.479293609932116e-08
158    5.431461598442132e-08
159    5.384155891585023e-08
160    5.341819911423149e-08
161    5.295088357653578e-08
162    5.248799685370512e-08
163    5.2029590181962124e-08
164    5.1575730411118014e-08
165    5.1126498430151055e-08
166    5.0681996162532244e-08
167    5.024233670033941e-08
168    4.980761335172301e-08
169    4.957210920452375e-08
170    4.914912069409803e-08
171    4.8728512141121124e-08
172    4.8118675185369946e-08
173    4.7709083181917634e-08
174    4.7304622016533624e-08
175    4.690533780551933e-08
176    4.651126155525762e-08
177    4.61223772546745e-08
178    4.5738655846095165e-08
179    4.536006957353213e-08
180    4.498656651789521e-08
181    4.461807075409494e-08
182    4.425448561309627e-08
183    4.389568873707492e-08
184    4.3541577248011467e-08
185    4.319203136774143e-08
186    4.28468983866546e-08
187    4.250601552758729e-08
188    4.216923213852927e-08
189    4.183640914956778e-08
190    4.150741424831845e-08
191    4.118212074549764e-08
192    4.086037767537889e-08
193    4.054202383524982e-08
194    4.022692465849942e-08
195    3.991496553363348e-08
196    3.960602897678475e-08
197    3.9300002062728966e-08
198    3.89967613309193e-08
199    3.8696187445460193e-08
200    3.839820583567066e-08
201    3.8102760828468516e-08
202    3.780981425796856e-08
203    3.751934476911381e-08
204    3.7231332681266056e-08
205    3.694576359860532e-08
206    3.666264896155918e-08
207    3.638200651436421e-08
208    3.610385655524684e-08
209    3.5752179355076267e-08
210    3.549373793462772e-08
211    3.523840906841619e-08
212    3.4986059005194875e-08
213    3.473656144851387e-08
214    3.44898136411448e-08
215    3.423055450404241e-08
216    3.397399516843701e-08
217    3.3720288942727374e-08
218    3.346946250015262e-08
219    3.322154642007045e-08
220    3.297655597577849e-08
221    3.273448006280906e-08
222    3.2495301735230376e-08
223    3.225901368357356e-08
224    3.2025617986953604e-08
225    3.1795112549891054e-08
226    3.156747375079174e-08
227    3.1342668694587125e-08
228    3.1120645404743696e-08
229    3.090135260962375e-08
230    3.068475259132364e-08
231    3.047080056723347e-08
232    3.0259436339122e-08
233    3.005059604299574e-08
234    2.9844216520523863e-08
235    2.9640235106407222e-08
236    2.9438576071662326e-08
237    2.9239157685830006e-08
238    2.904190138317432e-08
239    2.8846736264681387e-08
240    2.8653592435099618e-08
241    2.8462394162541153e-08
242    2.827307152622005e-08
243    2.8085558941348315e-08
244    2.7899791495014963e-08
245    2.7715703378225532e-08
246    2.7533239672553437e-08
247    2.735235821347121e-08
248    2.7173019221445317e-08
249    2.6995180622700416e-08
250    2.6818810440948765e-08
251    2.6643885179860792e-08
252    2.6470392692159548e-08
253    2.629832157470698e-08
254    2.612765370876691e-08
255    2.595836889134661e-08
256    2.579044961488082e-08
257    2.5522448604392027e-08
258    2.535471061983377e-08
259    2.5189407730384502e-08
260    2.5026524172432608e-08
261    2.486603279732219e-08
262    2.4707899432702708e-08
263    2.4552089608270538e-08
264    2.449691239397419e-08
265    2.4341604904263268e-08
266    2.418775655196276e-08
267    2.4035365979184576e-08
268    2.388443538293603e-08
269    2.3734967484914672e-08
270    2.3586964615707356e-08
271    2.34404361263066e-08
272    2.329539163205181e-08
273    2.3151834798452882e-08
274    2.3009762178348626e-08
275    2.2869163219169246e-08
276    2.2730026236050878e-08
277    2.2592340110466186e-08
278    2.2456094196299882e-08
279    2.2321272522970678e-08
280    2.2187858533141305e-08
281    2.205583716133471e-08
282    2.192519180563161e-08
283    2.1795895142458162e-08
284    2.166791663892043e-08
285    2.1541226682494544e-08
286    2.1415796199086037e-08
287    2.129159398487439e-08
288    2.116858308868705e-08
289    2.1046727891084757e-08
290    2.092599653006479e-08
291    2.0806361077730977e-08
292    2.0687790074842695e-08
293    2.0570251219355046e-08
294    2.0453714183312846e-08
295    2.0338150335564597e-08
296    2.0223535343273218e-08
297    2.010985429346928e-08
298    1.9997091031288976e-08
299    1.98852222700368e-08
300    1.977422096748687e-08
301    1.9664060123887286e-08
302    1.9554714214983507e-08
303    1.9446161759607046e-08
304    1.9338387956350816e-08
305    1.927437792707679e-08
306    1.916408371468873e-08
307    1.9054376422405766e-08
308    1.8945278040518216e-08
309    1.8836814207018994e-08
310    1.8729015025487747e-08
311    1.8621913560792968e-08
312    1.8515540291532128e-08
313    1.8409920845651872e-08
314    1.8305076927878886e-08
315    1.820068633582166e-08
316    1.8101326715252613e-08
317    1.800262236869621e-08
318    1.790457524479493e-08
319    1.7807189674458487e-08
320    1.771047148163746e-08
321    1.7614424290953565e-08
322    1.7519052183554908e-08
323    1.7424359413681656e-08
324    1.7330350819740063e-08
325    1.7237032833431032e-08
326    1.7144410197714278e-08
327    1.7052488188373847e-08
328    1.6961270636458686e-08
329    1.6870757769886882e-08
330    1.678095002723821e-08
331    1.6691847659523125e-08
332    1.6603450477189194e-08
333    1.6515758484412613e-08
334    1.64287700278883e-08
335    1.6342483930064136e-08
336    1.625690040843895e-08
337    1.6172017354209236e-08
338    1.608783198060093e-08
339    1.6004339880540258e-08
340    1.5921533011808558e-08
341    1.5839400446592575e-08
342    1.5757934294975786e-08
343    1.5677125930803165e-08
344    1.559696533099544e-08
345    1.551744170134316e-08
346    1.54385449651003e-08
347    1.536026433189915e-08
348    1.528258879679323e-08
349    1.5205509787596096e-08
350    1.5129019227470114e-08
351    1.5053107995604227e-08
352    1.4977764816712497e-08
353    1.490297450708834e-08
354    1.4828721910345252e-08
355    1.4754994257085167e-08
356    1.4681781249352762e-08
357    1.460907275188494e-08
358    1.4536859064853029e-08
359    1.4465130150108534e-08
360    1.4393875593463546e-08
361    1.4325949470916087e-08
362    1.4257477855490104e-08
363    1.4189415514674282e-08
364    1.4121747377400213e-08
365    1.4054458309472762e-08
366    1.3987533384290337e-08
367    1.3920957727601266e-08
368    1.3854716530554048e-08
369    1.3788796469250735e-08
370    1.372318681946028e-08
371    1.365787704325624e-08
372    1.3592857621191488e-08
373    1.3528120494791342e-08
374    1.3440439107993408e-08
375    1.3375228932124086e-08
376    1.3310387257240077e-08
377    1.3245914253009124e-08
378    1.3181811122265736e-08
379    1.3118079111317433e-08
380    1.3054719025117352e-08
381    1.299173170472925e-08
382    1.292911897147824e-08
383    1.2866883551433344e-08
384    1.2805029056121545e-08
385    1.2743559341933804e-08
386    1.2682477664604166e-08
387    1.262178704774572e-08
388    1.256149029039292e-08
389    1.2501588563113273e-08
390    1.2442083008237792e-08
391    1.2382975604177285e-08
392    1.2324268230335287e-08
393    1.2265963247363464e-08
394    1.220806206054517e-08
395    1.2150565748485883e-08
396    1.2093475069276234e-08
397    1.203679042196289e-08
398    1.1980510471581025e-08
399    1.1924632491953031e-08
400    1.1869153553698696e-08
401    1.1814071527406906e-08
402    1.1759384613157608e-08
403    1.1705090240376916e-08
404    1.1651185212271341e-08
405    1.1597666013486548e-08
406    1.1544528392985065e-08
407    1.1491768364832461e-08
408    1.1439381978753773e-08
409    1.1387365785421295e-08
410    1.1335716745532842e-08
411    1.1284432238137438e-08
412    1.1233509727592312e-08
413    1.1182945142175485e-08
414    1.1132732759638328e-08
415    1.108286641412497e-08
416    1.1033340728261284e-08
417    1.0984150580664707e-08
418    1.0935290508500685e-08
419    1.0886754481265919e-08
420    1.0838537109958037e-08
421    1.0766003424692244e-08
422    1.0717770515239969e-08
423    1.0669989366342887e-08
424    1.0622657485490397e-08
425    1.0575771262786489e-08
426    1.0529326390196225e-08
427    1.0483315657731592e-08
428    1.0437730379079066e-08
429    1.0392562309186e-08
430    1.034780299349579e-08
431    1.0303443005909916e-08
432    1.0259472718132717e-08
433    1.0215882878732966e-08
434    1.017266469084527e-08
435    1.0150357660371664e-08
436    1.0106654775202172e-08
437    1.0063207781591505e-08
438    1.002001500916501e-08
439    9.977074803741761e-09
440    9.934384714274393e-09
441    9.891941568413944e-09
442    9.849742113105583e-09
443    9.807783139492514e-09
444    9.766061542654959e-09
445    9.724574760449879e-09
446    9.683320621768344e-09
447    9.642297351182378e-09
448    9.601503072593416e-09
449    9.560935773269451e-09
450    9.520594213349952e-09
451    9.480478711563535e-09
452    9.440590071367454e-09
453    9.400928748710917e-09
454    9.361495140036456e-09
455    9.322289754666784e-09
456    9.283312607114979e-09
457    9.244563178963795e-09
458    9.206041272216518e-09
459    9.167747046958559e-09
460    9.129680937201056e-09
461    9.091843881079259e-09
462    9.054236763110139e-09
463    9.016860173521704e-09
464    8.97971463588665e-09
465    8.942800418455444e-09
466    8.90611751050394e-09
467    8.869665854523605e-09
468    8.833445044197473e-09
469    8.797454194864563e-09
470    8.761692324031935e-09
471    8.726158676761903e-09
472    8.690852500153454e-09
473    8.655772925615412e-09
474    8.620918781441537e-09
475    8.586288850004326e-09
476    8.551881719553663e-09
477    8.517694647421862e-09
478    8.48372396897139e-09
479    8.44996611160823e-09
480    8.416418678711389e-09
481    8.397683289930603e-09
482    8.36363266206797e-09
483    8.329738760667314e-09
484    8.296005371905947e-09
485    8.26243610872599e-09
486    8.229034473821098e-09
487    8.195803835831328e-09
488    8.162747301542558e-09
489    8.129867341416893e-09
490    8.097166336743637e-09
491    8.064647022313231e-09
492    8.032312437040915e-09
493    8.000165909772138e-09
494    7.968210175808319e-09
495    7.936447752010182e-09
496    7.904881205983243e-09
497    7.873512987442452e-09
498    7.842345589656691e-09
499    7.811381704150614e-09
500    7.780623517774776e-09
501    7.750072736347932e-09
502    7.727350454125105e-09
503    7.698021793788407e-09
504    7.66884879308236e-09
505    7.639829524434238e-09
506    7.610961917272728e-09
507    7.582244085245271e-09
508    7.553674202047172e-09
509    7.525250307958078e-09
510    7.496970539680469e-09
511    7.468833272453382e-09
512    7.440837087153946e-09
513    7.412980823168347e-09
514    7.385263478970193e-09
515    7.357684039467489e-09
516    7.330241498268611e-09
517    7.3029347991004775e-09
518    7.275762565578401e-09
519    7.248723268995298e-09
520    7.221815531755708e-09
521    7.19503808962056e-09
522    7.168390087968025e-09
523    7.141870921328815e-09
524    7.115480250520189e-09
525    7.08921787328728e-09
526    7.063083811868069e-09
527    7.037078247052666e-09
528    7.011200728371161e-09
529    6.985450422939229e-09
530    6.959826716418257e-09
531    6.934329150627296e-09
532    6.908957529956067e-09
533    6.883711699614949e-09
534    6.8585915793130435e-09
535    6.833597224425647e-09
536    6.808728465611852e-09
537    6.783984854518662e-09
538    6.759365987371753e-09
539    6.734871879757271e-09
540    6.710502684003546e-09
541    6.686258588716217e-09
542    6.66213978510101e-09
543    6.638146425435258e-09
544    6.6142783213208896e-09
545    6.5914789449931615e-09
546    6.568490206342513e-09
547    6.545607324440264e-09
548    6.522827864106666e-09
549    6.500149884968819e-09
550    6.477571564262956e-09
551    6.455091179119615e-09
552    6.432706958622636e-09
553    6.410417150064436e-09
554    6.388220040531115e-09
555    6.366113971241465e-09
556    6.3440973249996265e-09
557    6.322168182047782e-09
558    6.3003244326902136e-09
559    6.2785642009075705e-09
560    6.256885938321526e-09
561    6.235288214486419e-09
562    6.213769698868146e-09
563    6.19232908179443e-09
564    6.170965016178208e-09
565    6.149676157899001e-09
566    6.128461162881582e-09
567    6.107318704472594e-09
568    6.08624768072794e-09
569    6.0652475635426824e-09
570    6.044318126955697e-09
571    6.0234592674157174e-09
572    6.002670908778872e-09
573    5.981952940910816e-09
574    5.96130503384896e-09
575    5.940726737757426e-09
576    5.920217616188702e-09
577    5.892366894225365e-09
578    5.872289236650712e-09
579    5.852303777493363e-09
580    5.832409603825246e-09
581    5.812605800694552e-09
582    5.792891402736144e-09
583    5.773265371805085e-09
584    5.75372679693092e-09
585    5.7342750908342005e-09
586    5.7149097566066655e-09
587    5.695630162653687e-09
588    5.676435773624778e-09
589    5.65732613187615e-09
590    5.638300872552865e-09
591    5.619359774144306e-09
592    5.600502518038962e-09
593    5.581728833893715e-09
594    5.56303853689126e-09
595    5.544431635560047e-09
596    5.525908146746822e-09
597    5.507467972990983e-09
598    5.489110780193623e-09
599    5.470836187404982e-09
