10    7.633594397190667e-08
11    7.717009209283439e-08
12    7.753235392162367e-08
13    7.772605715175642e-08
14    7.763583640957282e-08
15    7.734902658563747e-08
16    7.693569965398006e-08
17    7.642951593878486e-08
18    7.585289505400592e-08
19    7.519306809746746e-08
20    7.41993343712316e-08
21    7.36429567083783e-08
22    7.276788095132321e-08
23    7.184918419304142e-08
24    7.09059374088252e-08
25    6.994980600378064e-08
26    6.909795557478214e-08
27    6.801442227416922e-08
28    6.704057011805264e-08
29    6.60650862614607e-08
30    6.508759374010791e-08
31    6.410568715768542e-08
32    6.311850867273253e-08
33    6.212843621687784e-08
34    6.103680502668954e-08
35    6.016233584960544e-08
36    5.919647152038086e-08
37    5.828601863899252e-08
38    5.738026833992007e-08
39    5.648110853643245e-08
40    5.5505163746813507e-08
41    5.462404101527865e-08
42    5.3756057600686335e-08
43    5.289997333781061e-08
44    5.205530080101845e-08
45    5.1222076752211306e-08
46    5.040072519611896e-08
47    4.955050783866224e-08
48    4.875211171072068e-08
49    4.797284049942295e-08
50    4.740443191351128e-08
51    4.66648292084774e-08
52    4.574718334631311e-08
53    4.50414375366507e-08
54    4.435298393298347e-08
55    4.3681133977139695e-08
56    4.302487446845674e-08
57    4.238278248657214e-08
58    4.1753622090391634e-08
59    4.113628506243099e-08
60    4.052966695682182e-08
61    3.9932824980282745e-08
62    3.9345153382943203e-08
63    3.876624447680364e-08
64    3.8196226175599485e-08
65    3.763517504510358e-08
66    3.708348957343484e-08
67    3.654186402912396e-08
68    3.6010921799175746e-08
69    3.549132581158758e-08
70    3.4983734747809243e-08
71    3.4488726095608464e-08
72    3.400653665182642e-08
73    3.362144765824055e-08
74    3.3188214095759504e-08
75    3.276139223936245e-08
76    3.220439569520219e-08
77    3.1783225808208024e-08
78    3.1372373869058836e-08
79    3.0970978927173957e-08
80    3.057821228368105e-08
81    3.0193320347895245e-08
82    2.9815636116940366e-08
83    2.9444553154163126e-08
84    2.9079575047112565e-08
85    2.872041008068327e-08
86    2.8366843374878718e-08
87    2.8018574780783547e-08
88    2.76754010355715e-08
89    2.7337256067350373e-08
90    2.7004139717498795e-08
91    2.667611953868181e-08
92    2.6353336773143007e-08
93    2.603593499173455e-08
94    2.57240798762891e-08
95    2.5417885317600605e-08
96    2.5117482685988142e-08
97    2.4822965899326944e-08
98    2.44693045214593e-08
99    2.419252892619877e-08
100    2.392228328518763e-08
101    2.36582716245191e-08
102    2.3438764837939784e-08
103    2.317897902435296e-08
104    2.2924527159572236e-08
105    2.2675247388743702e-08
106    2.2430915938588457e-08
107    2.2191323465770203e-08
108    2.195627914986736e-08
109    2.1725562644966962e-08
110    2.1498974136821078e-08
111    2.1276289927332287e-08
112    2.1057300826666464e-08
113    2.0841804610860302e-08
114    2.0629574325582753e-08
115    2.042038419161469e-08
116    2.021403244893834e-08
117    2.001034909771448e-08
118    1.9809150041750953e-08
119    1.9610259640831533e-08
120    1.9413523820661828e-08
121    1.921885710219078e-08
122    1.9026242959744566e-08
123    1.8835690397492565e-08
124    1.8647210924298e-08
125    1.84608253784043e-08
126    1.8276591373233915e-08
127    1.8094580771168073e-08
128    1.7914880925221298e-08
129    1.77375765454381e-08
130    1.7583136680093913e-08
131    1.7404623488886994e-08
132    1.722834345184816e-08
133    1.7054459896706588e-08
134    1.6883109902073384e-08
135    1.6714443185207667e-08
136    1.6568926828436234e-08
137    1.6412729283526633e-08
138    1.6259162707830245e-08
139    1.610814776999301e-08
140    1.5959606809103578e-08
141    1.581345563198986e-08
142    1.566959763143392e-08
143    1.552792222816266e-08
144    1.5388322009981554e-08
145    1.525067815208125e-08
146    1.5114861869660776e-08
147    1.4980758557746e-08
148    1.48482643972927e-08
149    1.4717284099114199e-08
150    1.4587732208642994e-08
151    1.4459548361835043e-08
152    1.4332668018836928e-08
153    1.4207018516019882e-08
154    1.408253657133818e-08
155    1.3959187041460935e-08
156    1.3836948428829478e-08
157    1.3715801368107191e-08
158    1.359572563081536e-08
159    1.347672818153501e-08
160    1.335881792910829e-08
161    1.3242001255221149e-08
162    1.3126294958230675e-08
163    1.3011754284169896e-08
164    1.2898380338392847e-08
165    1.2786157150636986e-08
166    1.2675109550892545e-08
167    1.2612226564343751e-08
168    1.2505374603964639e-08
169    1.2399096617470938e-08
170    1.2293395825923338e-08
171    1.2188283849437754e-08
172    1.208378600425301e-08
173    1.1932406426450977e-08
174    1.183135851102069e-08
175    1.1731601095102994e-08
176    1.1633141359360273e-08
177    1.1535976693885434e-08
178    1.1440102200352691e-08
179    1.1345512635968829e-08
180    1.125219472772385e-08
181    1.1160128085307978e-08
182    1.1069284822141866e-08
183    1.0979637983316439e-08
184    1.0891163301818231e-08
185    1.0803830850700452e-08
186    1.0717602463021428e-08
187    1.063243898693809e-08
188    1.05483028735135e-08
189    1.0465156271765126e-08
190    1.0382964134999404e-08
191    1.0301693566438412e-08
192    1.022130599720804e-08
193    1.0141763038708153e-08
194    1.0063034805392524e-08
195    9.985092739633675e-09
196    9.907908217477898e-09
197    9.831452403138332e-09
198    9.755689872819404e-09
199    9.680589425252058e-09
200    9.606130232790072e-09
201    9.532298772731612e-09
202    9.459089747112015e-09
203    9.386501110300437e-09
204    9.314530944836712e-09
205    9.243178416263826e-09
206    9.172445361345753e-09
207    9.102332439333847e-09
208    9.010659530935069e-09
209    8.945281170958503e-09
210    8.880704912999814e-09
211    8.816900881550018e-09
212    8.753837628181547e-09
213    8.691486022751162e-09
214    8.629822681185957e-09
215    8.568824525390735e-09
216    8.50065870618482e-09
217    8.437273472363313e-09
218    8.374613315954004e-09
219    8.31268266713294e-09
220    8.251480057092226e-09
221    8.190999945072964e-09
222    8.131238503255194e-09
223    8.072196966155967e-09
224    8.013877790049893e-09
225    7.956280569030279e-09
226    7.899401897836935e-09
227    7.843232242129127e-09
228    7.787756340453304e-09
229    7.732962569599996e-09
230    7.678841186908144e-09
231    7.625379203639144e-09
232    7.572561045045914e-09
233    7.520371379202022e-09
234    7.46879545301821e-09
235    7.41781740297804e-09
236    7.367418135876029e-09
237    7.317578757423998e-09
238    7.268281302696786e-09
239    7.2195088094471264e-09
240    7.171242464873955e-09
241    7.123463307146828e-09
242    7.076152959301077e-09
243    7.029293479389052e-09
244    6.982867521154448e-09
245    6.936859953772946e-09
246    6.891260039455093e-09
247    6.846058398048145e-09
248    6.801244363776581e-09
249    6.756807010355119e-09
250    6.7127374707866825e-09
251    6.6690300799561015e-09
252    6.625680672403183e-09
253    6.582684211117737e-09
254    6.540034230239558e-09
255    6.4977247196738875e-09
256    6.431134729389535e-09
257    6.388607950131823e-09
258    6.346687770299619e-09
259    6.30537501459512e-09
260    6.264665768302014e-09
261    6.224553807725764e-09
262    6.1850319090450205e-09
263    6.171676784520518e-09
264    6.1325174637418765e-09
265    6.093721584370636e-09
266    6.0552860717804055e-09
267    6.0172102452575215e-09
268    5.979495232440774e-09
269    5.942142733092263e-09
270    5.905155392165934e-09
271    5.86853672112064e-09
272    5.8322891534803484e-09
273    5.796413925975114e-09
274    5.760910146999307e-09
275    5.725775888137979e-09
276    5.691008748762122e-09
277    5.656606245114382e-09
278    5.622564623678233e-09
279    5.588879255050356e-09
280    5.555545511421334e-09
281    5.522558837294348e-09
282    5.489913517510277e-09
283    5.457602285040923e-09
284    5.425618056456889e-09
285    5.393953826380155e-09
286    5.36260283943321e-09
287    5.331558654560133e-09
288    5.300814291964613e-09
289    5.27036135927706e-09
290    5.240191841695015e-09
291    5.2102981730348095e-09
292    5.180671711002241e-09
293    5.151303258995472e-09
294    5.1221842144210505e-09
295    5.0933066959777415e-09
296    5.064665436051927e-09
297    5.036256644256791e-09
298    5.008075391220332e-09
299    4.980115540277081e-09
300    4.952370814065348e-09
301    4.924835005737798e-09
302    4.897502327088645e-09
303    4.870368405681549e-09
304    4.843430461994789e-09
305    4.816685902178084e-09
306    4.799391018148715e-09
307    4.77197407682931e-09
308    4.7447103044804345e-09
309    4.717606901151792e-09
310    4.69067259716537e-09
311    4.663914539515846e-09
312    4.6373384862968416e-09
313    4.610949226167721e-09
314    4.584751169529129e-09
315    4.558748468296785e-09
316    4.534498794508915e-09
317    4.509882935459831e-09
318    4.485434489021054e-09
319    4.461154041083905e-09
320    4.437041593979578e-09
321    4.413097211784248e-09
322    4.389321188848187e-09
323    4.365713893820453e-09
324    4.342275767987177e-09
325    4.3190074263565414e-09
326    4.295910197951034e-09
327    4.272986059225003e-09
328    4.250236124980698e-09
329    4.227661036313049e-09
330    4.2052615087734234e-09
331    4.1830382079822324e-09
332    4.160991670735714e-09
333    4.139122009653283e-09
334    4.117429164890205e-09
335    4.095913524140824e-09
336    4.074575105266916e-09
337    4.0534131191293145e-09
338    4.032426112525438e-09
339    4.011611629666583e-09
340    3.990966288343343e-09
341    3.9704873550053054e-09
342    3.950172650017524e-09
343    3.930019992867547e-09
344    3.9100269668943975e-09
345    3.890191529654079e-09
346    3.87051143758464e-09
347    3.8509843251507806e-09
348    3.831608150750869e-09
349    3.81238105434985e-09
350    3.793301251196849e-09
351    3.774366740675116e-09
352    3.755574152244748e-09
353    3.736919138572587e-09
354    3.7183976748428733e-09
355    3.7000067392499547e-09
356    3.6817436780221607e-09
357    3.6636058381445222e-09
358    3.6455905875289803e-09
359    3.6276952564436145e-09
360    3.609808283241913e-09
361    3.5926418176532133e-09
362    3.575579874172536e-09
363    3.558618782233397e-09
364    3.5417549622114453e-09
365    3.5249846690981356e-09
366    3.5083041529347616e-09
367    3.4917097272602248e-09
368    3.475197889412887e-09
369    3.4587657899836538e-09
370    3.4424109909637564e-09
371    3.426131202484358e-09
372    3.409924440617423e-09
373    3.393788629579872e-09
374    3.3719728970085617e-09
375    3.3557036874818314e-09
376    3.339528610844402e-09
377    3.3234473872721592e-09
378    3.3074597283911584e-09
379    3.2915651850714754e-09
380    3.2757632709265405e-09
381    3.2600540482549986e-09
382    3.2444379324044e-09
383    3.228915374987234e-09
384    3.2134869652910955e-09
385    3.1981537309241428e-09
386    3.1829169287779488e-09
387    3.1677776611453113e-09
388    3.1527366220409832e-09
389    3.1377942092165294e-09
390    3.1229509092853565e-09
391    3.1082072179702245e-09
392    3.093563807865589e-09
393    3.0790211310410563e-09
394    3.064579459924096e-09
395    3.0502388716781383e-09
396    3.0359994559500306e-09
397    3.0218610882905633e-09
398    3.0078232778585198e-09
399    2.9938855146416474e-09
400    2.9800473273780254e-09
401    2.966308166624412e-09
402    2.95266738065523e-09
403    2.9391240926674795e-09
404    2.9256773979642822e-09
405    2.912326352040235e-09
406    2.8990699175070617e-09
407    2.8859071480927113e-09
408    2.8728373421935506e-09
409    2.8598598943081074e-09
410    2.8469742227538384e-09
411    2.8341797827519667e-09
412    2.8214755521403033e-09
413    2.8088601985443377e-09
414    2.7963324468851347e-09
415    2.7838912281244766e-09
416    2.7715353379936656e-09
417    2.7592631330883544e-09
418    2.747072935874915e-09
419    2.7349631404050767e-09
420    2.717447481965301e-09
421    2.7053113076547584e-09
422    2.693287676529558e-09
423    2.681376569323607e-09
424    2.6695778033831215e-09
425    2.657891026561636e-09
426    2.646314870297807e-09
427    2.634846856005885e-09
428    2.6234846148263207e-09
429    2.6122258356250743e-09
430    2.6010682487566676e-09
431    2.5900096244660778e-09
432    2.5790477951347315e-09
433    2.568180695324623e-09
434    2.562138982738503e-09
435    2.551168615619091e-09
436    2.540263270713547e-09
437    2.5294224204795416e-09
438    2.518645541450107e-09
439    2.507931949100457e-09
440    2.4972806833536946e-09
441    2.4866906531685993e-09
442    2.4761607823008265e-09
443    2.4656902863101506e-09
444    2.455278517659197e-09
445    2.4449249118077482e-09
446    2.4346291939656414e-09
447    2.424391033086595e-09
448    2.414209957831693e-09
449    2.404085551907502e-09
450    2.3940178174140417e-09
451    2.3840070067504504e-09
452    2.3740532793508384e-09
453    2.364156796005637e-09
454    2.3543177087311684e-09
455    2.344536061668661e-09
456    2.3348117754563414e-09
457    2.325144746476122e-09
458    2.3155349500109023e-09
459    2.305982486463041e-09
460    2.296487605296337e-09
461    2.287050362679467e-09
462    2.2776706888746965e-09
463    2.26834848512025e-09
464    2.259083624860923e-09
465    2.2498759572086462e-09
466    2.24072528920741e-09
467    2.2316313363417506e-09
468    2.22259379785684e-09
469    2.213612539389184e-09
470    2.2046875638198167e-09
471    2.195818841061279e-09
472    2.187006269872514e-09
473    2.178249686596651e-09
474    2.169548927305352e-09
475    2.1609038186336084e-09
476    2.1523139817913427e-09
477    2.1437788263841758e-09
478    2.1352977299662137e-09
479    2.1268701490152284e-09
480    2.1184957277037874e-09
481    2.110174130027105e-09
482    2.101905015334115e-09
483    2.0936880581514727e-09
484    2.0893837076553734e-09
485    2.0810152920916852e-09
486    2.0726889833091875e-09
487    2.0644054331518667e-09
488    2.056165250650011e-09
489    2.047968998116125e-09
490    2.0398171837689566e-09
491    2.0317103642315907e-09
492    2.023649291737711e-09
493    2.0156349308469583e-09
494    2.0076682470048624e-09
495    1.999750187145904e-09
496    1.9918816338737145e-09
497    1.9840633549435933e-09
498    1.976295966161349e-09
499    1.96857975913461e-09
500    1.9609149457383592e-09
501    1.953301637892611e-09
502    1.9457398679275267e-09
503    1.9382296363995255e-09
504    1.9307709190344717e-09
505    1.923363780627573e-09
506    1.9160082641589955e-09
507    1.910612674992947e-09
508    1.9035185802857313e-09
509    1.8964609870509377e-09
510    1.8894395079350976e-09
511    1.8824537544989433e-09
512    1.8755033782021297e-09
513    1.868588078999187e-09
514    1.8617075560017616e-09
515    1.8548615098386227e-09
516    1.8480496188144692e-09
517    1.8412714381804016e-09
518    1.8345265422880378e-09
519    1.827814542763008e-09
520    1.8211350833472796e-09
521    1.8144878865036063e-09
522    1.8078727133327518e-09
523    1.8012893723639395e-09
524    1.7947376748232191e-09
525    1.788217438685289e-09
526    1.7817285237165637e-09
527    1.7752707979141467e-09
528    1.7688441177929457e-09
529    1.7624484732661558e-09
530    1.7560839534946388e-09
531    1.7497506668456489e-09
532    1.7434487381461164e-09
533    1.7371783338746449e-09
534    1.7309396372294515e-09
535    1.7233079279827598e-09
536    1.7172757449320546e-09
537    1.7112760304279611e-09
538    1.705307978562068e-09
539    1.6993709276696187e-09
540    1.6934643330139733e-09
541    1.6875876562694232e-09
542    1.6817403665478773e-09
543    1.6759219154423494e-09
544    1.6701316709562283e-09
545    1.6643689856104471e-09
546    1.6586331933193116e-09
547    1.6529236839989666e-09
548    1.647239976065257e-09
549    1.6415816148363358e-09
550    1.635948152189497e-09
551    1.6303391421765712e-09
552    1.624754143843782e-09
553    1.6191927269071889e-09
554    1.6136544797793971e-09
555    1.6081389955302699e-09
556    1.6026458125077322e-09
557    1.5971744411394846e-09
558    1.5917244062428718e-09
559    1.586295261669342e-09
560    1.5808865505729568e-09
561    1.57549780838125e-09
562    1.5701286014329026e-09
563    1.5647785251807443e-09
564    1.5594471819045903e-09
565    1.55277062291804e-09
566    1.5474854560327072e-09
567    1.5422267894510237e-09
568    1.5369944016724474e-09
569    1.531788035814461e-09
570    1.5266073702365966e-09
571    1.5214520700437643e-09
572    1.5163217509984948e-09
573    1.511215982907175e-09
574    1.5061343447130145e-09
575    1.5010765178437773e-09
576    1.4960422163853126e-09
577    1.49103114484572e-09
578    1.4860430407962518e-09
579    1.4810776727080354e-09
580    1.4761348178909218e-09
581    1.4712142579244387e-09
582    1.4663157892397557e-09
583    1.4614392984317403e-09
584    1.4565847064890536e-09
585    1.4517519061814358e-09
586    1.4469407619753297e-09
587    1.442151160371796e-09
588    1.4373830026750074e-09
589    1.4326362014049937e-09
590    1.427910683682779e-09
591    1.4232063616793681e-09
592    1.418523158382518e-09
593    1.413861009401214e-09
594    1.409219847241719e-09
595    1.4045995181490382e-09
596    1.3999997963094734e-09
597    1.3954204515885432e-09
598    1.3908613267215195e-09
599    1.3863222921811929e-09
