10    7.63359694655803e-08
11    7.71701117921741e-08
12    7.753210362083423e-08
13    7.772553284830845e-08
14    7.763531958003315e-08
15    7.734855183607561e-08
16    7.693522670637888e-08
17    7.642868314475494e-08
18    7.585238295343306e-08
19    7.519255592215475e-08
20    7.419936546940462e-08
21    7.364248605209345e-08
22    7.276740502228178e-08
23    7.184869245740829e-08
24    7.090543410704017e-08
25    6.994929962288501e-08
26    6.909690285761946e-08
27    6.801395601658307e-08
28    6.70401067558746e-08
29    6.606460031131506e-08
30    6.508708955438034e-08
31    6.41051667542062e-08
32    6.311787619518921e-08
33    6.212772723963735e-08
34    6.103509154515481e-08
35    6.016143007775212e-08
36    5.9195462811818826e-08
37    5.828499666976331e-08
38    5.7379258136082517e-08
39    5.6480106378796927e-08
40    5.550388394543358e-08
41    5.462270013989972e-08
42    5.375467209733468e-08
43    5.289855281399515e-08
44    5.205385073519017e-08
45    5.122060250410603e-08
46    5.0399213582261266e-08
47    4.954949057014651e-08
48    4.875109406381063e-08
49    4.7971836938106474e-08
50    4.7402342665509174e-08
51    4.666275174475097e-08
52    4.574622560115273e-08
53    4.504049444986934e-08
54    4.435204219372662e-08
55    4.368018437722427e-08
56    4.3023903123189693e-08
57    4.238178882377175e-08
58    4.1752617472631445e-08
59    4.113527292548648e-08
60    4.05286564986269e-08
61    3.9931809187885055e-08
62    3.934405356462597e-08
63    3.876503080607949e-08
64    3.8194912015541967e-08
65    3.7633795088455415e-08
66    3.708202339909176e-08
67    3.654028061346451e-08
68    3.600924224967993e-08
69    3.548954619391965e-08
70    3.498184198501083e-08
71    3.4486718084350425e-08
72    3.400444212415632e-08
73    3.361942695537108e-08
74    3.3186199464271104e-08
75    3.275939310700983e-08
76    3.2202023519854484e-08
77    3.178079953318654e-08
78    3.136988931304092e-08
79    3.096844669355391e-08
80    3.057562431290379e-08
81    3.0190672694265986e-08
82    2.981293636643923e-08
83    2.9441817869538068e-08
84    2.907680566191436e-08
85    2.8717594480045705e-08
86    2.8363980601774116e-08
87    2.801568299772465e-08
88    2.767247936174787e-08
89    2.733429290136572e-08
90    2.7001133726648212e-08
91    2.667306742363948e-08
92    2.6350246868740132e-08
93    2.603280851796811e-08
94    2.5720912216232603e-08
95    2.5414678969055438e-08
96    2.511424106788035e-08
97    2.481969182401995e-08
98    2.4467347443437145e-08
99    2.419057792260724e-08
100    2.392033444527049e-08
101    2.3656324125301055e-08
102    2.3435390685031374e-08
103    2.3175599140313827e-08
104    2.2921145991678094e-08
105    2.267186396074323e-08
106    2.2427513371078068e-08
107    2.2187879636485373e-08
108    2.1952794886988506e-08
109    2.172204991550153e-08
110    2.1495437481225853e-08
111    2.127273272727431e-08
112    2.1053713347241503e-08
113    2.0838181206458854e-08
114    2.0625923161806124e-08
115    2.041671966116988e-08
116    2.0210359116856482e-08
117    2.0006659158924016e-08
118    1.9805437406198228e-08
119    1.9606529496567507e-08
120    1.9409784261653725e-08
121    1.9215107056468786e-08
122    1.9022481203009698e-08
123    1.8831923571854665e-08
124    1.864345231473466e-08
125    1.8457074701650265e-08
126    1.8272848006016504e-08
127    1.809084663706707e-08
128    1.7911150230130887e-08
129    1.7733846100913565e-08
130    1.7580298823548514e-08
131    1.74016530523575e-08
132    1.7225244038577618e-08
133    1.7051246068903418e-08
134    1.6879789982514724e-08
135    1.6711015551757442e-08
136    1.6565177547702515e-08
137    1.6408963515390355e-08
138    1.6255386316090203e-08
139    1.6104367953432952e-08
140    1.5955824373088977e-08
141    1.580967108308767e-08
142    1.566581384629394e-08
143    1.5524141209853262e-08
144    1.538454249565753e-08
145    1.524690298111504e-08
146    1.5111095567534094e-08
147    1.4977002626126202e-08
148    1.4844521914398895e-08
149    1.4713557199680665e-08
150    1.4584020726443803e-08
151    1.445584653156325e-08
152    1.432896947317832e-08
153    1.4203315326709015e-08
154    1.4078822028658932e-08
155    1.3955456721576295e-08
156    1.3833207334300955e-08
157    1.371205906832424e-08
158    1.3591985882702423e-08
159    1.34729872089731e-08
160    1.3355073071556453e-08
161    1.3238249038162442e-08
162    1.312253215568921e-08
163    1.3007935316243065e-08
164    1.289447509455656e-08
165    1.2782171576171931e-08
166    1.2671050133078813e-08
167    1.2606705896691677e-08
168    1.249979673899629e-08
169    1.2393464636200194e-08
170    1.2287717407059498e-08
171    1.218256518147836e-08
172    1.2078029492239062e-08
173    1.192784837751166e-08
174    1.1826736743569358e-08
175    1.1726919118842419e-08
176    1.16284033815287e-08
177    1.1531185785928161e-08
178    1.1435258923191942e-08
179    1.1340615843853669e-08
180    1.1247243626908223e-08
181    1.1155123194181558e-08
182    1.1064230436539638e-08
183    1.0974534639515511e-08
184    1.088600995168603e-08
185    1.0798626413181483e-08
186    1.0712346105944012e-08
187    1.0627128367284695e-08
188    1.0542935470585343e-08
189    1.0459732510717671e-08
190    1.0377486323776614e-08
191    1.0296165269726827e-08
192    1.0215731826265556e-08
193    1.0136145672162688e-08
194    1.0057373052557083e-08
195    9.979385444809112e-09
196    9.902153549640949e-09
197    9.825649202884371e-09
198    9.749841700715922e-09
199    9.6747010187579e-09
200    9.600208214021736e-09
201    9.526349323213718e-09
202    9.453114855460331e-09
203    9.380499560451817e-09
204    9.308498617974436e-09
205    9.237108483174961e-09
206    9.166332034989163e-09
207    9.09617373602563e-09
208    9.003901966746808e-09
209    8.938484351181335e-09
210    8.873873882457951e-09
211    8.810041707987505e-09
212    8.74695439360636e-09
213    8.684580278677052e-09
214    8.622893491418113e-09
215    8.561870650080134e-09
216    8.494188706478451e-09
217    8.430763879870868e-09
218    8.368058948285967e-09
219    8.306081536248042e-09
220    8.244835553156599e-09
221    8.184318256347674e-09
222    8.12452537077141e-09
223    8.065454991403265e-09
224    8.007107577811598e-09
225    7.949482629127065e-09
226    7.892574254013086e-09
227    7.836374286166218e-09
228    7.780869847140099e-09
229    7.726048047609194e-09
230    7.6718994010304e-09
231    7.618412771826506e-09
232    7.565573142436269e-09
233    7.513364506895058e-09
234    7.46177103036885e-09
235    7.410777093988463e-09
236    7.3603638263356584e-09
237    7.310510751197677e-09
238    7.261198179048438e-09
239    7.212408357114492e-09
240    7.164123838892496e-09
241    7.1163256996207975e-09
242    7.068996443149245e-09
243    7.022119652892812e-09
244    6.975679077485819e-09
245    6.929658251900951e-09
246    6.8840434119100504e-09
247    6.8388240083255516e-09
248    6.793990183398667e-09
249    6.7495314163568005e-09
250    6.70543969793367e-09
251    6.661709140941416e-09
252    6.618336748245402e-09
253    6.575319756504502e-09
254    6.532653669544648e-09
255    6.490333411061287e-09
256    6.423735811795763e-09
257    6.3812052360876115e-09
258    6.3392805863358265e-09
259    6.29796462654696e-09
260    6.25725353265727e-09
261    6.217140537758034e-09
262    6.1776170767829604e-09
263    6.1386744581384e-09
264    6.124977847148914e-09
265    6.086151784635766e-09
266    6.047690549509064e-09
267    6.009593790756189e-09
268    5.971862058996429e-09
269    5.934496033597202e-09
270    5.8974962691641055e-09
271    5.860865034930358e-09
272    5.824604727360546e-09
273    5.788716265991566e-09
274    5.753198864903331e-09
275    5.718049941259232e-09
276    5.683266564748237e-09
277    5.648845889700639e-09
278    5.614785226602566e-09
279    5.581080586919905e-09
280    5.547727823653761e-09
281    5.51472315637076e-09
282    5.482062436050543e-09
283    5.4497388748341915e-09
284    5.417744826900237e-09
285    5.3860728905996344e-09
286    5.354715800823152e-09
287    5.323665776442238e-09
288    5.292913589214915e-09
289    5.262450335561322e-09
290    5.232268045467201e-09
291    5.202359734349302e-09
292    5.172717563683408e-09
293    5.143333445338797e-09
294    5.114199790469001e-09
295    5.085309435172449e-09
296    5.05665624327042e-09
297    5.0282364761492005e-09
298    5.00004615393879e-09
299    4.972079517714278e-09
300    4.944329816655563e-09
301    4.916790279437927e-09
302    4.889454496586392e-09
303    4.862317065625756e-09
304    4.835374240114304e-09
305    4.819558776939302e-09
306    4.791990986553756e-09
307    4.764569887624292e-09
308    4.737300961507836e-09
309    4.710190578139334e-09
310    4.683246230632026e-09
311    4.65647619632646e-09
312    4.6298881266125425e-09
313    4.6034884639319244e-09
314    4.577282635418661e-09
315    4.550954193175273e-09
316    4.526114710786945e-09
317    4.501439037202687e-09
318    4.476927650318784e-09
319    4.452581636672745e-09
320    4.428402461893193e-09
321    4.404391036336893e-09
322    4.380548374904774e-09
323    4.356875543638405e-09
324    4.333373744897144e-09
325    4.31004563424427e-09
326    4.286898034878092e-09
327    4.2639255045305025e-09
328    4.241129025262115e-09
329    4.218508660651155e-09
330    4.196064509674343e-09
331    4.173796644005259e-09
332    4.1517050260976285e-09
333    4.129789649459829e-09
334    4.108050088556699e-09
335    4.086486020819976e-09
336    4.065097494105683e-09
337    4.043883991300752e-09
338    4.02284482088315e-09
339    4.001978905367053e-09
340    3.98128426020967e-09
341    3.960758134724084e-09
342    3.940398526171611e-09
343    3.920203274252594e-09
344    3.900169888380823e-09
345    3.880295668145571e-09
346    3.860578093766021e-09
347    3.8410144706991335e-09
348    3.821602041690619e-09
349    3.80233864943866e-09
350    3.783222277445701e-09
351    3.764250654431934e-09
352    3.745421004067284e-09
353    3.726729547054483e-09
354    3.7081724937189178e-09
355    3.689746624781686e-09
356    3.6714493433106338e-09
357    3.6532781021598052e-09
358    3.6352304791737973e-09
359    3.6173039797734636e-09
360    3.5994960167530926e-09
361    3.58269136362541e-09
362    3.5655766868145042e-09
363    3.548564320003715e-09
364    3.5316504910848935e-09
365    3.5148314078384863e-09
366    3.498103329544613e-09
367    3.4814625373286296e-09
368    3.4649053329285174e-09
369    3.448428374030561e-09
370    3.43202897501559e-09
371    3.4157045226852367e-09
372    3.399452631596635e-09
373    3.3832712929455995e-09
374    3.3612122046125056e-09
375    3.344914686488274e-09
376    3.3287092510502836e-09
377    3.3125959358445474e-09
378    3.296575035797863e-09
379    3.280646859055611e-09
380    3.2648116077894247e-09
381    3.2490694936136533e-09
382    3.2334209707742603e-09
383    3.217866717331767e-09
384    3.202407633459414e-09
385    3.187044684442039e-09
386    3.17177869172087e-09
387    3.156610417652427e-09
388    3.1415405752129623e-09
389    3.1265694735793398e-09
390    3.11169739496439e-09
391    3.096924833654229e-09
392    3.0822522570611405e-09
393    3.067680264004548e-09
394    3.053209204467013e-09
395    3.0388393393027436e-09
396    3.024570844318125e-09
397    3.0104038092010284e-09
398    2.996337906594682e-09
399    2.982372467213139e-09
400    2.968506764090658e-09
401    2.954740255817389e-09
402    2.941072487141314e-09
403    2.9275028210932133e-09
404    2.9140304582237637e-09
405    2.9006545201802284e-09
406    2.88737394371574e-09
407    2.874187726007795e-09
408    2.8610948741546897e-09
409    2.8480945193719794e-09
410    2.8351859020156976e-09
411    2.8223683673888977e-09
412    2.8096412902494533e-09
413    2.7970036680352477e-09
414    2.78445407760952e-09
415    2.7719909750520735e-09
416    2.759613013473267e-09
417    2.7473189099377037e-09
418    2.7351072989126864e-09
419    2.722976672428498e-09
420    2.7109256810871416e-09
421    2.692851634041841e-09
422    2.68079521575436e-09
423    2.6688517230360165e-09
424    2.6570205483343024e-09
425    2.645300786633214e-09
426    2.63369136830729e-09
427    2.622190499370864e-09
428    2.6107959919353692e-09
429    2.5995057744590422e-09
430    2.5883177284978496e-09
431    2.5772294937646998e-09
432    2.5662386581884106e-09
433    2.5553429011445e-09
434    2.544540020863018e-09
435    2.5338275804500356e-09
436    2.528005381218779e-09
437    2.5171465585207555e-09
438    2.5063512568091818e-09
439    2.4956190657368376e-09
440    2.484949385917239e-09
441    2.47434142911433e-09
442    2.4637943833317647e-09
443    2.4533074425890404e-09
444    2.442879829187707e-09
445    2.4325109042935767e-09
446    2.4222001265079087e-09
447    2.4119470519569745e-09
448    2.4017512135818365e-09
449    2.391612103932435e-09
450    2.3815294020340123e-09
451    2.371503175443119e-09
452    2.361533626239807e-09
453    2.3516208675011702e-09
454    2.341765003248104e-09
455    2.331966168663742e-09
456    2.322224379488425e-09
457    2.3125395096430737e-09
458    2.3029115064751706e-09
459    2.2933404052249298e-09
460    2.283826309280211e-09
461    2.274369453644933e-09
462    2.264970065742305e-09
463    2.2556282963304215e-09
464    2.2463442759894884e-09
465    2.2371180690282742e-09
466    2.227949666880854e-09
467    2.2188390572092023e-09
468    2.2097861455184377e-09
469    2.2007907155005462e-09
470    2.19185251574444e-09
471    2.182971353036296e-09
472    2.1741470350335774e-09
473    2.165379344459569e-09
474    2.1566679884060826e-09
475    2.1480126650303237e-09
476    2.139413031905134e-09
477    2.130868418263344e-09
478    2.1223779113242486e-09
479    2.1139406124945934e-09
480    2.1094096242432827e-09
481    2.1008598561727283e-09
482    2.09234835257647e-09
483    2.0838760199829296e-09
484    2.0754438074855995e-09
485    2.0670526128713065e-09
486    2.0587033037525253e-09
487    2.050396715379506e-09
488    2.04213362371977e-09
489    2.0339146573055916e-09
490    2.0257404215583027e-09
491    2.01761161089792e-09
492    2.0095289857157306e-09
493    2.0014933811163953e-09
494    1.9935054825162563e-09
495    1.985565913022195e-09
496    1.977675309810069e-09
497    1.9698342809144354e-09
498    1.962043444442432e-09
499    1.9543034702227342e-09
500    1.948110902338878e-09
501    1.9407013083437143e-09
502    1.933331542378013e-09
503    1.926001134046603e-09
504    1.9187096296776337e-09
505    1.911456552027995e-09
506    1.904241385264577e-09
507    1.897063656460609e-09
508    1.889922907566493e-09
509    1.8828186455183854e-09
510    1.875750401629666e-09
511    1.868717771246106e-09
512    1.8617204002159892e-09
513    1.8547579999298488e-09
514    1.8478303207661297e-09
515    1.8409371098443453e-09
516    1.8340781159198328e-09
517    1.8272530776680374e-09
518    1.8204616546255847e-09
519    1.8137034628866963e-09
520    1.8069781573147924e-09
521    1.8002854138795642e-09
522    1.7936250129527412e-09
523    1.7869968013665369e-09
524    1.7804006967263612e-09
525    1.773836653396353e-09
526    1.7673046763397544e-09
527    1.7608048114780478e-09
528    1.754336946497802e-09
529    1.7479008691179695e-09
530    1.741496419961651e-09
531    1.7351234865722141e-09
532    1.7287820231754887e-09
533    1.7224719969369535e-09
534    1.7161933912827804e-09
535    1.7099462231114084e-09
536    1.703730452803424e-09
537    1.6975459701179535e-09
538    1.6913926719043151e-09
539    1.6852705568282915e-09
540    1.6791796603364563e-09
541    1.673120027631748e-09
542    1.6670917059720366e-09
543    1.6610947318576376e-09
544    1.6551290599948676e-09
545    1.6491945729213118e-09
546    1.6432911637263294e-09
547    1.6379014735119492e-09
548    1.6322073495678015e-09
549    1.626538590209013e-09
550    1.6208947371873144e-09
551    1.615275358424073e-09
552    1.6096800112601969e-09
553    1.6041082576650584e-09
554    1.5985596709960848e-09
555    1.5930338387321079e-09
556    1.5875303573764513e-09
557    1.5820487499983468e-09
558    1.5765884888525869e-09
559    1.5711491019826086e-09
560    1.5657302025628816e-09
561    1.560331436354292e-09
562    1.554952473227128e-09
563    1.5495929867857557e-09
564    1.5442526419005185e-09
565    1.5389311032113163e-09
566    1.5336280331644666e-09
567    1.5283430982414641e-09
568    1.523076018244845e-09
569    1.5178266579634062e-09
570    1.5125949592359076e-09
571    1.507380896221302e-09
572    1.502184450932434e-09
573    1.4970055979889002e-09
574    1.491844258688045e-09
575    1.4867003220503008e-09
576    1.4815736806802633e-09
577    1.476464288138269e-09
578    1.4713723217820554e-09
579    1.4662980455025437e-09
580    1.4597055083891718e-09
581    1.454755628233727e-09
582    1.4498280919127507e-09
583    1.4449226417654015e-09
584    1.4400390499142795e-09
585    1.4351771685433503e-09
586    1.4303368748857015e-09
587    1.4255180112398119e-09
588    1.4207204421322017e-09
589    1.4159440521094642e-09
590    1.4111887484221865e-09
591    1.4064544752045655e-09
592    1.4017411531861112e-09
593    1.3970487145836794e-09
594    1.3923771133094167e-09
595    1.3877263515936114e-09
596    1.3830964346644549e-09
597    1.3784873411138001e-09
598    1.3738989897443057e-09
599    1.369331286006139e-09
