10    7.63359694655803e-08
11    7.71701117921741e-08
12    7.753210362083423e-08
13    7.772553284830845e-08
14    7.763531958003315e-08
15    7.734855183607561e-08
16    7.693522670637888e-08
17    7.642868314475494e-08
18    7.585238295343306e-08
19    7.519255592215475e-08
20    7.419936546940462e-08
21    7.364248605209345e-08
22    7.276740502228178e-08
23    7.184869245740829e-08
24    7.090543410704017e-08
25    6.994929962288501e-08
26    6.909690285761946e-08
27    6.801395601658307e-08
28    6.70401067558746e-08
29    6.606460031131506e-08
30    6.508708955438034e-08
31    6.41051667542062e-08
32    6.311787619518921e-08
33    6.212772723963735e-08
34    6.103509154515481e-08
35    6.016143007775212e-08
36    5.9195462811818826e-08
