10  7.633594397190667e-08  8.779767980308127e-09  2.611356158820153e-12
46  5.040072519611896e-08  2.754514875190033e-09  1.2316748431972673e-13
82  2.9815636116940366e-08  1.2233519303747335e-09  3.80773092498901e-14
118  1.9809150041750953e-08  6.781734932631155e-10  1.7927608073721586e-14
154  1.408253657133818e-08  4.222315799771754e-10  1.0205840881865551e-14
190  1.0382964134999404e-08  2.803547275612063e-10  6.4135253958179446e-15
226  7.899401897836935e-09  1.9561136846275208e-10  4.233330554771242e-15
262  6.1850319090450205e-09  1.4226931716666296e-10  2.9144106681557878e-15
298  5.008075391220332e-09  1.080270766631876e-10  2.0941240822862383e-15
334  4.117429164890205e-09  8.390000685860279e-11  1.6038980171682042e-15
370  3.4424109909637564e-09  6.665036449225495e-11  1.2957254767496587e-15
406  2.8990699175070617e-09  5.3587355809043596e-11  1.079137281616413e-15
442  2.4761607823008265e-09  4.386883631065999e-11  9.067686119849882e-16
478  2.1352977299662137e-09  3.6379051725787304e-11  7.633296205544646e-16
514  1.8617075560017616e-09  3.0588112232275984e-11  6.489113134084621e-16
550  1.635948152189497e-09  2.5985122846842842e-11  5.599898156039477e-16
586  1.4469407619753297e-09  2.2266432629797198e-11  4.933434737813928e-16
