10    9.547882397604655e-09
11    9.854936146896e-09
12    1.0149301148894028e-08
13    1.0424144473192068e-08
14    1.061962412839025e-08
15    1.0786398093904426e-08
16    1.0932478406789909e-08
17    1.1063562141158016e-08
18    1.1181820632841093e-08
19    1.1286684417574833e-08
20    1.1376642162051488e-08
21    1.1449685328402456e-08
22    1.150399354926203e-08
23    1.1530910078750562e-08
24    1.154850741727596e-08
25    1.1551879764710056e-08
26    1.1541759546424264e-08
27    1.1527814235153412e-08
28    1.1477042374020526e-08
29    1.1416550973919665e-08
30    1.1376220462381174e-08
31    1.1307007433387318e-08
32    1.1229044113826815e-08
33    1.1152780921054882e-08
34    1.105732335478555e-08
35    1.0955671102342213e-08
36    1.084888931101706e-08
37    1.0737776824909427e-08
38    1.063306971261993e-08
39    1.0516284581544842e-08
40    1.0368773773771571e-08
41    1.0242118122930864e-08
42    1.011359157122452e-08
43    9.983359537725873e-09
44    9.851611420976562e-09
45    9.736237724364143e-09
46    9.597254341802571e-09
47    9.457268666976804e-09
48    9.315771937112387e-09
49    9.180882031895009e-09
50    9.045965128379936e-09
51    8.911103272890801e-09
52    8.776367735341206e-09
53    8.641840949343401e-09
54    8.507637891808225e-09
55    8.373971803286594e-09
56    8.241112286368909e-09
57    8.10936493504243e-09
58    7.979063802100255e-09
59    7.850533930571246e-09
60    7.724093292828791e-09
61    7.600020971251181e-09
62    7.478538319658457e-09
63    7.359821045691865e-09
64    7.244043762447908e-09
65    7.131368011084264e-09
66    7.021926461086194e-09
67    6.915834342236586e-09
68    6.813162855279003e-09
69    6.71393265123801e-09
70    6.6181353386866675e-09
71    6.525720541159331e-09
72    6.436608113511731e-09
73    6.350682103497148e-09
74    6.267817695079581e-09
75    6.1983313791911385e-09
76    6.120578451819566e-09
77    6.0452766678019345e-09
78    5.972310105271901e-09
79    5.901735762239419e-09
80    5.83354837687458e-09
81    5.763672921980798e-09
82    5.701460009405491e-09
83    5.6414708132558805e-09
84    5.583620737586433e-09
85    5.527872030910931e-09
86    5.474110300011398e-09
87    5.422229949549811e-09
88    5.372118701852178e-09
89    5.323664732713928e-09
90    5.2767684298370835e-09
91    5.23133206021366e-09
92    5.18726675478375e-09
93    5.144488959301474e-09
94    5.102921457897184e-09
95    5.062485064255992e-09
96    5.023099756781533e-09
97    4.984690963276064e-09
98    4.9471889771323135e-09
99    4.910508864931192e-09
100    4.8745624129943954e-09
101    4.839264859918365e-09
102    4.804531009244636e-09
103    4.770271126962206e-09
104    4.736398560713828e-09
105    4.702834335834157e-09
106    4.6695076913202954e-09
107    4.636356742768973e-09
108    4.6033248087937414e-09
109    4.570360741725522e-09
110    4.537419730763779e-09
111    4.504469473316722e-09
112    4.4714847752178995e-09
113    4.438441867150955e-09
114    4.405318200392673e-09
115    4.372095261588273e-09
116    4.338757897699913e-09
117    4.303238063460706e-09
118    4.2694395401037505e-09
119    4.235473732305468e-09
120    4.201320026824874e-09
121    4.166958730752282e-09
122    4.132375049028185e-09
123    4.09755767153405e-09
124    4.06249736455797e-09
125    4.027187276418953e-09
126    3.991629118393045e-09
127    3.955832336334662e-09
128    3.919806025537378e-09
129    3.883559173904155e-09
130    3.847102517431173e-09
131    3.810449631967915e-09
132    3.773616147807964e-09
133    3.736620598646506e-09
134    3.6994870282316647e-09
135    3.6622415781267506e-09
136    3.6249104100154534e-09
137    3.587518558121003e-09
138    3.5500901869887134e-09
139    3.5126492395945704e-09
140    3.475213973375558e-09
141    3.4378018482220617e-09
142    3.4004341205364003e-09
143    3.3631368190904673e-09
144    3.325980180924105e-09
145    3.2899634109217528e-09
146    3.2528872624872433e-09
147    3.216061326978712e-09
148    3.1795139478049525e-09
149    3.143277247828187e-09
150    3.107388450271346e-09
151    3.0718801356829503e-09
152    3.0367799593202488e-09
153    3.0021136518583597e-09
154    2.967905622709328e-09
155    2.9341782010497445e-09
156    2.9009527012026636e-09
157    2.8682503103931493e-09
158    2.8360920899838678e-09
159    2.8044978526008847e-09
160    2.77348540497935e-09
161    2.7430699348178746e-09
162    2.713264676362593e-09
163    2.6840812851906212e-09
164    2.655530959126485e-09
165    2.627624425025235e-09
166    2.6003714453220933e-09
167    2.5737798505522913e-09
168    2.547854641566085e-09
169    2.522598281063114e-09
170    2.4980106272439647e-09
171    2.4740897045628184e-09
172    2.4508324545531092e-09
173    2.4282347079057566e-09
174    2.406291275060526e-09
175    2.3849961245388583e-09
176    2.36434167782338e-09
177    2.3443172764644252e-09
178    2.3249099467506943e-09
179    2.3061061314361443e-09
180    2.287892125020999e-09
181    2.2702536282541893e-09
182    2.25317580204715e-09
183    2.236642075971578e-09
184    2.22063541923943e-09
185    2.2051365488247846e-09
186    2.1901255400270403e-09
187    2.1755817757685002e-09
188    2.1614844627955403e-09
189    2.1478135832875277e-09
190    2.134549785835963e-09
191    2.1216750940518718e-09
192    2.1091715857802112e-09
193    2.097019859960614e-09
194    2.0851995621478968e-09
195    2.0736888587267598e-09
196    2.064510721166806e-09
197    2.0535749126466352e-09
198    2.0428822643205075e-09
199    2.0324150143469993e-09
200    2.0221557282643527e-09
201    2.0120871136062713e-09
202    2.002192533977623e-09
203    1.9924551189608557e-09
204    1.9828580972308054e-09
205    1.9733847634065926e-09
206    1.9640191123296987e-09
207    1.954745840534044e-09
208    1.9455503401398908e-09
209    1.93641884753351e-09
210    1.9273384353403404e-09
211    1.9182968575010836e-09
212    1.9092819315894647e-09
213    1.90028166076256e-09
214    1.891284241241491e-09
215    1.8822782184578282e-09
216    1.873252665312845e-09
217    1.86419728549625e-09
218    1.8551025735912146e-09
219    1.8459598577518932e-09
220    1.8367614306635638e-09
221    1.827500441938505e-09
222    1.8181709343648542e-09
223    1.8087673052182196e-09
224    1.7992843115615385e-09
225    1.7897170958523142e-09
226    1.7800614491949097e-09
227    1.7703137162996087e-09
228    1.76047069279463e-09
229    1.7505304818054915e-09
230    1.7404923718410072e-09
231    1.7303566342907365e-09
232    1.7201244169431339e-09
233    1.709797320834542e-09
234    1.6993775385614223e-09
235    1.6888673597037256e-09
236    1.6782691512564863e-09
237    1.6675855253977689e-09
238    1.6568205370639892e-09
239    1.6459798225094893e-09
240    1.6350694670206689e-09
241    1.6240960575741204e-09
242    1.6130664673590895e-09
243    1.6019878539567507e-09
244    1.5908678042460993e-09
245    1.5797136606231008e-09
246    1.5685325182377562e-09
247    1.5573317224722826e-09
248    1.546119374590361e-09
249    1.5349039630383595e-09
250    1.523693558575611e-09
251    1.5124964602671411e-09
252    1.5013210666012087e-09
253    1.4901758845874225e-09
254    1.4790692041954924e-09
255    1.4680088893276442e-09
256    1.4570026157652484e-09
257    1.44605797142102e-09
258    1.4351825806095216e-09
259    1.42068462221151e-09
260    1.4099939663448739e-09
261    1.3994197959070008e-09
262    1.3889424655194687e-09
263    1.3785687057791785e-09
264    1.3683049080899232e-09
265    1.358156726076699e-09
266    1.3481291364507538e-09
267    1.3382271709954617e-09
268    1.3284555134314546e-09
269    1.318818237052239e-09
270    1.309319360530408e-09
271    1.2999626640784572e-09
272    1.290751784454879e-09
273    1.2816908527564328e-09
274    1.2727835847693506e-09
275    1.2640327967674843e-09
276    1.2554407963704256e-09
277    1.2470094676632343e-09
278    1.2387402694154542e-09
279    1.2306349107986982e-09
280    1.222694977730622e-09
281    1.2149211687187061e-09
282    1.2073130197730841e-09
283    1.1998693788627053e-09
284    1.1925887731443137e-09
285    1.1854700713574987e-09
286    1.1785125766596598e-09
287    1.1717152758434164e-09
288    1.1650763119073308e-09
289    1.1585932725106078e-09
290    1.152265153487587e-09
291    1.1460917116862735e-09
292    1.1400709781071667e-09
293    1.1341986488493821e-09
294    1.1284696845102837e-09
295    1.1228784880118766e-09
296    1.117419819984041e-09
297    1.112089544009781e-09
298    1.1068845874623281e-09
299    1.1038825950591515e-09
300    1.0988560172434968e-09
301    1.0939390123658205e-09
302    1.0891266233312282e-09
303    1.0844138341988123e-09
304    1.0797974784829074e-09
305    1.0752755461685745e-09
306    1.0708449038815478e-09
307    1.0664997109329348e-09
308    1.0622338141954046e-09
309    1.058041054012912e-09
310    1.0539150811194355e-09
311    1.049850753586972e-09
312    1.0458434017998195e-09
313    1.0418882967870004e-09
314    1.037980962063572e-09
315    1.0341168034340866e-09
316    1.0302910916896565e-09
317    1.026499352124682e-09
318    1.0227393882910938e-09
319    1.0190117467712054e-09
320    1.0153161349169668e-09
321    1.0116471055370951e-09
322    1.0079971613923143e-09
323    1.004358347572387e-09
324    1.0007227150121813e-09
325    9.970836574632623e-10
326    9.934362368154171e-10
327    9.897758078377962e-10
328    9.860980637755124e-10
329    9.8240119723332e-10
330    9.78690714600223e-10
331    9.749738587000985e-10
332    9.712565065474126e-10
333    9.675403532253681e-10
334    9.638251803183318e-10
335    9.601044266441687e-10
336    9.563697208134997e-10
337    9.526155444661e-10
338    9.48837001781259e-10
339    9.450294003710941e-10
340    9.411901237018682e-10
341    9.373158337490833e-10
342    9.33402939965327e-10
343    9.294488723579275e-10
344    9.254571293920939e-10
345    9.214335034517062e-10
346    9.1738132275541e-10
347    9.132974855702359e-10
348    9.087533228808859e-10
349    9.046338050947845e-10
350    9.004972482828914e-10
351    8.963508827880786e-10
352    8.922031809872288e-10
353    8.880566362743489e-10
354    8.839050052957258e-10
355    8.797443195951914e-10
356    8.755720091217091e-10
357    8.713856705536757e-10
358    8.671853568391091e-10
359    8.629745467936054e-10
360    8.587567285425898e-10
361    8.54535173104866e-10
362    8.5031302933003e-10
363    8.460930071535568e-10
364    8.418772596673492e-10
365    8.376678356437715e-10
366    8.334667871823925e-10
367    8.292760711402097e-10
368    8.25097590886179e-10
369    8.209333794451692e-10
370    8.167856608050928e-10
371    8.126565329712212e-10
372    8.085479170978316e-10
373    8.044618280161659e-10
374    8.004003457759099e-10
375    7.963654384342178e-10
376    7.923589925224504e-10
377    7.883828041877761e-10
378    7.844385028269794e-10
379    7.805276270626556e-10
380    7.766517351259201e-10
381    7.728123378212123e-10
382    7.690108713132736e-10
383    7.652487337100748e-10
384    7.615272604499717e-10
385    7.578476916657798e-10
386    7.542110882578098e-10
387    7.5061837792835e-10
388    7.470703841686635e-10
389    7.435678084686986e-10
390    7.401112768994919e-10
391    7.367013753562117e-10
392    7.333385875028055e-10
393    7.300231385560248e-10
394    7.267550953710043e-10
395    7.235345050501758e-10
396    7.203614230893037e-10
397    7.172359069853801e-10
398    7.141579857856039e-10
399    7.111276329594484e-10
400    7.081447154573791e-10
401    7.052090532543359e-10
402    7.023204635512922e-10
403    6.994787480146504e-10
404    6.966835293674528e-10
405    6.939342006951229e-10
406    6.912301160665794e-10
407    6.885706364495785e-10
408    6.859549113237093e-10
409    6.833817133499996e-10
410    6.808497210630074e-10
411    6.783576350352221e-10
412    6.759041941007026e-10
413    6.734881986750617e-10
414    6.711084929592983e-10
415    6.687639371950433e-10
416    6.664533387932531e-10
417    6.641755400899855e-10
418    6.619294639055826e-10
419    6.597140750525269e-10
420    6.57528269245185e-10
421    6.553707502916673e-10
422    6.532401907696518e-10
423    6.51135297851906e-10
424    6.49054764192854e-10
425    6.469970757276609e-10
426    6.449606673996676e-10
427    6.429439843838681e-10
428    6.409454925239509e-10
429    6.389637062021509e-10
430    6.369971903333698e-10
431    6.350445660178157e-10
432    6.331044945470715e-10
433    6.311756815734802e-10
434    6.292569424178905e-10
435    6.273471706187172e-10
436    6.254453093735302e-10
437    6.235503586600161e-10
438    6.216613498182251e-10
439    6.197773393215238e-10
440    6.178974076903385e-10
441    6.160207002554766e-10
442    6.14146467561412e-10
443    6.122740323016549e-10
444    6.104027378921528e-10
445    6.085319328496214e-10
446    6.066609784962576e-10
447    6.047892463601439e-10
448    6.02916148664641e-10
449    6.01041137289797e-10
450    5.991637234200319e-10
451    5.97283459389011e-10
452    5.953999378840713e-10
453    5.935127682789326e-10
454    5.916216300203647e-10
455    5.897263262267868e-10
456    5.878267160842242e-10
457    5.859226655417308e-10
458    5.840140586949375e-10
459    5.821009475180726e-10
460    5.801835510687129e-10
461    5.782621438887281e-10
462    5.763370020362662e-10
463    5.744083960297954e-10
464    5.72476578371077e-10
465    5.705417882550559e-10
466    5.686042700874325e-10
467    5.666642878306827e-10
468    5.647221523239628e-10
469    5.627781392161011e-10
470    5.60832475991282e-10
471    5.588853775097624e-10
472    5.569370960725668e-10
473    5.549880194526788e-10
474    5.530385987048399e-10
475    5.510892780657162e-10
476    5.491404922916758e-10
477    5.471927421524131e-10
478    5.452466953187059e-10
479    5.433030516096925e-10
480    5.413625228992932e-10
481    5.394258189925473e-10
482    5.37493629133809e-10
483    5.355666207442e-10
484    5.336454319118085e-10
485    5.317306729917678e-10
486    5.29822950387921e-10
487    5.279228627221776e-10
488    5.260309563087835e-10
489    5.241477402508663e-10
490    5.222737002320137e-10
491    5.204093043012075e-10
492    5.185550487655527e-10
493    5.167114406605015e-10
494    5.148789744820689e-10
495    5.130581283672165e-10
496    5.112493416665002e-10
497    5.094530440774418e-10
498    5.07669636472144e-10
499    5.058994924299397e-10
500    5.041429783319835e-10
501    5.02400448844743e-10
502    5.006722537820785e-10
503    4.989587300136006e-10
504    4.97260190868364e-10
505    4.955769203899556e-10
506    4.939091567483393e-10
507    4.922571161548045e-10
508    4.906209908042314e-10
509    4.890009627727952e-10
510    4.873971974952323e-10
511    4.858097773554916e-10
512    4.842387052637004e-10
513    4.826839622283905e-10
514    4.811455276773617e-10
515    4.796233751016148e-10
516    4.781173902009567e-10
517    4.76627336739884e-10
518    4.751529434635103e-10
519    4.736939257335552e-10
520    4.722499980254874e-10
521    4.708208810598535e-10
522    4.694063083302581e-10
523    4.680060180926722e-10
524    4.666197492873257e-10
525    4.652472404441974e-10
526    4.6388820993708617e-10
527    4.6254238823797153e-10
528    4.61209552641455e-10
529    4.598894956965101e-10
530    4.585820173884656e-10
531    4.572868899658567e-10
532    4.56003827324008e-10
533    4.547325202949533e-10
534    4.5347266429640345e-10
535    4.5222396082047546e-10
536    4.5098610458126306e-10
537    4.497587162176287e-10
538    4.4854137935842593e-10
539    4.4733367767358627e-10
540    4.461351909972695e-10
541    4.4494550415688436e-10
542    4.4376421100622625e-10
543    4.425909117868977e-10
544    4.4142521953880814e-10
545    4.402667654252037e-10
546    4.3911518732939074e-10
547    4.379701222879143e-10
548    4.3683121805864023e-10
549    4.356981481883541e-10
550    4.3457059864408126e-10
551    4.334482642665433e-10
552    4.323308530077057e-10
553    4.3121806475712225e-10
554    4.3010959165869783e-10
555    4.290051290483752e-10
556    4.279043781989211e-10
557    4.2680704991815507e-10
558    4.257128889862508e-10
559    4.246216458534501e-10
560    4.235330910013467e-10
561    4.224470149393676e-10
562    4.2136321504231647e-10
563    4.202814932753335e-10
564    4.1920165259923963e-10
565    4.1812349637914945e-10
566    4.1704683739253745e-10
567    4.159714958794566e-10
568    4.1489730786788417e-10
569    4.138241356008011e-10
570    4.127518427084581e-10
571    4.1168028615852197e-10
572    4.106093239560582e-10
573    4.095388154062824e-10
574    4.0846864556442297e-10
575    4.073987632290646e-10
576    4.063291578722824e-10
577    4.0525982566261763e-10
578    4.041907630878525e-10
579    4.031219675153231e-10
580    4.0205347038146584e-10
581    4.009853902257892e-10
582    3.9991787309427394e-10
583    3.9885107406807015e-10
584    3.9778515324609705e-10
585    3.967202694345439e-10
586    3.956565775736935e-10
587    3.94594228327254e-10
588    3.9353336956457213e-10
589    3.9247414308845214e-10
590    3.9141668750602674e-10
591    3.9036114847273424e-10
592    3.893076759832947e-10
593    3.882564046398673e-10
594    3.872074494641228e-10
595    3.861609203041126e-10
596    3.8511692275423815e-10
597    3.840755658592601e-10
598    3.830369808579817e-10
599    3.8200131366905015e-10
