10    1.7727914904013466e-08
11    1.801633184381117e-08
12    1.8266357080734632e-08
13    1.832912300300262e-08
14    1.8701172181452773e-08
15    1.875261515465459e-08
16    1.8759615750665453e-08
17    1.873938995751524e-08
18    1.8803607317450308e-08
19    1.876936932446811e-08
20    1.8716455208085346e-08
21    1.8651063419147997e-08
22    1.8576441967569533e-08
23    1.8462229003681242e-08
24    1.8362931587714705e-08
25    1.8311431040702272e-08
26    1.8210485253370015e-08
27    1.8098679931545877e-08
28    1.7940235558336338e-08
29    1.7945800161170607e-08
30    1.776608475667359e-08
31    1.7579511928940437e-08
32    1.7389609455760847e-08
33    1.7199387083595907e-08
34    1.7011449991393117e-08
35    1.6828209378336064e-08
36    1.665137702237295e-08
37    1.648196694733796e-08
38    1.632028997109112e-08
39    1.6165857535001132e-08
40    1.6017836201845313e-08
41    1.5991058039704556e-08
42    1.5831269065497045e-08
43    1.5674429362822926e-08
44    1.5520310772847547e-08
45    1.5323292373908766e-08
46    1.5165352258831488e-08
47    1.5070950532479136e-08
48    1.49373035784417e-08
49    1.480195030204103e-08
50    1.4664988508943206e-08
51    1.4526841760457249e-08
52    1.438811359874355e-08
53    1.4215036061305557e-08
54    1.4077494365632485e-08
55    1.3941162368899818e-08
56    1.3785074296674413e-08
57    1.3662099625128628e-08
58    1.3540137020265233e-08
59    1.3418381585348586e-08
60    1.3296114605578247e-08
61    1.3173034835199358e-08
62    1.3048991151380227e-08
63    1.2923923910217632e-08
64    1.2797886794678205e-08
65    1.2670995043593373e-08
66    1.2543478192135551e-08
67    1.2415599773563518e-08
68    1.2287608947453098e-08
69    1.2159743467965818e-08
70    1.203217548280791e-08
71    1.1905132047401347e-08
72    1.1778887590135341e-08
73    1.1653740631054211e-08
74    1.1530003642167706e-08
75    1.140795668955663e-08
76    1.1287880373806475e-08
77    1.1170048000558515e-08
78    1.1054676199355552e-08
79    1.0941881715439458e-08
80    1.0831738668206673e-08
81    1.072425212270756e-08
82    1.061932493359585e-08
83    1.0516852286509291e-08
84    1.0416726914645827e-08
85    1.0318856036788476e-08
86    1.0223139602618455e-08
87    1.0129457282050068e-08
88    1.0037700152781451e-08
89    9.882422941532922e-09
90    9.788379447027597e-09
91    9.696628301210579e-09
92    9.607090708141946e-09
93    9.519735337182728e-09
94    9.43452324605004e-09
95    9.440814257087893e-09
96    9.36091299071917e-09
97    9.282147484151802e-09
98    9.204471439782584e-09
99    9.127831603022561e-09
100    9.052199258047968e-09
101    8.97755637321093e-09
102    8.903897503308016e-09
103    8.83120578230214e-09
104    8.759449773643783e-09
105    8.688603044381259e-09
106    8.618647602714464e-09
107    8.54956838616384e-09
108    8.48134385994336e-09
109    8.413939693485358e-09
110    8.347310554216782e-09
111    8.281411170096751e-09
112    8.216189529131693e-09
113    8.151599546614811e-09
114    8.087586936693356e-09
115    8.024088729037735e-09
116    7.961045048989193e-09
117    7.898393866323003e-09
118    7.836086033565058e-09
119    7.774084315385665e-09
120    7.712352383998793e-09
121    7.650857357330782e-09
122    7.589577514017771e-09
123    7.528509808533974e-09
124    7.46766063723247e-09
125    7.407066443601291e-09
126    7.346767128000202e-09
127    7.286789849683571e-09
128    7.22715184723379e-09
129    7.167876423335099e-09
130    7.10902141685054e-09
131    7.05065477965885e-09
132    6.992843623843948e-09
133    6.935648696963972e-09
134    6.8791240191765775e-09
135    6.823317034316886e-09
136    6.7682715585212204e-09
137    6.714048277613702e-09
138    6.660732580613354e-09
139    6.608392862402678e-09
140    6.556977642726138e-09
141    6.506378406050066e-09
142    6.4566571197485875e-09
143    6.40824767110861e-09
144    6.361377935849432e-09
145    6.3152839436860586e-09
146    6.269929640762853e-09
147    6.225386916829174e-09
148    6.181722960869148e-09
149    6.152087511478996e-09
150    6.103842776797398e-09
151    6.05650223108946e-09
152    6.010080065061205e-09
153    5.9645879792811425e-09
154    5.920036037805678e-09
155    5.8764293359837955e-09
156    5.83375548303262e-09
157    5.791992119849462e-09
158    5.751119784861278e-09
159    5.711119408495237e-09
160    5.7220947245875345e-09
161    5.687692529280228e-09
162    5.653723889051557e-09
163    5.620156386552736e-09
164    5.586958695480531e-09
165    5.554102706312713e-09
166    5.521563204854497e-09
167    5.489316125694041e-09
168    5.4573376441045595e-09
169    5.425602906378936e-09
170    5.394087114219025e-09
171    5.362766395017978e-09
172    5.331618008435055e-09
173    5.300620723620192e-09
174    5.269756283358659e-09
175    5.239010898868347e-09
176    5.208372416382857e-09
177    5.177825610954509e-09
178    5.147354925900447e-09
179    5.116944766256636e-09
180    5.086585042659694e-09
181    5.056270429676457e-09
182    5.025997076280993e-09
183    4.995764539686907e-09
184    4.965576105945167e-09
185    4.935439216830721e-09
186    4.905362728717024e-09
187    4.875355006922809e-09
188    4.8454239365312175e-09
189    4.815577457005269e-09
190    4.78582640835629e-09
191    4.7561878602288865e-09
192    4.726680829078245e-09
193    4.697323072491706e-09
194    4.6681316057998345e-09
195    4.639122948531302e-09
196    4.610312660845691e-09
197    4.581715367242447e-09
198    4.553346250478505e-09
199    4.525222031688169e-09
200    4.4973583387813544e-09
201    4.4697697267256645e-09
202    4.442469954671984e-09
203    4.435076878329689e-09
204    4.411685012582207e-09
205    4.3884950718202106e-09
206    4.3655056364363154e-09
207    4.3427147835033845e-09
208    4.3201204280858e-09
209    4.297720350159367e-09
210    4.275511656681208e-09
211    4.253488125602114e-09
212    4.186888619999814e-09
213    4.163126315392315e-09
214    4.1396867636277026e-09
215    4.1165650272389526e-09
216    4.09375618425773e-09
217    4.071255327121852e-09
218    4.0490569071241786e-09
219    4.02715388358724e-09
220    4.005539387658001e-09
221    3.984207126587544e-09
222    3.963151319160262e-09
223    3.942366371782657e-09
224    3.9218456500541215e-09
225    3.901581990697064e-09
226    3.881568289589453e-09
227    3.8617976056132014e-09
228    3.842263341049075e-09
229    3.822957854358445e-09
230    3.803873376538637e-09
231    3.7850023726262505e-09
232    3.766337773643757e-09
233    3.747874703128861e-09
234    3.729609609514547e-09
235    3.711538723592035e-09
236    3.6936564962382625e-09
237    3.6759560969025306e-09
238    3.6584320524489393e-09
239    3.6410792896000283e-09
240    3.623892718120453e-09
241    3.606866842409116e-09
242    3.5899964176349686e-09
243    3.573276579518256e-09
244    3.5567014734619035e-09
245    3.540265152495136e-09
246    3.52396190840099e-09
247    3.5077878957802304e-09
248    3.491741784789677e-09
249    3.475822408101276e-09
250    3.4600287372133884e-09
251    3.4443589430458793e-09
252    3.428807335321624e-09
253    3.4133657931263397e-09
254    3.39802640830428e-09
255    3.3827815978516013e-09
256    3.367625466015548e-09
257    3.35256020907455e-09
258    3.3375916360240167e-09
259    3.3227251640181594e-09
260    3.3079659186313984e-09
261    3.2933143535430774e-09
262    3.278750142281788e-09
263    3.264247377184586e-09
264    3.249780794494194e-09
265    3.235326296426411e-09
266    3.2208849494049636e-09
267    3.206518289234511e-09
268    3.192294481561162e-09
269    3.1782788142769988e-09
270    3.164522182041099e-09
271    3.1508061677800093e-09
272    3.1370315772017116e-09
273    3.123210888017093e-09
274    3.109357456820191e-09
275    3.0954848214306462e-09
276    3.081605965243738e-09
277    3.067733237820575e-09
278    3.0538788544237556e-09
279    3.0400545995897137e-09
280    3.0262718456297545e-09
281    3.0125423355403286e-09
282    2.998872617298857e-09
283    2.985259744320972e-09
284    2.9717000669199463e-09
285    2.958190078209455e-09
286    2.9447263716090782e-09
287    2.9313058216908675e-09
288    2.9179263910707997e-09
289    2.9045873776648084e-09
290    2.891288324123621e-09
291    2.8780284979902292e-09
292    2.864807160560365e-09
293    2.8516249281194313e-09
294    2.8384862285847913e-09
295    2.825396012333396e-09
296    2.812359280205854e-09
297    2.799381230013985e-09
298    2.7864671316981137e-09
299    2.7736222954399445e-09
300    2.760851791409083e-09
301    2.7481604422168366e-09
302    2.735552830074972e-09
303    2.723033303350841e-09
304    2.7106059150948554e-09
305    2.698274366955881e-09
306    2.686042119643757e-09
307    2.673912471583633e-09
308    2.6618885486277203e-09
309    2.6499733753871957e-09
310    2.6381698233372753e-09
311    2.6264805735835636e-09
312    2.614908072543781e-09
313    2.603454605440496e-09
314    2.59212231356251e-09
315    2.5809132019797428e-09
316    2.5966057357145607e-09
317    2.5875298757776433e-09
318    2.578471771690156e-09
319    2.569429045092522e-09
320    2.5603993628802843e-09
321    2.5513804311671485e-09
322    2.5423700129988805e-09
323    2.533365930665452e-09
324    2.5243660673191247e-09
325    2.5153683700180145e-09
326    2.5063708477000646e-09
327    2.497371543899125e-09
328    2.48836839892276e-09
329    2.479359763290982e-09
330    2.4703447939723384e-09
331    2.461322793896841e-09
332    2.4522933719745897e-09
333    2.4432563131713302e-09
334    2.4342114254370174e-09
335    2.4251585967096107e-09
336    2.416097782946343e-09
337    2.4070289670212745e-09
338    2.3979525921803374e-09
339    2.3888700603486857e-09
340    2.379782756993702e-09
341    2.370691102842205e-09
342    2.3615950773663303e-09
343    2.352494680535206e-09
344    2.3433899345592893e-09
345    2.334281032826285e-09
346    2.325168699784724e-09
347    2.316054033480042e-09
348    2.3069388116173827e-09
349    2.297824895482649e-09
350    2.28871411391267e-09
351    2.279608246789855e-09
352    2.2705089144198826e-09
353    2.2614174969869486e-09
354    2.2523354426368918e-09
355    2.2432643389615784e-09
356    2.2342058651799424e-09
357    2.225162011595936e-09
358    2.2161347832315528e-09
359    2.2071263434921074e-09
360    2.1981390890113714e-09
361    2.1891753591597736e-09
362    2.1802374147142514e-09
363    2.1713274397751867e-09
364    2.162447542978738e-09
365    2.153599784478157e-09
366    2.1447862493493745e-09
367    2.1360089708585743e-09
368    2.1272700671966137e-09
369    2.118572052076688e-09
370    2.109917389767942e-09
371    2.1013082340057034e-09
372    2.092746659777935e-09
373    2.0842349915922024e-09
374    2.0757756201840894e-09
375    2.0673707606716716e-09
376    2.059022517482767e-09
377    2.0507329127294486e-09
378    2.042503886532025e-09
379    2.0343372988644955e-09
380    2.0262349341423333e-09
381    2.018198503682746e-09
382    2.0102296501316655e-09
383    2.0023299434635593e-09
384    1.9945005509760027e-09
385    2.0031259652330197e-09
386    1.996017362271598e-09
387    1.988925084515733e-09
388    1.9818499344099542e-09
389    1.974792683349971e-09
390    1.9677540731700254e-09
391    1.960734817748193e-09
392    1.9537356359867673e-09
393    1.946757549329702e-09
394    1.9398016414583315e-09
395    1.9328688645514567e-09
396    1.9259601336671595e-09
397    1.919076241719833e-09
398    1.9122179083133306e-09
399    1.905385838621313e-09
400    1.8985807431398836e-09
401    1.8918035538859737e-09
402    1.8850561375760894e-09
403    1.878340654107527e-09
404    1.8716594535502124e-09
405    1.8650149037887795e-09
406    1.8584093576068456e-09
407    1.8518450943216421e-09
408    1.8453242306119077e-09
409    1.8388462820585857e-09
410    1.8324079358989535e-09
411    1.8260058201594676e-09
412    1.8196366496463399e-09
413    1.813297114923711e-09
414    1.8069840019622138e-09
415    1.8006942659086014e-09
416    1.794427423924022e-09
417    1.7881953171957522e-09
418    1.7820132907039273e-09
419    1.7758962427760827e-09
420    1.7698586447832762e-09
421    1.7639145844851692e-09
422    1.7580779052024312e-09
423    1.7523584019449968e-09
424    1.7466819687673163e-09
425    1.7410132503470754e-09
426    1.7353560177954563e-09
427    1.729713709921555e-09
428    1.7240895796389677e-09
429    1.7184867682935978e-09
430    1.7129083375522961e-09
431    1.7073572716512473e-09
432    1.7018364772017407e-09
433    1.696348782845878e-09
434    1.69089693599335e-09
435    1.6854835804660624e-09
436    1.6801112489580795e-09
437    1.6747823889511904e-09
438    1.6694993981129774e-09
439    1.664264697688016e-09
440    1.6590806129423075e-09
441    1.6539484788323129e-09
442    1.648867283648197e-09
443    1.6438356319376306e-09
444    1.6388521566607185e-09
445    1.6339154734279495e-09
446    1.6290240677664167e-09
447    1.624176426664007e-09
448    1.619371069326232e-09
449    1.6146065453396899e-09
450    1.609881415178342e-09
451    1.6051941502548124e-09
452    1.600543193771867e-09
453    1.5959270155004186e-09
454    1.5913440426739604e-09
455    1.5867927084816158e-09
456    1.5822714197590227e-09
457    1.5777784985537242e-09
458    1.5733123286306867e-09
459    1.568871959267923e-09
460    1.5644570515720554e-09
461    1.5600672979898177e-09
462    1.5557024012609689e-09
463    1.5513620688729673e-09
464    1.547046012034971e-09
465    1.5427539454956886e-09
466    1.5384855557683245e-09
467    1.5342403906250397e-09
468    1.5300179537243936e-09
469    1.525817797122077e-09
470    1.521639510763666e-09
471    1.51748269538287e-09
472    1.5133469923445415e-09
473    1.50923205968861e-09
474    1.5051375405988184e-09
475    1.501063082177019e-09
476    1.497008355047304e-09
477    1.4929729611691886e-09
478    1.4889564170167723e-09
479    1.4849582404001369e-09
480    1.4809779561087354e-09
481    1.477015097990945e-09
482    1.473069210500842e-09
483    1.4691398454980078e-09
484    1.4652265615903681e-09
485    1.4613289236058336e-09
486    1.4574472139462642e-09
487    1.4535804732268914e-09
488    1.4497280476509406e-09
489    1.445889470739864e-09
490    1.4420642871839847e-09
491    1.4382520489836203e-09
492    1.434452316164627e-09
493    1.4306646589777532e-09
494    1.4268886688043546e-09
495    1.4231240631948356e-09
496    1.4193706224197406e-09
497    1.4156281008779757e-09
498    1.4118962858212817e-09
499    1.4081749996443339e-09
500    1.4044640610404081e-09
501    1.40076329196111e-09
502    1.397072517936588e-09
503    1.393391568113936e-09
504    1.389720275359387e-09
505    1.3860584566630759e-09
506    1.3824058756810378e-09
507    1.378762270981994e-09
508    1.3751274213435544e-09
509    1.371501357507726e-09
510    1.3678841896096521e-09
511    1.3642760270969903e-09
512    1.3606769784480647e-09
513    1.357087151239058e-09
514    1.3535066636224336e-09
515    1.349935656156327e-09
516    1.346374158404003e-09
517    1.342822060943051e-09
518    1.3392792501804926e-09
519    1.335745661531839e-09
520    1.3322213067518717e-09
521    1.328706206758349e-09
522    1.3252003802565062e-09
523    1.321703844996645e-09
524    1.318216610356086e-09
525    1.3147386839727955e-09
526    1.311270074170745e-09
527    1.3078107952112938e-09
528    1.3043608699193648e-09
529    1.3009203298143653e-09
530    1.2997716688116371e-09
531    1.2962064895606493e-09
532    1.2926621669824111e-09
533    1.2891380426110565e-09
534    1.2856334687972115e-09
535    1.2821478113649761e-09
536    1.278680459153401e-09
537    1.2752308603837356e-09
538    1.2717984917422256e-09
539    1.2683828340925254e-09
540    1.2649833758839427e-09
541    1.2615996124951636e-09
542    1.258231045350649e-09
543    1.2548771818104744e-09
544    1.2515375376312209e-09
545    1.2482116471064257e-09
546    1.244899054057926e-09
547    1.2415993077370797e-09
548    1.2383119631823517e-09
549    1.2350365904743656e-09
550    1.2317727834291198e-09
551    1.2285201633098153e-09
552    1.2252785058730749e-09
553    1.2216028550405453e-09
554    1.2184561852959446e-09
555    1.2153237096626229e-09
556    1.2122055203481547e-09
557    1.2091016980890643e-09
558    1.206012374361633e-09
559    1.2029377426138126e-09
560    1.1998779940754512e-09
561    1.1968334381188092e-09
562    1.193804678011746e-09
563    1.1907923450092892e-09
564    1.1877970455304785e-09
565    1.1848193692213089e-09
566    1.1818598898180215e-09
567    1.1789191656109322e-09
568    1.1759977386750863e-09
569    1.1730961317038326e-09
570    1.170214847434736e-09
571    1.1673542911121631e-09
572    1.1645138917429875e-09
573    1.1616924401534346e-09
574    1.1588887414556514e-09
575    1.1561016242276986e-09
576    1.153329933294386e-09
577    1.1505724877651278e-09
578    1.147828107924457e-09
579    1.1450956347842353e-09
580    1.1423739366239885e-09
581    1.1396619223033399e-09
582    1.1369597707592542e-09
583    1.1342711407794295e-09
584    1.1316002243718826e-09
585    1.1289511336055814e-09
586    1.1263278921513327e-09
587    1.1237344383974275e-09
588    1.121174630437723e-09
589    1.118652253388842e-09
590    1.1161710043836807e-09
591    1.113734464964037e-09
592    1.1113428821245142e-09
593    1.108964011813337e-09
594    1.1065869973835165e-09
595    1.104212552442379e-09
596    1.101841379184844e-09
597    1.0994741703796741e-09
598    1.0971116130502176e-09
599    1.0947543846502484e-09
