10  1.772786853372932e-08  2.1004689636829652e-09  5.353437241154524e-10
60  1.3294035373003083e-08  6.626332327432867e-10  5.358044010059672e-10
110  8.342915395511743e-09  3.1479342351812616e-10  5.362682400739477e-10
160  5.71569791248634e-09  1.839269164425354e-10  5.367352299138124e-10
210  4.265980036569176e-09  1.2337780923572333e-10  5.372053882477747e-10
260  3.298119802786619e-09  8.856980201515501e-11  5.376787053834135e-10
310  2.638090975011912e-09  6.717645885861175e-11  5.381552154406364e-10
360  2.171421203086789e-09  5.3193601791103315e-11  5.386348932205505e-10
410  1.817587587026875e-09  4.33493370645052e-11  5.391177710384197e-10
460  1.5486270208679817e-09  3.626581499469972e-11  5.39603828085046e-10
510  1.354271783233368e-09  3.124636591367734e-11  5.400931058684244e-10
560  1.1820318033271376e-09  2.7116570733290272e-11  5.405855693563067e-10
610  1.0460716139127066e-09  2.3939202491420562e-11  5.410812628578234e-10
660  9.485466744420793e-10  2.160822347071785e-11  5.415749659661885e-10
710  8.555819527806366e-10  1.9541349641273222e-11  5.420822584615393e-10
760  7.756460173977962e-10  1.7814617981641616e-11  5.425875647482367e-10
810  7.124939051054302e-10  1.643633949482812e-11  5.430961317500907e-10
860  6.559212198952655e-10  1.5239443862006243e-11  5.436079236971294e-10
910  6.05973218844676e-10  1.4204565200486124e-11  5.441229794229026e-10
960  5.63709762375603e-10  1.3327920090354853e-11  5.446412262701812e-10
1010  5.269130805549046e-10  1.2568721387752441e-11  5.451627531335632e-10
1060  4.93237339480845e-10  1.1889471607204056e-11  5.456875212276634e-10
1110  4.630524064318473e-10  1.1287063650519387e-11  5.462155938838589e-10
1160  4.3674707192499667e-10  1.0759272123305276e-11  5.467469227948133e-10
1210  4.1307790377987666e-10  1.0286915747165096e-11  5.472815765929001e-10
1260  3.912442509724877e-10  9.857286941144516e-12  5.478194902943297e-10
1310  3.713152586012173e-10  9.46782215455839e-12  5.483607394868764e-10
1360  3.533358778827126e-10  9.116058669849161e-12  5.489052763958632e-10
1410  3.369700351836696e-10  8.796062715866644e-12  5.494531577314863e-10
1460  3.218403612434228e-10  8.502019594115152e-12  5.50004335957017e-10
1510  3.0777880699541684e-10  8.230601398318033e-12  5.50558882329315e-10
1560  2.948065790376743e-10  7.980550795490172e-12  5.511167475072587e-10
1610  2.8287399739264824e-10  7.750090559127952e-12  5.516779790894451e-10
1660  2.7179787147445875e-10  7.536380583184375e-12  5.522425397319949e-10
1710  2.61417755738411e-10  7.33699769650482e-12  5.528105015032893e-10
1760  2.516914388017677e-10  7.15074210852172e-12  5.533817773549337e-10
1810  2.426122559937704e-10  6.9768230529329105e-12  5.539564143592847e-10
1860  2.3413027678518334e-10  6.814142299576959e-12  5.545342080128948e-10
1910  2.2615793061081873e-10  6.661366975373493e-12  5.55115632598058e-10
1960  2.1863319306456907e-10  6.517459278019264e-12  5.557002165271193e-10
2010  2.1152851115269024e-10  6.381742836804163e-12  5.562882467088921e-10
2060  2.04827197448436e-10  6.253675111360288e-12  5.568796729435817e-10
2110  1.9849564244212446e-10  6.132615599372482e-12  5.574745465712649e-10
2160  1.925022844414613e-10  6.017980461515546e-12  5.580728227160906e-10
2210  1.868110556932725e-10  5.909187558738418e-12  5.586745849945784e-10
2260  1.814013790566005e-10  5.8058095113395e-12  5.592797611031524e-10
2310  1.7625559895964382e-10  5.7074690058025475e-12  5.598884344426272e-10
2360  1.7136162739654114e-10  5.6138531277600135e-12  5.605005388987927e-10
2410  1.666983067960417e-10  5.524600470984355e-12  5.611161740941424e-10
2460  1.6224911905780325e-10  5.439401876790764e-12  5.617350664078617e-10
