10  1.7727872040466182e-08  2.1810600824397765e-09  1.2360659759596956e-09
510  1.3542719774329395e-09  8.577896825530123e-11  3.846226094411341e-09
1010  5.269129644768821e-10  1.7587261671280792e-10  1.4474516088528206e-08
1510  3.077788349373238e-10  3.761005422622395e-10  3.8914296779746134e-08
2010  2.1152854275909697e-10  7.529884635616595e-10  9.038396795152082e-08
2510  1.5814127958700467e-10  1.2843638976608026e-09  1.725188410893846e-07
3010  1.242203076062187e-10  2.0518616342452084e-09  3.019638918081215e-07
3510  1.0087765905531114e-10  3.0585828068533577e-09  4.861618476582367e-07
4010  8.391151412191803e-11  4.106327737752101e-09  6.976970522742301e-07
4510  7.10843154395425e-11  5.0564921663931246e-09  9.1115875029158e-07
