336    2.401524967557425e-09
337    2.39241485153216e-09
338    2.383301869216073e-09
339    2.3741875541600444e-09
340    2.3650713621230863e-09
341    2.3559515915396257e-09
342    2.3468270289120764e-09
343    2.337697001751962e-09
344    2.328561001390173e-09
345    2.319419816080916e-09
346    2.3102751158683637e-09
347    2.301128622618766e-09
348    2.262851993608588e-09
349    2.2550345464819744e-09
350    2.2472635346652144e-09
351    2.239535626369012e-09
352    2.2318475909867956e-09
353    2.224196318765942e-09
354    2.2165788423017608e-09
355    2.2089922292150553e-09
356    2.2014335749116606e-09
357    2.1938999301912573e-09
358    2.186388763164683e-09
359    2.1788985641944234e-09
360    2.1714280440197985e-09
361    2.163976413819095e-09
362    2.156543351863012e-09
363    2.1491280955800735e-09
364    2.1417289644296334e-09
365    2.134344145577864e-09
366    2.126971833514618e-09
367    2.1196102838481227e-09
368    2.112258420594061e-09
369    2.1049165113001833e-09
370    2.0975851008135624e-09
371    2.0902647159886725e-09
372    2.0829558470620103e-09
373    2.0684807459814396e-09
374    2.0599878293551396e-09
375    2.051552006621994e-09
376    2.0431746001489797e-09
377    2.034856821926298e-09
378    2.026599817251776e-09
379    2.018404469876118e-09
380    2.0102719142822255e-09
381    2.0022044706201475e-09
382    1.9942045506086806e-09
383    1.986274476731754e-09
384    1.9784164843505634e-09
385    1.9706323485413784e-09
386    1.962922719905306e-09
387    1.9552880265683096e-09
388    1.9477284617033775e-09
389    1.9402437661758273e-09
390    1.9328340154097994e-09
391    1.9255000353745427e-09
392    1.9182427685063e-09
393    1.911063132210139e-09
394    1.9039620068840977e-09
395    1.89694003649787e-09
396    1.8899970310400474e-09
397    1.8831324951428416e-09
398    1.897665479174278e-09
399    1.8908127651819163e-09
400    1.883989061418051e-09
401    1.8771954627217486e-09
402    1.870433065473513e-09
403    1.8637030695566443e-09
404    1.8570066658871007e-09
405    1.850345019470315e-09
406    1.843719256549857e-09
407    1.8371301574983088e-09
408    1.830578030091247e-09
409    1.8240632539128857e-09
410    1.8175861941541632e-09
411    1.8111471992020603e-09
412    1.8047469715710436e-09
413    1.7983869783856235e-09
414    1.7920687529473868e-09
415    1.7857939032578418e-09
416    1.7795640177157198e-09
417    1.7733798602218882e-09
418    1.767241169983682e-09
419    1.7611476570204623e-09
420    1.755099064817846e-09
421    1.7490951571718892e-09
422    1.7431362883227857e-09
423    1.737223044657755e-09
424    1.7313558981988184e-09
425    1.7255354337620016e-09
426    1.7197622317423775e-09
427    1.7140362358914956e-09
428    1.7083567867656074e-09
429    1.7027231875278424e-09
430    1.6971347746148744e-09
431    1.6915908639759667e-09
432    1.6860911038331581e-09
433    1.6806354192480214e-09
434    1.675223737848112e-09
435    1.669855983011411e-09
436    1.6645320568113928e-09
437    1.6592516846626631e-09
438    1.6540144839339962e-09
439    1.6488200671420345e-09
440    1.6436679931639585e-09
441    1.6385577294376357e-09
442    1.6334887322191145e-09
443    1.6284604551584496e-09
444    1.623472318883521e-09
445    1.6185235940139805e-09
446    1.613613583511869e-09
447    1.6087419608026247e-09
448    1.6039085214876388e-09
449    1.599113061351345e-09
450    1.5943553668258591e-09
451    1.5896349415710665e-09
452    1.584950612341455e-09
453    1.5803010453108688e-09
454    1.5756848818693338e-09
455    1.5711007860080138e-09
456    1.5665475676807006e-09
457    1.5620244114079267e-09
458    1.5575305822850862e-09
459    1.5530653892695148e-09
460    1.548628183911979e-09
461    1.5442184107556175e-09
462    1.5398353897855911e-09
463    1.5354783793908766e-09
464    1.531146651833408e-09
465    1.526839492002947e-09
466    1.5225561079794064e-09
467    1.5182955687867164e-09
468    1.5140570122844528e-09
469    1.5098399489032599e-09
470    1.5056440268257506e-09
471    1.5014692015883714e-09
472    1.4973157718643968e-09
473    1.4931838990393606e-09
474    1.4890737030185637e-09
475    1.4849852513827379e-09
476    1.4809180501745298e-09
477    1.4768708828398995e-09
478    1.472842519250971e-09
479    1.4688317749112714e-09
480    1.4648375151827685e-09
481    1.4608590381347794e-09
482    1.4568959774361188e-09
483    1.4529479493130887e-09
484    1.4490147390513944e-09
485    1.4450963187988732e-09
486    1.4411924679472716e-09
487    1.437302880113507e-09
488    1.433427614431227e-09
489    1.4295665381176367e-09
490    1.425718839829938e-09
491    1.421884309409723e-09
492    1.4241673494295643e-09
493    1.42019142501961e-09
494    1.4162265589286505e-09
495    1.4122721459904608e-09
496    1.4083276508284217e-09
497    1.4043931372899223e-09
498    1.4004690085813418e-09
499    1.3965556226868002e-09
500    1.3926532249301906e-09
501    1.3887621130173956e-09
502    1.384882498286783e-09
503    1.3810144793156082e-09
504    1.377158165338286e-09
505    1.37331366272467e-09
506    1.3694810740251381e-09
507    1.365660585015873e-09
508    1.3618524110156572e-09
509    1.3580565259670774e-09
510    1.3542728223144684e-09
511    1.3505011932195364e-09
512    1.346741508293032e-09
513    1.3429936201884662e-09
514    1.3392573857812862e-09
515    1.3355327314615287e-09
516    1.331819697046988e-09
517    1.328118315092892e-09
518    1.324428573686583e-09
519    1.3207504434024587e-09
520    1.317083894310894e-09
521    1.3117627946060664e-09
522    1.3082356949235532e-09
523    1.3047169055328941e-09
524    1.3012065960476784e-09
525    1.2977049469748492e-09
526    1.2942121829615086e-09
527    1.2907285397354119e-09
528    1.2872542645946056e-09
529    1.283789663391443e-09
530    1.2803349745378484e-09
531    1.2768903356196708e-09
532    1.273455874333569e-09
533    1.2700317152353557e-09
534    1.2666179677177247e-09
535    1.2632146013527445e-09
536    1.2598215001188007e-09
537    1.2564385929349865e-09
538    1.253065973937743e-09
539    1.2497038401412037e-09
540    1.2463525901995374e-09
541    1.243012714616984e-09
542    1.239684716271104e-09
543    1.2363691138668122e-09
544    1.23306633494418e-09
545    1.229776494567173e-09
546    1.2264995362341083e-09
547    1.2232353932498832e-09
548    1.21998404478694e-09
549    1.2167455250446419e-09
550    1.2135200304201036e-09
551    1.2103077923047084e-09
552    1.2071090293660467e-09
553    1.2039239665135967e-09
554    1.2007528406320417e-09
555    1.19759588294468e-09
556    1.194453320743229e-09
557    1.1913253771153833e-09
558    1.1882122763177521e-09
559    1.1851142062596396e-09
560    1.1820312894540205e-09
561    1.1789638031658967e-09
562    1.1759121085203584e-09
563    1.1728765574377495e-09
564    1.1698575071326363e-09
565    1.16685533759806e-09
566    1.1638704398778417e-09
567    1.1609031987647755e-09
568    1.1579539336396529e-09
569    1.1550227325377644e-09
570    1.1521095680112376e-09
571    1.1492143821583806e-09
572    1.1463371136546725e-09
573    1.1434776998344927e-09
574    1.1406360767382618e-09
575    1.1378121813681307e-09
576    1.135006065763603e-09
577    1.132217951022435e-09
578    1.129448056725259e-09
579    1.1266965822537976e-09
580    1.1239636825342082e-09
581    1.1212494720126493e-09
582    1.1185540566759287e-09
583    1.1158775186488348e-09
584    1.1132197387475202e-09
585    1.1105804756145347e-09
586    1.1079594891288136e-09
587    1.1053565412223114e-09
588    1.1027713958038233e-09
589    1.1002038299471104e-09
590    1.097653614707155e-09
591    1.0951204790556372e-09
592    1.0926042464036123e-09
593    1.0901047813768963e-09
594    1.0876219543794364e-09
595    1.0851556469281333e-09
596    1.0827057566872604e-09
597    1.080272176683889e-09
598    1.0778547315981083e-09
599    1.075453136444612e-09
600    1.0730669998949908e-09
601    1.0706959213039783e-09
602    1.0683394807902904e-09
603    1.0619814373897649e-09
604    1.0596563940593881e-09
605    1.0573492988251945e-09
606    1.0550598693253233e-09
607    1.0527878202579919e-09
608    1.050532857975209e-09
609    1.0482946883271204e-09
610    1.0460730543633867e-09
611    1.043867798753959e-09
612    1.0416787839224224e-09
613    1.0395058373781468e-09
614    1.0373487528724301e-09
615    1.0352073133425932e-09
616    1.033081298923669e-09
617    1.0309704925370745e-09
618    1.028874679826032e-09
619    1.0267936092050528e-09
620    1.0247267819885604e-09
621    1.0226736118219713e-09
622    1.0206335346626478e-09
623    1.0186060038722418e-09
624    1.0165904815038867e-09
625    1.0145864379762695e-09
626    1.0125933493342523e-09
627    1.0106106668091785e-09
628    1.0086378357607126e-09
629    1.0066744359314614e-09
630    1.0047201508758712e-09
631    1.0027746710516952e-09
632    1.0008376911529116e-09
633    9.989089063964198e-10
634    9.96988004216326e-10
635    9.950746732618584e-10
636    9.931686064647051e-10
637    9.91269499677466e-10
638    9.89376978252073e-10
639    9.874905587008348e-10
640    9.856097543814632e-10
641    9.83734086381303e-10
642    9.818630833006287e-10
643    9.799962809556452e-10
644    9.781332227004238e-10
645    9.762734674980904e-10
646    9.74416589305667e-10
647    9.725622000424014e-10
648    9.707100139865919e-10
649    9.688597685910245e-10
650    9.670112052406287e-10
651    9.651640694952996e-10
652    9.633181206430461e-10
653    9.614731342906846e-10
654    9.596288950358732e-10
655    9.577852349284621e-10
656    9.559420052702625e-10
657    9.54099009372296e-10
658    9.522560334108572e-10
659    9.504128670966984e-10
660    9.485693037198938e-10
661    9.467251401379948e-10
662    9.448801767652657e-10
663    9.43034217562966e-10
664    9.411870700306068e-10
665    9.393385461069017e-10
666    9.374884757240481e-10
667    9.35636703328053e-10
668    9.337830812004733e-10
669    9.319275204144632e-10
670    9.300699651899977e-10
671    9.282103978665561e-10
672    9.263488226003882e-10
673    9.244852443585884e-10
674    9.226196708864292e-10
675    9.207521964118107e-10
676    9.188830404170919e-10
677    9.170124301260651e-10
678    9.151405896660704e-10
679    9.132677400684455e-10
680    9.113940993044175e-10
681    9.095198823123407e-10
682    9.076453057243296e-10
683    9.057706189632707e-10
684    9.038960412484771e-10
685    9.020216541274438e-10
686    9.001475116193677e-10
687    8.982736672842092e-10
688    8.964001742259867e-10
689    8.945270929710092e-10
690    8.926545132666732e-10
691    8.907825229121043e-10
692    8.889111923508066e-10
693    8.870406088383344e-10
694    8.851709924464194e-10
695    8.833026159901878e-10
696    8.814357511690103e-10
697    8.795706833562903e-10
698    8.777077004054362e-10
699    8.758470856607396e-10
700    8.739891180492938e-10
701    8.721340721122724e-10
702    8.702822169862411e-10
703    8.684337298991395e-10
704    8.665887097288206e-10
705    8.647472514116101e-10
706    8.629094482876169e-10
707    8.610753923305938e-10
708    8.592451881389044e-10
709    8.574189610322077e-10
710    8.555968401800902e-10
711    8.537789757250843e-10
712    8.519655680817124e-10
713    8.501568871650588e-10
714    8.483531993892369e-10
715    8.465547495664721e-10
716    8.447617748852676e-10
717    8.429745082939141e-10
718    8.411931782878723e-10
719    8.394180086745559e-10
720    8.376492191074847e-10
721    8.358869993762756e-10
722    8.341314503962992e-10
723    8.323826531297949e-10
724    8.306406856594965e-10
725    8.289056200661293e-10
726    8.271775260463252e-10
727    8.254564802139102e-10
728    8.237425635826604e-10
729    8.220358584302939e-10
730    8.203364573220322e-10
731    8.186445165902086e-10
732    8.16960217960635e-10
733    8.152837397175094e-10
734    8.136152566141546e-10
735    8.119549396702369e-10
736    8.103029563200283e-10
737    8.086594682653631e-10
738    8.07024618152771e-10
739    8.05398518876424e-10
740    8.037811918613999e-10
741    8.021725851802768e-10
742    8.005726445267662e-10
743    7.989813156140185e-10
744    7.973985441749393e-10
745    7.958242763080136e-10
746    7.942584597965282e-10
747    7.927010429204873e-10
748    7.911519743195151e-10
749    7.896112304225371e-10
750    7.880788338456768e-10
751    7.865548106003675e-10
752    7.850391790336733e-10
753    7.853665876028453e-10
754    7.839603106473501e-10
755    7.825598424511661e-10
756    7.811651726669259e-10
757    7.797762924376763e-10
758    7.783931982507442e-10
759    7.770158961377089e-10
760    7.756443816117075e-10
761    7.742786013173817e-10
762    7.729184878890733e-10
763    7.715639589286904e-10
764    7.702149236908942e-10
765    7.688712711709785e-10
766    7.675328691522068e-10
767    7.661995827217107e-10
768    7.648712892466025e-10
769    7.635478846418614e-10
770    7.622292670941202e-10
771    7.609153346238578e-10
772    7.596059863415577e-10
773    7.58301124579245e-10
774    7.57000659913168e-10
775    7.557045053053163e-10
776    7.544125719238093e-10
777    7.531247682007917e-10
778    7.518409996094412e-10
779    7.505611674088542e-10
780    7.492851696730452e-10
781    7.480129056134278e-10
782    7.467442756287886e-10
783    7.454791808131623e-10
784    7.442175454176863e-10
785    7.429593384233592e-10
786    7.417045345282106e-10
787    7.404531088171383e-10
788    7.392050364403711e-10
789    7.379602925366089e-10
790    7.367188520566981e-10
791    7.354806829307836e-10
792    7.342457393364853e-10
793    7.330139747230716e-10
794    7.317853419078035e-10
795    7.305597588649436e-10
796    7.293371129224275e-10
797    7.281172917934777e-10
798    7.269001868067042e-10
799    7.256857191730987e-10
800    7.244738432954557e-10
801    7.23264521589312e-10
802    7.220577168425245e-10
803    7.20853389112401e-10
804    7.196514977393123e-10
805    7.184520085124773e-10
806    7.172549286318077e-10
807    7.160602605005492e-10
808    7.148679975057819e-10
809    7.136781329541117e-10
810    7.124906600843782e-10
811    7.113055720535347e-10
812    7.101228619546713e-10
813    7.089425228270349e-10
814    7.077645485929078e-10
815    7.065889369000255e-10
816    7.054156817778012e-10
817    7.042447488006686e-10
818    7.03076100899223e-10
819    7.01909697232719e-10
820    7.007454960411391e-10
821    6.995834514702806e-10
822    6.984235199829955e-10
823    6.972656617072129e-10
824    6.961098374247326e-10
825    6.949560084401514e-10
826    6.938041367394639e-10
827    6.926541996127769e-10
828    6.91506199609041e-10
829    6.903601438119156e-10
830    6.89216055176526e-10
831    6.880739629807015e-10
832    6.869338962151687e-10
833    6.857958838410514e-10
834    6.846599653748326e-10
835    6.835262026634933e-10
836    6.82394661099809e-10
837    6.812653922410968e-10
838    6.801383926376516e-10
839    6.790136313159576e-10
840    6.778910767974817e-10
841    6.767706979969212e-10
842    6.756524642053224e-10
843    6.745363450888347e-10
844    6.73422310548029e-10
845    6.7231035864794e-10
846    6.712005198541276e-10
847    6.700928259203292e-10
848    6.689873193117649e-10
849    6.678840907815487e-10
850    6.667832456533891e-10
851    6.656848909385642e-10
852    6.645891295712314e-10
853    6.634960170488498e-10
854    6.624055864613782e-10
855    6.613178702538939e-10
856    6.602329003083609e-10
857    6.591507079417171e-10
858    6.580713211138379e-10
859    6.569947498727362e-10
860    6.559209763223007e-10
861    6.54850010220745e-10
862    6.537818623572544e-10
863    6.527165213324508e-10
864    6.516539723407993e-10
865    6.505942008123419e-10
866    6.49537192384409e-10
867    6.484829331711232e-10
868    6.474314127552575e-10
869    6.463826251352131e-10
870    6.45336573831756e-10
871    6.44293278312389e-10
872    6.432527578750319e-10
873    6.422150304833546e-10
874    6.411801126244639e-10
875    6.401480187404367e-10
876    6.391187590506329e-10
877    6.38092358902221e-10
878    6.370688446993349e-10
879    6.360482381483783e-10
880    6.350305600773455e-10
881    6.340158373379001e-10
882    6.33004102178964e-10
883    6.319953884298321e-10
884    6.309897371117868e-10
885    6.299871906225002e-10
886    6.28987790244785e-10
887    6.279915764992494e-10
888    6.269985893012483e-10
889    6.260088678767092e-10
890    6.250224450530216e-10
891    6.24039339723213e-10
892    6.230595454942271e-10
893    6.220830446676811e-10
894    6.21109819499483e-10
895    6.201398522754749e-10
896    6.191731252902421e-10
897    6.182096209300494e-10
898    6.172493204595981e-10
899    6.162922014658599e-10
900    6.153382407152205e-10
901    6.1438741502604e-10
902    6.13439709729562e-10
903    6.124951458802518e-10
904    6.115537567727951e-10
905    6.106155778816872e-10
906    6.096806443371614e-10
907    6.087489910450616e-10
908    6.078206524716441e-10
909    6.068956624983348e-10
910    6.059740544181141e-10
911    6.050558609454031e-10
912    6.041411139681389e-10
913    6.032298208191606e-10
914    6.023219456376332e-10
915    6.014174483692368e-10
916    6.005162892751302e-10
917    5.996184285821689e-10
918    5.987238145780645e-10
919    5.978323780449709e-10
920    5.969440426311664e-10
921    5.960587303514158e-10
922    5.951763634840091e-10
923    5.942968670350368e-10
924    5.934202105582842e-10
925    5.9254640442017e-10
926    5.916754601940215e-10
927    5.908073889293301e-10
928    5.899422029025666e-10
929    5.890799173913568e-10
930    5.882205464401237e-10
931    5.873641038663438e-10
932    5.86510608131729e-10
933    5.856600826772019e-10
934    5.848125461823346e-10
935    5.839679800595617e-10
936    5.831263450509461e-10
937    5.822875944157199e-10
938    5.814516822139517e-10
939    5.806185673306464e-10
940    5.797882099204705e-10
941    5.789605705908112e-10
942    5.781356104125778e-10
943    5.773132909101269e-10
944    5.76493574013926e-10
945    5.756764273575806e-10
946    5.748618352228315e-10
947    5.740497832371569e-10
948    5.732402570449131e-10
949    5.724332424306567e-10
950    5.7162872533756e-10
951    5.708266917759505e-10
952    5.700271256834967e-10
953    5.692300072146943e-10
954    5.684353153323216e-10
955    5.676430296795889e-10
956    5.668531253839645e-10
957    5.660655693586976e-10
958    5.652803297991768e-10
959    5.644973803132334e-10
960    5.637166896320176e-10
961    5.62938222199442e-10
962    5.621619425363103e-10
963    5.613878153691826e-10
964    5.606158055105876e-10
965    5.598458781160451e-10
966    5.590779985389507e-10
967    5.583121286673448e-10
968    5.57548227193269e-10
969    5.567862531166616e-10
970    5.56026165654379e-10
971    5.552679236986548e-10
972    5.54511486427973e-10
973    5.537568141904711e-10
974    5.530038749347035e-10
975    5.522526387468484e-10
976    5.515030745764379e-10
977    5.507551537357417e-10
978    5.500088650558861e-10
979    5.492642093058644e-10
980    5.485211885627137e-10
981    5.477798058060232e-10
982    5.470400649659373e-10
983    5.463019698959459e-10
984    5.455655239976441e-10
985    5.448307304471283e-10
986    5.440975923680981e-10
987    5.433661125889061e-10
988    5.426362836162114e-10
989    5.419080702614408e-10
990    5.411814315814928e-10
991    5.40456326890998e-10
992    5.397327159062107e-10
993    5.390105587832168e-10
994    5.382898160905601e-10
995    5.375704487099129e-10
996    5.368524176115559e-10
997    5.36135683574893e-10
998    5.354202059729816e-10
999    5.347059536947801e-10
