336    2.3454156098212744e-09
337    2.336642567390546e-09
338    2.3279995636273445e-09
339    2.3194809289002007e-09
340    2.311080493738693e-09
341    2.3027922757179154e-09
342    2.2946105059821722e-09
343    2.2865295552991095e-09
344    2.278544147427945e-09
345    2.2706493244389495e-09
346    2.26284003279126e-09
347    2.255111531787259e-09
348    2.247459413110328e-09
349    2.23987902107087e-09
350    2.2323657195670303e-09
351    2.224915008899904e-09
352    2.217522524861523e-09
353    2.2101840554605257e-09
354    2.202895560052064e-09
355    2.195653058563222e-09
356    2.188452621557532e-09
357    2.1812902955427126e-09
358    2.1741625638047278e-09
359    2.1670669510936406e-09
360    2.160001217606277e-09
361    2.1529636368398918e-09
362    2.1459529607852065e-09
363    2.138967509922279e-09
364    2.1320046940150744e-09
365    2.1250617985337304e-09
366    2.1181361236179527e-09
367    2.111225037121773e-09
368    2.1043265826000317e-09
369    2.0974401546544504e-09
370    2.090565430214097e-09
371    2.0837020726840858e-09
372    2.0768497130528077e-09
373    2.0700074059229775e-09
374    2.0631735306562167e-09
375    2.056346618558614e-09
376    2.0495255632952805e-09
377    2.042709630430812e-09
378    2.0358985110266736e-09
379    2.0290922415702073e-09
380    2.0222908494185714e-09
381    2.015494339260945e-09
382    2.008702656539601e-09
383    2.001915222069823e-09
384    1.9951312089795823e-09
385    1.980407379590398e-09
386    1.972656430193685e-09
387    1.964980012307125e-09
388    1.9573783415998754e-09
389    1.949851181007329e-09
390    1.942398632682308e-09
391    1.9350215658567867e-09
392    1.927720968611728e-09
393    1.920497802656169e-09
394    1.9133529913795153e-09
395    1.906287216931381e-09
396    1.899300311942142e-09
397    1.8923917994826797e-09
398    1.885560772333647e-09
399    1.87880620054425e-09
400    1.872127199206505e-09
401    1.8655235606373324e-09
402    1.8589952738353814e-09
403    1.8525423040378218e-09
404    1.8461645695273828e-09
405    1.8544435448824949e-09
406    1.8479282959099843e-09
407    1.8414399061096008e-09
408    1.834978964690278e-09
409    1.8285461308594681e-09
410    1.8221420474945914e-09
411    1.8157673385523934e-09
412    1.8094229800264592e-09
413    1.8031107104715232e-09
414    1.7968323320315592e-09
415    1.790589718824679e-09
416    1.7843847224833105e-09
417    1.7782183669538039e-09
418    1.7720906481236473e-09
419    1.7660015294693e-09
420    1.7599510046402928e-09
421    1.753939084236426e-09
422    1.7479663664734076e-09
423    1.7420336788084425e-09
424    1.7361417306660614e-09
425    1.7302913405324469e-09
426    1.724483318689725e-09
427    1.7187178348863938e-09
428    1.7129944517827743e-09
429    1.7073126908081546e-09
430    1.7016721028235213e-09
431    1.6960722143491858e-09
432    1.6905128802000338e-09
433    1.684994228052634e-09
434    1.6795163842299684e-09
435    1.6740794668905582e-09
436    1.6686835689605157e-09
437    1.6633286026080325e-09
438    1.6580143679771591e-09
439    1.6527406565205742e-09
440    1.6475072022309973e-09
441    1.642313643882728e-09
442    1.6371596054169122e-09
443    1.6320447044866487e-09
444    1.6269685220253592e-09
445    1.6219304852986316e-09
446    1.6169300502793062e-09
447    1.6119670397220938e-09
448    1.6070413949756182e-09
449    1.6021530540671354e-09
450    1.5973019422151785e-09
451    1.5924876984256758e-09
452    1.5877092813200392e-09
453    1.5829654856051126e-09
454    1.5782550779366938e-09
455    1.5735768444037874e-09
456    1.5689297138165634e-09
457    1.5643129860983326e-09
458    1.5597260386733778e-09
459    1.5551682898855308e-09
460    1.5506391977902923e-09
461    1.5461383106800458e-09
462    1.5416650496266115e-09
463    1.5372187714107482e-09
464    1.5327988440400768e-09
465    1.5284046455658853e-09
466    1.5240354748835245e-09
467    1.51969048967483e-09
468    1.5153689140975662e-09
469    1.5110703426307916e-09
470    1.5067945052424004e-09
471    1.5025414368348354e-09
472    1.4983115130181164e-09
473    1.4941049699659998e-09
474    1.489922000299047e-09
475    1.4857627423104967e-09
476    1.4816267710337498e-09
477    1.477512937200472e-09
478    1.4734200761504141e-09
479    1.469347067095141e-09
480    1.465292837383255e-09
481    1.461256737647135e-09
482    1.4572383833299742e-09
483    1.4532373353830064e-09
484    1.4492533246323587e-09
485    1.4581105799970597e-09
486    1.454023030882746e-09
487    1.449945615850092e-09
488    1.4458790729629036e-09
489    1.4418241297622795e-09
490    1.437781429546548e-09
491    1.433751425480255e-09
492    1.429733836473908e-09
493    1.4257280373088142e-09
494    1.4217334127794876e-09
495    1.4177493597665883e-09
496    1.4137753446703014e-09
497    1.4098114286519505e-09
498    1.4058580095486695e-09
499    1.4019154398975684e-09
500    1.3979839595324521e-09
501    1.394063861056927e-09
502    1.3901553561659574e-09
503    1.3862585475472104e-09
504    1.3823735485675911e-09
505    1.3785004696765488e-09
506    1.3746394174547444e-09
507    1.3707905816890944e-09
508    1.3669541816376726e-09
509    1.3543281741009137e-09
510    1.3506830719090747e-09
511    1.3470483893738488e-09
512    1.3434242711468182e-09
513    1.3398108615299504e-09
514    1.3362083040545269e-09
515    1.3326164251624107e-09
516    1.3290348955569795e-09
517    1.3254634013827523e-09
518    1.3219016631658195e-09
519    1.3183494362858603e-09
520    1.3148064925229898e-09
521    1.3112726225172074e-09
522    1.3077477046529878e-09
523    1.3042318457183015e-09
524    1.3007251904410397e-09
525    1.2972278922590852e-09
526    1.2937401464331126e-09
527    1.2902621596760959e-09
528    1.2867941507719534e-09
529    1.2833363982966605e-09
530    1.2798891263203593e-09
531    1.27645246859123e-09
532    1.2730265492967662e-09
533    1.2696114894966295e-09
534    1.2662073906869184e-09
535    1.262814164132892e-09
536    1.2594316043791444e-09
537    1.2560595520226036e-09
538    1.2526980145178806e-09
539    1.249347127391225e-09
540    1.246007421569212e-09
541    1.242679611326908e-09
542    1.2393644197591498e-09
543    1.2360625816582437e-09
544    1.2327746610115711e-09
545    1.2295004549450458e-09
546    1.2262394276602463e-09
547    1.222991041557977e-09
548    1.2197548134540097e-09
549    1.21653057099267e-09
550    1.2133194043807081e-09
551    1.2101227263448834e-09
552    1.2069419154447716e-09
553    1.2037783357668379e-09
554    1.2006344919714956e-09
555    1.1975166408772004e-09
556    1.1944317179128682e-09
557    1.1913865506075744e-09
558    1.18838785775028e-09
559    1.1854343149581e-09
560    1.1825048427279813e-09
561    1.1795757817762556e-09
562    1.1766238794888038e-09
563    1.1736263402808266e-09
564    1.1705709524523164e-09
565    1.167464963227579e-09
566    1.1643177350122012e-09
567    1.1611385237360584e-09
568    1.1579363799212216e-09
569    1.1547199504861058e-09
570    1.1514975696378274e-09
571    1.1482773258499674e-09
572    1.1450670774069419e-09
573    1.1418744491840176e-09
574    1.1387068331818024e-09
575    1.13557139666551e-09
576    1.132475207157886e-09
577    1.1294253020293208e-09
578    1.1264285377965872e-09
579    1.123491595392439e-09
580    1.120620983679987e-09
581    1.1178230748315793e-09
582    1.1151041712569485e-09
583    1.1124705285442052e-09
584    1.1099282197783936e-09
585    1.10748325997639e-09
586    1.1051417784580202e-09
587    1.1029075753645583e-09
588    1.095918271056535e-09
589    1.088691253468469e-09
590    1.081420958739316e-09
591    1.0946927172536233e-09
592    1.0927142315080285e-09
593    1.0907378993974213e-09
594    1.0887635788987063e-09
595    1.0867912364128126e-09
596    1.0848208676925048e-09
597    1.0828524700950653e-09
598    1.0808859782059572e-09
599    1.0789212223082124e-09
600    1.0769579314951158e-09
601    1.0749958305027843e-09
602    1.0730346295884534e-09
603    1.0710740447830407e-09
604    1.0691138037567915e-09
605    1.067153645495832e-09
606    1.0651933259737458e-09
607    1.0632326945438686e-09
608    1.0612716692131926e-09
609    1.059310175687855e-09
610    1.0573481456529282e-09
611    1.0379388090343466e-09
612    1.0534222303802689e-09
613    1.0514582530718674e-09
614    1.049493532554704e-09
615    1.0475278665867583e-09
616    1.0455610148326631e-09
617    1.0435927456331752e-09
618    1.041622819187416e-09
619    1.0396509820007148e-09
620    1.0376769880245528e-09
621    1.0357006002461572e-09
622    1.0337216266835083e-09
623    1.031739953645956e-09
624    1.0297554820481247e-09
625    1.0277681132697971e-09
626    1.0257777320759487e-09
627    1.0237842286829183e-09
628    1.0217874998317323e-09
629    1.019787462935828e-09
630    1.017784095697102e-09
631    1.015777404710116e-09
632    1.0137674001244982e-09
633    1.0117541015919389e-09
634    1.0097375804612223e-09
635    1.0077179312198312e-09
636    1.0056952493052457e-09
637    1.0036696119390305e-09
638    1.0016409812971316e-09
639    9.99609269522534e-10
640    9.975743901461374e-10
641    9.9553625879859e-10
642    9.934947940458794e-10
643    9.914499175259745e-10
644    9.894015294307479e-10
645    9.873495243214161e-10
646    9.85293952039464e-10
647    9.832349115581242e-10
648    9.811725054509697e-10
649    9.791068358358048e-10
650    9.770380043860993e-10
651    9.749661141129242e-10
652    9.728912670244864e-10
653    9.708134282937343e-10
654    9.687324594945534e-10
655    9.666483466775338e-10
656    9.645612764701643e-10
657    9.624714506570959e-10
658    9.603790644243262e-10
659    9.582843050432754e-10
660    9.561873927676882e-10
661    9.540887780462981e-10
662    9.519889963909879e-10
663    9.498885780810165e-10
664    9.477880547615875e-10
665    9.456879447537888e-10
666    9.435886454226377e-10
667    9.414904659199476e-10
668    9.393936829004332e-10
669    9.372984138731287e-10
670    9.352047495296346e-10
671    9.331127787187178e-10
672    9.31022588279815e-10
673    9.289342626503503e-10
674    9.268478841575255e-10
675    9.247635354170848e-10
676    9.226813712422639e-10
677    9.206017011188432e-10
678    9.185248702683599e-10
679    9.164512076132536e-10
680    9.143810280654092e-10
681    9.12314655641958e-10
682    9.102524324755845e-10
683    9.08194692126826e-10
684    9.061417246482383e-10
685    9.040937976283967e-10
686    9.020511732065622e-10
687    9.000140984248295e-10
688    8.979827818976113e-10
689    8.959574208026277e-10
690    8.939382081635325e-10
691    8.919253254570116e-10
692    8.899189289668087e-10
693    8.879191676288688e-10
694    8.859261870467224e-10
695    8.839401357683787e-10
696    8.819611698491403e-10
697    8.799894393516162e-10
698    8.780250720993215e-10
699    8.760682226311957e-10
700    8.74119096796576e-10
701    8.721778993284818e-10
702    8.702448246876941e-10
703    8.683200577456941e-10
704    8.664037794217497e-10
705    8.644961668045724e-10
706    8.625973820301615e-10
707    8.607074870845914e-10
708    8.588264963198327e-10
709    8.56954456746578e-10
710    8.550914482160084e-10
711    8.532375500735954e-10
712    8.513928394208485e-10
713    8.495573911049252e-10
714    8.477312947967853e-10
715    8.459146862892257e-10
716    8.441077060553368e-10
717    8.423104915871665e-10
718    8.405231862735609e-10
719    8.387459337595838e-10
720    8.369787898023439e-10
721    8.352217696595428e-10
722    8.334748743029753e-10
723    8.317380844185084e-10
724    8.300113757977477e-10
725    8.282947162638503e-10
726    8.265880703714184e-10
727    8.248914035971584e-10
728    8.232046824803187e-10
729    8.215278705833211e-10
730    8.198609167982034e-10
731    8.182038028922678e-10
732    8.165564812609326e-10
733    8.149188475316819e-10
734    8.132907918664468e-10
735    8.116722071911564e-10
736    8.100629878093831e-10
737    8.084630468427301e-10
738    8.068723930214773e-10
739    8.052910684259988e-10
740    8.037191151497432e-10
741    8.021565505559575e-10
742    8.006033508470656e-10
743    7.990594883513241e-10
744    7.975249344070674e-10
745    7.959995928676337e-10
746    7.944832653353885e-10
747    7.929757464310525e-10
748    7.914768290488964e-10
749    7.899862952028607e-10
750    7.885039232566013e-10
751    7.8702948251802e-10
752    7.855627636398427e-10
753    7.841036640323964e-10
754    7.826521405144791e-10
755    7.81208151407558e-10
756    7.776839496324839e-10
757    7.749474791178254e-10
758    7.722649277300316e-10
759    7.69634766563397e-10
760    7.670555350925856e-10
761    7.645258306571306e-10
762    7.620443086724789e-10
763    7.596096797901261e-10
764    7.572207016856236e-10
765    7.548761713940353e-10
766    7.658079988759295e-10
767    7.644496611377973e-10
768    7.630976809290603e-10
769    7.617519290174344e-10
770    7.604122787825774e-10
771    7.590786037719924e-10
772    7.57750778951034e-10
773    7.564286828284358e-10
774    7.551122024731071e-10
775    7.538012276497587e-10
776    7.524956466317461e-10
777    7.511953452540169e-10
778    7.499002066862786e-10
779    7.486101101726563e-10
780    7.473249320555552e-10
781    7.460445500931078e-10
782    7.447688435042295e-10
783    7.434976924713738e-10
784    7.422310005964571e-10
785    7.409687164701076e-10
786    7.397107946548098e-10
787    7.384571903503429e-10
788    7.372078590679355e-10
789    7.35962756549192e-10
790    7.347218385856523e-10
791    7.33485054182801e-10
792    7.322523388251653e-10
793    7.310236274950796e-10
794    7.297988547650524e-10
795    7.285779205830797e-10
796    7.273606944657094e-10
797    7.261470465261208e-10
798    7.249368507007388e-10
799    7.237300110122572e-10
800    7.225264648758108e-10
801    7.213261579171577e-10
802    7.201290363291165e-10
803    7.189350437655994e-10
804    7.177441233521999e-10
805    7.16556224849013e-10
806    7.153713396087282e-10
807    7.141894543623988e-10
808    7.130105470004441e-10
809    7.11834595507419e-10
810    7.106615779720646e-10
811    7.094914725705909e-10
812    7.08324257582157e-10
813    7.071599113964376e-10
814    7.059984134543102e-10
815    7.048397470956074e-10
816    7.036838922006812e-10
817    7.025308003495302e-10
818    7.013804206307202e-10
819    7.002326985117035e-10
820    6.990875786887584e-10
821    6.979450019081993e-10
822    6.968049113389192e-10
823    6.956672539204944e-10
824    6.945319773858704e-10
825    6.933990301298742e-10
826    6.922683613659463e-10
827    6.911399357470152e-10
828    6.900137433184424e-10
829    6.88889778824351e-10
830    6.877680532239538e-10
831    6.866485840116682e-10
832    6.855313885177387e-10
833    6.844164841639181e-10
834    6.833038990468989e-10
835    6.821936837119656e-10
836    6.810858923661331e-10
837    6.799805651876921e-10
838    6.788776866762214e-10
839    6.777772138089111e-10
840    6.766791031838797e-10
841    6.75583311916964e-10
842    6.74489797623416e-10
843    6.733985184152689e-10
844    6.723094328339069e-10
845    6.712225296981262e-10
846    6.701378324800977e-10
847    6.690553661136238e-10
848    6.67975166307205e-10
849    6.668973171197797e-10
850    6.658219172428002e-10
851    6.6474906711663e-10
852    6.636788623780918e-10
853    6.626113452286697e-10
854    6.615465327842744e-10
855    6.60484441674114e-10
856    6.594250881365767e-10
857    6.583684880155772e-10
858    6.573146539668751e-10
859    6.562635809060128e-10
860    6.552152411159599e-10
861    6.541696497122325e-10
862    6.531268255109902e-10
863    6.520867650310067e-10
864    6.510494612772197e-10
865    6.500149073836902e-10
866    6.489830965866289e-10
867    6.479540234964889e-10
868    6.469277203680903e-10
869    6.459042653259365e-10
870    6.448837475801013e-10
871    6.438662712700867e-10
872    6.428519393639783e-10
873    6.41840852510349e-10
874    6.408331089135611e-10
875    6.39828775002418e-10
876    6.388276534356941e-10
877    6.37829427441083e-10
878    6.368337839389231e-10
879    6.358404090100662e-10
880    6.348489916847967e-10
881    6.33859230827648e-10
882    6.328708345199565e-10
883    6.318836019353457e-10
884    6.308976304606721e-10
885    6.299130788517533e-10
886    6.289301035129455e-10
887    6.279488588442789e-10
888    6.269694973946159e-10
889    6.146963584442236e-10
890    6.140324035022598e-10
891    6.1337001090049e-10
892    6.127091651419387e-10
893    6.120498349238278e-10
894    6.113919871252074e-10
895    6.107355956294703e-10
896    6.100806437766202e-10
897    6.094270751435898e-10
898    6.087747563590982e-10
899    6.081235459529422e-10
900    6.074733054794092e-10
901    6.068238973981899e-10
902    6.061751842081935e-10
903    6.05527028748502e-10
904    6.048792942269705e-10
905    6.04231844118447e-10
906    6.035845644592419e-10
907    6.029374166926991e-10
908    6.022903791791685e-10
909    6.0164342902546e-10
910    6.009965421159739e-10
911    6.003496931426785e-10
912    5.997028556359586e-10
913    5.990560026884577e-10
914    5.984091131995026e-10
915    5.97762164564097e-10
916    5.971151026365241e-10
917    5.964678567132677e-10
918    5.958203554266973e-10
919    5.951725253004013e-10
920    5.945242675969502e-10
921    5.938754604129601e-10
922    5.932259812761169e-10
923    5.946911435538302e-10
924    5.938421040310089e-10
925    5.929960601693841e-10
926    5.9215272845905e-10
927    5.91311829390674e-10
928    5.904731936477736e-10
929    5.896368282122056e-10
930    5.888027545585764e-10
931    5.879709938803435e-10
932    5.871415719612555e-10
933    5.863145195105921e-10
934    5.85489862422859e-10
935    5.846675892722695e-10
936    5.838476679097693e-10
937    5.8303005865084e-10
938    5.822147225594329e-10
939    5.814016254723279e-10
940    5.805907344441278e-10
941    5.797820169305774e-10
942    5.789754407996323e-10
943    5.781709743216476e-10
944    5.773685861223064e-10
945    5.765682504799111e-10
946    5.75769958270649e-10
947    5.749737016664545e-10
948    5.741794728064206e-10
949    5.73387263920383e-10
950    5.725970673476003e-10
951    5.718088754455611e-10
952    5.71022678450435e-10
953    5.70238462766822e-10
954    5.694562135594748e-10
955    5.686759166257106e-10
956    5.678975531995061e-10
957    5.67121096253281e-10
958    5.66346519994522e-10
959    5.65573803996352e-10
960    5.648029229086688e-10
961    5.640338470478516e-10
962    5.632665467611556e-10
963    5.625009925558365e-10
964    5.617371549796302e-10
965    5.609750048780339e-10
966    5.602145132494533e-10
967    5.594556475822383e-10
968    5.586983721242909e-10
969    5.579426513872314e-10
970    5.571884500556743e-10
971    5.564357324459491e-10
972    5.556844631172331e-10
973    5.549346077552128e-10
974    5.541861396031065e-10
975    5.53439033999128e-10
976    5.526932651024751e-10
977    5.519488093929696e-10
978    5.512056608274331e-10
979    5.50463825258952e-10
980    5.497233098073086e-10
981    5.489841224537478e-10
982    5.482462720892277e-10
983    5.475097674874709e-10
984    5.467746169299681e-10
985    5.460408284326325e-10
986    5.453084099191496e-10
987    5.445773689782786e-10
988    5.43847702837755e-10
989    5.431193809910002e-10
990    5.423923671380763e-10
991    5.416666251981904e-10
992    5.409421194538357e-10
993    5.402188145892434e-10
994    5.39496675663255e-10
995    5.38775668010239e-10
996    5.380557570158106e-10
997    5.373369078375915e-10
998    5.366190841899835e-10
999    5.359022592666531e-10
