348    2.370417417848324e-09
349    2.362769790378925e-09
350    2.3551386672408326e-09
351    2.34752170150586e-09
352    2.339915675788606e-09
353    2.3323174402115393e-09
354    2.3247239308608363e-09
355    2.317132167934733e-09
356    2.3095396054521903e-09
357    2.3019452384047845e-09
358    2.294348590625831e-09
359    2.2867494924697138e-09
360    2.279147831112282e-09
361    2.2715435377898907e-09
362    2.2639362453156915e-09
363    2.2563251076120406e-09
364    2.2487092567776085e-09
365    2.241087855941583e-09
366    2.23346021819269e-09
367    2.225825876914842e-09
368    2.2181841878183138e-09
369    2.2105351147822306e-09
370    2.202878898962813e-09
371    2.1952157849884128e-09
372    2.187546024049214e-09
373    2.1798700789768832e-09
374    2.172189141228901e-09
375    2.164504550190856e-09
376    2.156817622093168e-09
377    2.1491296511841164e-09
378    2.1414419224005558e-09
379    2.133755078955385e-09
380    2.1260686062987407e-09
381    2.118382024969641e-09
382    2.1106952421678527e-09
383    2.1030082583560487e-09
384    2.0953210282982872e-09
385    2.0876344635668224e-09
386    2.0799500208882436e-09
387    2.0722691338717996e-09
388    2.064593215730705e-09
389    2.056923985921297e-09
390    2.0492632807506256e-09
391    2.041612023726073e-09
392    2.0339709302442937e-09
393    2.0263406961954507e-09
394    2.018721998530605e-09
395    2.0111155066717177e-09
396    2.0035223010927888e-09
397    1.9959441810800403e-09
398    1.9883831001759027e-09
399    1.9808410234631785e-09
400    1.9733200332235525e-09
401    1.9658221647147234e-09
402    1.95834905095826e-09
403    1.95090209106934e-09
404    1.943482504746213e-09
405    1.9360913585263433e-09
406    1.9287296753849323e-09
407    1.9213984726636064e-09
408    1.9140988252315414e-09
409    1.9068317886999724e-09
410    1.8995984012622125e-09
411    1.8923996696892665e-09
412    1.885236677854966e-09
413    1.8781112701425513e-09
414    1.8710259607872304e-09
415    1.8639832209308465e-09
416    1.8569854411809159e-09
417    1.8500349338463389e-09
418    1.8431338132106468e-09
419    1.8362832034778817e-09
420    1.829483608393323e-09
421    1.8227354026418958e-09
422    1.8160389396137589e-09
423    1.80939454991529e-09
424    1.8028028680832928e-09
425    1.796265362505489e-09
426    1.7897835901911962e-09
427    1.7833590867284951e-09
428    1.7769934793761216e-09
429    1.7706883490643356e-09
430    1.764444429306328e-09
431    1.7784212352959007e-09
432    1.7725394591541367e-09
433    1.7666723735034646e-09
434    1.7608209964282255e-09
435    1.7549863974226788e-09
436    1.7491697362447141e-09
437    1.74337214830117e-09
438    1.737594498972316e-09
439    1.7318372749600863e-09
440    1.7261009531706236e-09
441    1.7203859924127088e-09
442    1.7146928234520358e-09
443    1.7090218764441835e-09
444    1.7033737985839839e-09
445    1.6977493788938047e-09
446    1.6921493978703826e-09
447    1.6865746151722952e-09
448    1.681025769214877e-09
449    1.6755036386925825e-09
450    1.6700091329607023e-09
451    1.6645433412160743e-09
452    1.6591073377704652e-09
453    1.6537020641036176e-09
454    1.6483283470986796e-09
455    1.6429866110725817e-09
456    1.6376771117362226e-09
457    1.6324000209292503e-09
458    1.6271553520140741e-09
459    1.6219431015783368e-09
460    1.6167636031025498e-09
461    1.61161756347106e-09
462    1.6065056391984282e-09
463    1.6014285621513058e-09
464    1.5963871100086873e-09
465    1.5913819152265328e-09
466    1.5864128505703913e-09
467    1.5814795169022598e-09
468    1.5765815187817957e-09
469    1.5717184230512631e-09
470    1.5668897068562055e-09
471    1.5620953931545215e-09
472    1.5573361943810464e-09
473    1.5526127154364164e-09
474    1.5479255071713603e-09
475    1.5432751033820145e-09
476    1.5386618953110007e-09
477    1.5340856336893293e-09
478    1.5295457578256053e-09
479    1.5250416276084841e-09
480    1.5205726109134517e-09
481    1.516138104467017e-09
482    1.5117378009001265e-09
483    1.5073716682660075e-09
484    1.5030396842256586e-09
485    1.4987418217551412e-09
486    1.4944779626810382e-09
487    1.4902477247682436e-09
488    1.4860504474979362e-09
489    1.481885380838642e-09
490    1.4777517861830333e-09
491    1.473648937309777e-09
492    1.4695761185486517e-09
493    1.4655325704010387e-09
494    1.4615175013268566e-09
495    1.4575303640212248e-09
496    1.4535708269205347e-09
497    1.449638568303898e-09
498    1.4457332560927493e-09
499    1.4418547290353045e-09
500    1.4380029071338179e-09
501    1.4341777506155324e-09
502    1.4303792219286192e-09
503    1.4266071865164966e-09
504    1.4228609366713018e-09
505    1.4191394551310036e-09
506    1.4154417348685947e-09
507    1.4117667873041704e-09
508    1.4081136420537491e-09
509    1.4044814235126204e-09
510    1.4008694306186716e-09
511    1.3972769469447935e-09
512    1.3937034030435663e-09
513    1.3901483979653412e-09
514    1.3866115407058401e-09
515    1.3830923788284673e-09
516    1.379590417356657e-09
517    1.3761051691874428e-09
518    1.372636164727999e-09
519    1.3691829634719223e-09
520    1.3657451477144467e-09
521    1.3623224083670792e-09
522    1.3589144148141231e-09
523    1.3555207941805626e-09
524    1.3521411785496254e-09
525    1.3487752338531649e-09
526    1.3454229420986345e-09
527    1.3420844829886388e-09
528    1.3387600300187995e-09
529    1.335449609395894e-09
530    1.332153059236816e-09
531    1.328870018583981e-09
532    1.3255997067381648e-09
533    1.3223412946191407e-09
534    1.3190939445554028e-09
535    1.3158568248865109e-09
536    1.3126291483386741e-09
537    1.3094105020992807e-09
538    1.306200874940928e-09
539    1.3030003390542017e-09
540    1.2998089916477603e-09
541    1.3024729381535178e-09
542    1.2991181872593279e-09
543    1.2957712723547152e-09
544    1.2924326169767973e-09
545    1.2891026503312944e-09
546    1.2857818076667939e-09
547    1.2824705411748214e-09
548    1.2791692239961084e-09
549    1.2758776844394438e-09
550    1.2725955819998807e-09
551    1.269322693036628e-09
552    1.2660588044637006e-09
553    1.262803655184154e-09
554    1.2595570886559231e-09
555    1.2563194215187656e-09
556    1.253091044335198e-09
557    1.2498723401716539e-09
558    1.2466636847380105e-09
559    1.2434654400391089e-09
560    1.2402777955395145e-09
561    1.2371007618758228e-09
562    1.2339343406978935e-09
563    1.2307784798560427e-09
564    1.227632969202942e-09
565    1.2244976121390404e-09
566    1.221372399091912e-09
567    1.218257406647177e-09
568    1.2151527176745993e-09
569    1.2120584130313876e-09
570    1.2089745728910511e-09
571    1.205901270987001e-09
572    1.202838566565984e-09
573    1.1997865095794118e-09
574    1.196745112917802e-09
575    1.1937143735655747e-09
576    1.1902412990813864e-09
577    1.187333331187037e-09
578    1.1844322780100345e-09
579    1.1815379141633992e-09
580    1.178650140504338e-09
581    1.1757690691066207e-09
582    1.1728948868031913e-09
583    1.1700277912867332e-09
584    1.167167991042668e-09
585    1.1643156979987067e-09
586    1.161471135780262e-09
587    1.1586345324565267e-09
588    1.1558061016157281e-09
589    1.1529859389680995e-09
590    1.150174058680212e-09
591    1.1473704841923581e-09
592    1.1445752958500784e-09
593    1.141788587742179e-09
594    1.1390104411152418e-09
595    1.1362409496044254e-09
596    1.1334802132404654e-09
597    1.1307282744059809e-09
598    1.1279851842530616e-09
599    1.1252510051179039e-09
600    1.1225257964035318e-09
601    1.1198096146382937e-09
602    1.1171025601350395e-09
603    1.114404892258919e-09
604    1.1117169017498117e-09
605    1.1090389075421129e-09
606    1.1063712107045176e-09
607    1.1037140618200147e-09
608    1.1010675622865831e-09
609    1.0984316943833357e-09
610    1.095806446155579e-09
611    1.0916966241354633e-09
612    1.0890684838975862e-09
613    1.0864506026327243e-09
614    1.083842861608383e-09
615    1.081245421169842e-09
616    1.0786585188913975e-09
617    1.0760822376161107e-09
618    1.0735166139880812e-09
619    1.0709616842497688e-09
620    1.068417498464741e-09
621    1.0658841159770005e-09
622    1.0633617028772312e-09
623    1.0608506074364506e-09
624    1.0583511963678803e-09
625    1.055863941350695e-09
626    1.0533893915520803e-09
627    1.05092802578011e-09
628    1.0484800550693755e-09
629    1.046045540792411e-09
630    1.0436245394755746e-09
631    1.0412171055044274e-09
632    1.0388232911483098e-09
633    1.036443184842657e-09
634    1.0340770271315217e-09
635    1.031724995196854e-09
636    1.0293871085200496e-09
637    1.0270633722249346e-09
638    1.024753790896706e-09
639    1.0224583692855546e-09
640    1.02017711276271e-09
641    1.017910025315165e-09
642    1.0156570699162603e-09
643    1.013418161550236e-09
644    1.0111932092875648e-09
645    1.0089821209719266e-09
646    1.0067849311393935e-09
647    1.0046017016445783e-09
648    1.002432464136998e-09
649    1.0002772320249159e-09
650    9.981360256165513e-10
651    9.960088938540392e-10
652    9.938958908074014e-10
653    9.917970687986982e-10
654    9.897124784172397e-10
655    9.876421598798481e-10
656    9.85586092056962e-10
657    9.83544209666471e-10
658    9.81516394210978e-10
659    9.79502518915393e-10
660    9.77502458479495e-10
661    9.755160890356014e-10
662    9.735432881362915e-10
663    9.715839348976911e-10
664    9.69637909876186e-10
665    9.677050927837649e-10
666    9.657853283085851e-10
667    9.638784325432768e-10
668    9.619842173067192e-10
669    9.601024895710913e-10
670    9.58233067128499e-10
671    9.563757741760872e-10
672    9.545304321511292e-10
673    9.52696826487668e-10
674    9.508747275843946e-10
675    9.49063909255272e-10
676    9.472641834961003e-10
677    9.45475419728578e-10
678    9.436974837054214e-10
679    9.419302392519734e-10
680    9.40173551494355e-10
681    9.384272868656242e-10
682    9.366913130889787e-10
683    9.349655018267539e-10
684    9.33249733669047e-10
685    9.315438916739201e-10
686    9.29847805757792e-10
687    9.281611267702356e-10
688    9.264834522416515e-10
689    9.248143577283648e-10
690    9.231534223022568e-10
691    9.215002313364567e-10
692    9.198543790862706e-10
693    9.182154674451253e-10
694    9.165831053393212e-10
695    9.149569147663963e-10
696    9.133365398659355e-10
697    9.117217318209908e-10
698    9.101122897480695e-10
699    9.085080154635936e-10
700    9.069087132666687e-10
701    9.053141899182444e-10
702    9.037242546220283e-10
703    9.021387190372624e-10
704    9.005573970681345e-10
705    8.989801039472941e-10
706    8.974066531269468e-10
707    8.958367904380122e-10
708    8.942702055916069e-10
709    8.927066002293254e-10
710    8.911456852201802e-10
711    8.895871750340988e-10
712    8.880307881821935e-10
713    8.864762472847344e-10
714    8.849232790385097e-10
715    8.833716141861511e-10
716    8.818209878615559e-10
717    8.80271172368105e-10
718    8.78722004519915e-10
719    8.771733616561231e-10
720    8.756251365605234e-10
721    8.740772277634947e-10
722    8.725295381204757e-10
723    8.709819721464645e-10
724    8.69434435973296e-10
725    8.67886837349389e-10
726    8.663390856387068e-10
727    8.647910813992316e-10
728    8.632426913972105e-10
729    8.616937941801606e-10
730    8.601442924396549e-10
731    8.585940921103901e-10
732    8.570431009200929e-10
733    8.554912296644421e-10
734    8.539384219269113e-10
735    8.523846543066496e-10
736    8.508299055974144e-10
737    8.492741570261757e-10
738    8.477174033226508e-10
739    8.461596455123548e-10
740    8.446008846870256e-10
741    8.430411219430337e-10
742    8.414803587802559e-10
743    8.399185971721343e-10
744    8.383558364605641e-10
745    8.367920650245476e-10
746    8.352272692776943e-10
747    8.336614403553561e-10
748    8.32094646158227e-10
749    8.30527039642511e-10
750    8.289588241749843e-10
751    8.273902104824783e-10
752    8.258214065202132e-10
753    8.242526174565454e-10
754    8.226840456291762e-10
755    8.211158902606679e-10
756    8.19548347688482e-10
757    8.179816108576519e-10
758    8.164158221312964e-10
759    8.148510384673548e-10
760    8.132873077556283e-10
761    8.11724677341391e-10
762    8.101631940235006e-10
763    8.08602904052933e-10
764    8.070438550797201e-10
765    8.054861067049218e-10
766    8.039297227003142e-10
767    8.023747659969457e-10
768    8.008213256405006e-10
769    7.992695844288618e-10
770    7.977197489926852e-10
771    7.961720287531704e-10
772    7.946266300201829e-10
773    7.930837559565161e-10
774    7.915436066033366e-10
775    7.900063792103983e-10
776    7.884722687397238e-10
777    7.869414672131354e-10
778    7.854141540906646e-10
779    7.838904328245388e-10
780    7.823703826700758e-10
781    7.80854092441902e-10
782    7.793416497668429e-10
783    7.778331406453277e-10
784    7.763286494635793e-10
785    7.748282590062064e-10
786    7.733320504696291e-10
787    7.718401034760575e-10
788    7.703524982666013e-10
789    7.688693575008307e-10
790    7.67390846943728e-10
791    7.659171365646916e-10
792    7.644483936843302e-10
793    7.629847825338353e-10
794    7.615264614621216e-10
795    7.600735778381702e-10
796    7.586262731100425e-10
797    7.571846857677592e-10
798    7.557489513955431e-10
799    7.543191730169695e-10
800    7.528953973027451e-10
801    7.514776639937509e-10
802    7.500660117103651e-10
803    7.486604779676354e-10
804    7.472610991908295e-10
805    7.458679107313553e-10
806    7.444809468830138e-10
807    7.431002411376935e-10
808    7.417258289628966e-10
809    7.403577592571e-10
810    7.389961243086196e-10
811    7.376410137033454e-10
812    7.362925107937587e-10
813    7.356586088568011e-10
814    7.344169021939808e-10
815    7.331805507055918e-10
816    7.319495015590946e-10
817    7.307236929773945e-10
818    7.295030581075449e-10
819    7.282875279452651e-10
820    7.270770851663339e-10
821    7.25871723602588e-10
822    7.246714427711221e-10
823    7.234762463350809e-10
824    7.222861326607065e-10
825    7.21101088508958e-10
826    7.199210991063756e-10
827    7.187461449562078e-10
828    7.175761371685966e-10
829    7.164109350507899e-10
830    7.152504007592537e-10
831    7.1409441820875e-10
832    7.129428810166392e-10
833    7.117956836890611e-10
834    7.10652718750964e-10
835    7.095138745992161e-10
836    7.083790580140449e-10
837    7.072482486418932e-10
838    7.061214408898727e-10
839    7.049986259526016e-10
840    7.03879778633962e-10
841    7.027648686356002e-10
842    7.016538633466158e-10
843    7.005467188015311e-10
844    6.994433896374222e-10
845    6.98343806354164e-10
846    6.972478766770895e-10
847    6.961555088985578e-10
848    6.950666127455357e-10
849    6.939810992707931e-10
850    6.928988805536451e-10
851    6.918198696390432e-10
852    6.907439805259846e-10
853    6.896711313798231e-10
854    6.886012559475701e-10
855    6.875342935123483e-10
856    6.864701817085e-10
857    6.854088587445457e-10
858    6.843502634914594e-10
859    6.832943354764994e-10
860    6.822410146949737e-10
861    6.811902397901439e-10
862    6.801419473477664e-10
863    6.790960729314528e-10
864    6.78052552805602e-10
865    6.770113242521125e-10
866    6.759723406737056e-10
867    6.749355894595878e-10
868    6.739010628185859e-10
869    6.728687529376988e-10
870    6.71838650632074e-10
871    6.708107424180985e-10
872    6.697850159688689e-10
873    6.68761465232913e-10
874    6.677400852212799e-10
875    6.667208709013652e-10
876    6.657038172222355e-10
877    6.646889190112169e-10
878    6.636761539442743e-10
879    6.626654688203008e-10
880    6.616568039425024e-10
881    6.606501001332621e-10
882    6.596452989872257e-10
883    6.586423430436659e-10
884    6.576411755680419e-10
885    6.56641741312848e-10
886    6.556439885796354e-10
887    6.546478682978048e-10
888    6.536533526017692e-10
889    6.526604234103042e-10
890    6.516690851590303e-10
891    6.506793748514179e-10
892    6.496913374841884e-10
893    6.487050177667609e-10
894    6.477204598598504e-10
895    6.46737707201783e-10
896    6.457567909105183e-10
897    6.447777222675953e-10
898    6.438005105106956e-10
899    6.428251646842206e-10
900    6.418516934841656e-10
901    6.408801012719206e-10
902    6.399103676902383e-10
903    6.389424544824824e-10
904    6.379763269876191e-10
905    6.370119538191189e-10
906    6.360493046603247e-10
907    6.350883495710668e-10
908    6.341290582966505e-10
909    6.331713970624602e-10
910    6.322153363645701e-10
911    6.312608490728211e-10
912    6.303079086263343e-10
913    6.293564921776182e-10
914    6.284065974380605e-10
915    6.274582329841284e-10
916    6.265114148534289e-10
917    6.255661678593993e-10
918    6.24622517119128e-10
919    6.236804874690508e-10
920    6.227401034471611e-10
921    6.21801390276604e-10
922    6.208643831381133e-10
923    6.199291228593405e-10
924    6.189956498535786e-10
925    6.180640013141608e-10
926    6.17134194410536e-10
927    6.162062376130087e-10
928    6.152801423550367e-10
929    6.14355924636635e-10
930    6.134335897617479e-10
931    6.125131226076625e-10
932    6.1159452074088e-10
933    6.106777843732672e-10
934    6.097629136408951e-10
935    6.088499086062975e-10
936    6.079387693210584e-10
937    6.070294988879248e-10
938    6.06122117307154e-10
939    6.05216674423835e-10
940    6.043132378172502e-10
941    6.034118746659478e-10
942    6.025126518970533e-10
943    6.016156360154384e-10
944    6.007208926828272e-10
945    5.998284867100556e-10
946    5.989384802876196e-10
947    5.980509144223476e-10
948    5.971657929108619e-10
949    5.962831052417069e-10
950    5.954028146632706e-10
951    5.94524879205034e-10
952    5.936492552819378e-10
953    5.927758979838445e-10
954    5.919047631360605e-10
955    5.910358080010338e-10
956    5.901690085116973e-10
957    5.893043567502219e-10
958    5.884418453482055e-10
959    5.875814669276219e-10
960    5.86723213513675e-10
961    5.858670816389816e-10
962    5.850130899695642e-10
963    5.841612672728869e-10
964    5.833116421472645e-10
965    5.824642427673219e-10
966    5.81619096681463e-10
967    5.807762309505974e-10
968    5.799356723020692e-10
969    5.790974485952823e-10
970    5.78261588433499e-10
971    5.774281199991791e-10
972    5.76597070781721e-10
973    5.757684628863331e-10
974    5.749423128730379e-10
975    5.741186358055032e-10
976    5.732974463814155e-10
977    5.724787568293545e-10
978    5.716625749297581e-10
979    5.708489075949111e-10
980    5.700377615145199e-10
981    5.69229144093187e-10
982    5.684230669893643e-10
983    5.676195429282153e-10
984    5.668185819417814e-10
985    5.660201805843816e-10
986    5.652243215442941e-10
987    5.644309867252142e-10
988    5.636401581215693e-10
989    5.628518177170067e-10
990    5.620659473848026e-10
991    5.61282528931668e-10
992    5.605015422107484e-10
993    5.597229603932737e-10
994    5.589467550895453e-10
995    5.581728982179291e-10
996    5.574013642809992e-10
997    5.566321494676429e-10
998    5.558652684752857e-10
999    5.551007364255481e-10
