360    2.3648313196982702e-09
361    2.3556683339849304e-09
362    2.3465309152844424e-09
363    2.3374194904847808e-09
364    2.3283344709949707e-09
365    2.319276738255874e-09
366    2.310247644372095e-09
367    2.3012489283473854e-09
368    2.2673174981374205e-09
369    2.260421224555876e-09
370    2.2535911518654575e-09
371    2.2468234354211925e-09
372    2.2401143869876774e-09
373    2.233460394304941e-09
374    2.2268579343660086e-09
375    2.2203036074924128e-09
376    2.213794164885331e-09
377    2.2073263373585918e-09
378    2.2008965501588723e-09
379    2.194501139863199e-09
380    2.1881365192505575e-09
381    2.1817991899060153e-09
382    2.1754857403882483e-09
383    2.1691928965427756e-09
384    2.16291802887852e-09
385    2.1566589156815084e-09
386    2.1504133939712935e-09
387    2.1441793535527425e-09
388    2.1379547397990188e-09
389    2.131737554748935e-09
390    2.1255263219393456e-09
391    2.119320583813729e-09
392    2.1131199916514227e-09
393    2.1069241951934955e-09
394    2.10073284510975e-09
395    2.0945455938400135e-09
396    2.088361889162592e-09
397    2.082180072170427e-09
398    2.075998146894493e-09
399    2.0698141685618324e-09
400    2.063626249749376e-09
401    2.0574326577835615e-09
402    2.0512319392286927e-09
403    2.0450234589966164e-09
404    2.0388073375069157e-09
405    2.0325837757918674e-09
406    2.026353133726651e-09
407    2.020115796573421e-09
408    2.013872142881147e-09
409    2.0076224082376333e-09
410    2.00136643761522e-09
411    1.9951040195745334e-09
412    1.9888350358947057e-09
413    1.982559916565882e-09
414    1.9762793529182133e-09
415    1.9699939998064982e-09
416    1.9637042202354387e-09
417    1.957410219492333e-09
418    1.951112205039358e-09
419    1.9448103752378237e-09
420    1.938504834711016e-09
421    1.9321956567965004e-09
422    1.925883281708182e-09
423    1.919568815139565e-09
424    1.913253591836802e-09
425    1.906939234583189e-09
426    1.9006273699435904e-09
427    1.8943195913286367e-09
428    1.8880172086790476e-09
429    1.8817202913314802e-09
430    1.8754285472901253e-09
431    1.8691416991916855e-09
432    1.862859483486832e-09
433    1.8565816551239216e-09
434    1.8503080323318843e-09
435    1.8440390833159719e-09
436    1.837776140975212e-09
437    1.83152068681377e-09
438    1.8252741680755287e-09
439    1.8190380670589916e-09
440    1.8128140132467432e-09
441    1.8066033809005986e-09
442    1.8004068127294882e-09
443    1.7942247648466838e-09
444    1.7880576762570428e-09
445    1.781905972456603e-09
446    1.7757700655657065e-09
447    1.7696504649611447e-09
448    1.763548182651972e-09
449    1.7574644192387112e-09
450    1.7514003486931352e-09
451    1.7453571126572813e-09
452    1.7393358175747754e-09
453    1.733337531851521e-09
454    1.7273631374963324e-09
455    1.7214132815265555e-09
456    1.7154886341762847e-09
457    1.7095899607243001e-09
458    1.7037180179785055e-09
459    1.697873551119359e-09
460    1.6920573009450574e-09
461    1.686270052475271e-09
462    1.6805125813049053e-09
463    1.6747856340555616e-09
464    1.6792485978829252e-09
465    1.6743896837946415e-09
466    1.6695329178595603e-09
467    1.664678793047437e-09
468    1.6598277991434404e-09
469    1.6549804231121438e-09
470    1.6501372061548938e-09
471    1.6452983611041796e-09
472    1.640463868703787e-09
473    1.6356337692925731e-09
474    1.6308081124207275e-09
475    1.6259869459384989e-09
476    1.6211704268759098e-09
477    1.6163591112910459e-09
478    1.6115538016985354e-09
479    1.6067553103103052e-09
480    1.6019645002923307e-09
481    1.5971822361730246e-09
482    1.5924093600361334e-09
483    1.5876465320142316e-09
484    1.5828941037767207e-09
485    1.5781523866291169e-09
486    1.5734216832083387e-09
487    1.5687022879360446e-09
488    1.5639945071408355e-09
489    1.5592988409702514e-09
490    1.5546162457546938e-09
491    1.549947746264297e-09
492    1.5452943449895798e-09
493    1.540657018961784e-09
494    1.5360367053364515e-09
495    1.5314342310434482e-09
496    1.5268500041349298e-09
497    1.5222842836049922e-09
498    1.517737316138302e-09
499    1.5132093124191964e-09
500    1.5087004609924992e-09
501    1.5042109489973878e-09
502    1.4997411355578864e-09
503    1.4952915963500196e-09
504    1.4908629561471252e-09
505    1.486455823404292e-09
506    1.4820707411574705e-09
507    1.4777081443744535e-09
508    1.4733684907521784e-09
509    1.4690522714031322e-09
510    1.4647599761987944e-09
511    1.4604920821298316e-09
512    1.4562490533526833e-09
513    1.452031339212239e-09
514    1.4478392256599024e-09
515    1.4436727467986655e-09
516    1.4395319436781368e-09
517    1.4354168809515143e-09
518    1.4313275395256858e-09
519    1.427263831350861e-09
520    1.4232258214822264e-09
521    1.4192140025153104e-09
522    1.415228927429367e-09
523    1.4112710864015736e-09
524    1.4073408754916897e-09
525    1.4034386724015997e-09
526    1.3995647355952538e-09
527    1.3957187537016093e-09
528    1.3919001155511001e-09
529    1.3881082089958213e-09
530    1.384342471918617e-09
531    1.380602353723175e-09
532    1.3768873775489587e-09
533    1.3731976521964307e-09
534    1.3695335868517845e-09
535    1.3658955829676074e-09
536    1.3622840298767844e-09
537    1.3586992396380824e-09
538    1.3551413994989258e-09
539    1.3516103438957693e-09
540    1.3481055707645973e-09
541    1.3446265167771357e-09
542    1.341172609907156e-09
543    1.3377432302153543e-09
544    1.3343377552711304e-09
545    1.3309557082329652e-09
546    1.3275968311575117e-09
547    1.3242610163183048e-09
548    1.3209482223634339e-09
549    1.317658408177036e-09
550    1.3143915542208855e-09
551    1.3111476061497132e-09
552    1.307926409146083e-09
553    1.3047277944824725e-09
554    1.3015515898460366e-09
555    1.2983976072841149e-09
556    1.2952655010808269e-09
557    1.2921546698258082e-09
558    1.289064421649235e-09
559    1.2859940601708193e-09
560    1.2829429017596582e-09
561    1.2799102753766516e-09
562    1.2768955211527336e-09
563    1.2738980128321425e-09
564    1.2709173112647457e-09
565    1.2679530817088617e-09
566    1.265005103230726e-09
567    1.2620732427433463e-09
568    1.2591573692533945e-09
569    1.2562572847931004e-09
570    1.2533725284391057e-09
571    1.250502485320649e-09
572    1.2476465467997167e-09
573    1.2448041139118616e-09
574    1.2419745862619137e-09
575    1.2391573804232026e-09
576    1.2363521071760675e-09
577    1.233558551760768e-09
578    1.2307765080818634e-09
579    1.2280057666258045e-09
580    1.2252461200318826e-09
581    1.2224973607579312e-09
582    1.2197592327322897e-09
583    1.2170313736922187e-09
584    1.214313414522942e-09
585    1.2116050809471885e-09
586    1.2089062307929096e-09
587    1.2062167335865407e-09
588    1.2035364397430668e-09
589    1.20086513022915e-09
590    1.198202575348053e-09
591    1.1955485598329873e-09
592    1.192902883984201e-09
593    1.1902653510788861e-09
594    1.1876357867796524e-09
595    1.1850141217226096e-09
596    1.182400282656697e-09
597    1.179794185260153e-09
598    1.1771957463538347e-09
599    1.1746048839444909e-09
600    1.1720214972987252e-09
601    1.1694452232915148e-09
602    1.1668755192367175e-09
603    1.1643118479196631e-09
604    1.166763759014316e-09
605    1.1640178800036784e-09
606    1.1612787707100488e-09
607    1.1585464960794594e-09
608    1.1558209701232007e-09
609    1.1531020941569597e-09
610    1.1503898372218456e-09
611    1.1476841721462004e-09
612    1.1449850715769358e-09
613    1.1422925207333422e-09
614    1.1396067499689823e-09
615    1.1369282060536816e-09
616    1.134257335589385e-09
617    1.1315945767608606e-09
618    1.1289403539773163e-09
619    1.1262950648879199e-09
620    1.1236588985191137e-09
621    1.121031643645218e-09
622    1.118413029702702e-09
623    1.11580279019996e-09
624    1.1132006626762561e-09
625    1.1106063903222694e-09
626    1.108019800135135e-09
627    1.105441083061792e-09
628    1.1028705891085825e-09
629    1.1003086632739936e-09
630    1.0977556407298675e-09
631    1.0952117737285948e-09
632    1.0926772344703496e-09
633    1.0901520929202894e-09
634    1.0876362792349174e-09
635    1.0851297135902574e-09
636    1.0826323170575238e-09
637    1.080144011567047e-09
638    1.0776647198754158e-09
639    1.0751943797885651e-09
640    1.0727329923311655e-09
641    1.0702805752177058e-09
642    1.0678371349222347e-09
643    1.0654026773939075e-09
644    1.0629772446504672e-09
645    1.0605608842038678e-09
646    1.0581536347414484e-09
647    1.0557555272984358e-09
648    1.0533665910885339e-09
649    1.0509868510570282e-09
650    1.0486163287687843e-09
651    1.046255044385066e-09
652    1.0439030104313642e-09
653    1.0415602219746398e-09
654    1.0392266634430902e-09
655    1.0369023122037785e-09
656    1.034587144731972e-09
657    1.0322811368411515e-09
658    1.0299842576034662e-09
659    1.0276964298191832e-09
660    1.0254175713312106e-09
661    1.0231476149170586e-09
662    1.0208864937627417e-09
663    1.0186341408969689e-09
664    1.016390479683791e-09
665    1.0141554840255912e-09
666    1.0119292487917607e-09
667    1.009711880005159e-09
668    1.0075034811246075e-09
669    1.0053041531104749e-09
670    1.0031139947637247e-09
671    1.0009330846235987e-09
672    9.98761405987e-10
673    9.9659891679989e-10
674    9.944455747258488e-10
675    9.923013373016681e-10
676    9.901661591701728e-10
677    9.88039948762141e-10
678    9.859225819703357e-10
679    9.838139386572982e-10
680    9.817138989136593e-10
681    9.796223430211925e-10
682    9.775391523596841e-10
683    9.754642095022891e-10
684    9.733974049211096e-10
685    9.713386444592395e-10
686    9.692878313126681e-10
687    9.672448396791434e-10
688    9.65209590067141e-10
689    9.631821787965192e-10
690    9.611627414010717e-10
691    9.59151460524826e-10
692    9.571485362490267e-10
693    9.551541637743456e-10
694    9.531685146119895e-10
695    9.511917415303476e-10
696    9.492239920253947e-10
697    9.472653427722602e-10
698    9.453157934488002e-10
699    9.433753413170767e-10
700    9.4144392908147e-10
701    9.395214578065227e-10
702    9.376078285184476e-10
703    9.357029844218073e-10
704    9.338070155624691e-10
705    9.319200429292509e-10
706    9.300421854980649e-10
707    9.281735602648026e-10
708    9.263142804597368e-10
709    9.244644285894213e-10
710    9.226239337589765e-10
711    9.207926209958535e-10
712    9.189703589583412e-10
713    9.171570294169192e-10
714    9.153525155106263e-10
715    9.135567021634575e-10
716    9.117695291043557e-10
717    9.09991039619109e-10
718    9.082212877725045e-10
719    9.064603265189019e-10
720    9.047082077061197e-10
721    9.029649820112537e-10
722    9.012306998570503e-10
723    8.995054331589876e-10
724    8.977892692454739e-10
725    8.960822985995762e-10
726    8.943846144843606e-10
727    8.926963059051013e-10
728    8.910174277887742e-10
729    8.893479774310621e-10
730    8.876879120966123e-10
731    8.860371830118704e-10
732    8.843957364124474e-10
733    8.82763518407132e-10
734    8.811404658880148e-10
735    8.795264975431997e-10
736    8.779215493144671e-10
737    8.763255617223057e-10
738    8.747384756613017e-10
739    8.731602324063385e-10
740    8.715907736012647e-10
741    8.700300412478341e-10
742    8.684779787128357e-10
743    8.669345315399081e-10
744    8.653996435540487e-10
745    8.638732326215972e-10
746    8.623551724934981e-10
747    8.608453178718386e-10
748    8.593435247874349e-10
749    8.578496509493223e-10
750    8.563635557169063e-10
751    8.548851002211416e-10
752    8.534141506023665e-10
753    8.519505761529468e-10
754    8.504942434966821e-10
755    8.490450199293738e-10
756    8.476027740147398e-10
757    8.461673922040434e-10
758    8.44738803364508e-10
759    8.433169431014088e-10
760    8.419017474264144e-10
761    8.404931510699925e-10
762    8.390910727852052e-10
763    8.376954227644236e-10
764    8.363061118941152e-10
765    8.349230516621609e-10
766    8.335461498440485e-10
767    8.321753104901221e-10
768    8.308104288847063e-10
769    8.294512961752601e-10
770    8.280976406045725e-10
771    8.267491929969661e-10
772    8.25405688572622e-10
773    8.240668726439687e-10
774    8.227324989255677e-10
775    8.214023261791068e-10
776    8.200761229424918e-10
777    8.18753662820282e-10
778    8.174347223976894e-10
779    8.161190809678729e-10
780    8.148065493566579e-10
781    8.134970067849601e-10
782    8.121903431086837e-10
783    8.108864494427151e-10
784    8.095852179569614e-10
785    8.082865421388031e-10
786    8.069903168423012e-10
787    8.056964382839187e-10
788    8.044048040386755e-10
789    8.031153130367532e-10
790    8.018278655610673e-10
791    8.005423579950161e-10
792    7.992586349732604e-10
793    7.979765124814413e-10
794    7.966958086462013e-10
795    7.954163466268572e-10
796    7.941379732363096e-10
797    7.928605490534948e-10
798    7.915839519132516e-10
799    7.903080705915411e-10
800    7.890327956584717e-10
801    7.877580193363961e-10
802    7.864836355977354e-10
803    7.852095585997641e-10
804    7.839357436434691e-10
805    7.826621539451641e-10
806    7.813887488237886e-10
807    7.801154833987723e-10
808    7.788423134389101e-10
809    7.775691955660163e-10
810    7.762960872504916e-10
811    7.750229468068638e-10
812    7.7374973721338e-10
813    7.724764497066376e-10
814    7.71203085610932e-10
815    7.699296253213093e-10
816    7.686560383443089e-10
817    7.6738229475354e-10
818    7.661083652943272e-10
819    7.648342216869233e-10
820    7.635598454537735e-10
821    7.622852289418439e-10
822    7.610103653228479e-10
823    7.597352480947889e-10
824    7.584598710788927e-10
825    7.571842285185174e-10
826    7.559083201085788e-10
827    7.546321549854138e-10
828    7.53355743419503e-10
829    7.520790984031518e-10
830    7.508022501509371e-10
831    7.495252355541378e-10
832    7.48248090961235e-10
833    7.469708471277765e-10
834    7.456935295296406e-10
835    7.444161635365178e-10
836    7.431387759387883e-10
837    7.418614011282244e-10
838    7.405841346524676e-10
839    7.393071016006117e-10
840    7.380304257256776e-10
841    7.367542292446699e-10
842    7.35478637520401e-10
843    7.342037845161895e-10
844    7.329298037639639e-10
845    7.316568270089204e-10
846    7.303849856439185e-10
847    7.29114417726614e-10
848    7.278452622075151e-10
849    7.265776262492541e-10
850    7.253115613142311e-10
851    7.240471123630255e-10
852    7.227843236647808e-10
853    7.215232387988297e-10
854    7.202639006496591e-10
855    7.190063514113717e-10
856    7.177506325969833e-10
857    7.164967850418957e-10
858    7.152448489100283e-10
859    7.139948635427993e-10
860    7.12746872250071e-10
861    7.115009744358562e-10
862    7.102572954192056e-10
863    7.090159607309625e-10
864    7.077771054211592e-10
865    7.065408706938827e-10
866    7.053073970805801e-10
867    7.040768241838516e-10
868    7.028492900115304e-10
869    7.016249304449063e-10
870    7.004038792524754e-10
871    6.991862677258909e-10
872    6.979721972655394e-10
873    6.967617207087755e-10
874    6.955548853538589e-10
875    6.943517375191383e-10
876    6.931523225434422e-10
877    6.919566848272543e-10
878    6.907648678332126e-10
879    6.895769140752217e-10
880    6.883928649534434e-10
881    6.872127599539856e-10
882    6.860366373884986e-10
883    6.84864539915626e-10
884    6.836965458002592e-10
885    6.825327476050507e-10
886    6.813732364155628e-10
887    6.802181012126822e-10
888    6.790674286717051e-10
889    6.779213039486973e-10
890    6.767798107424066e-10
891    6.756430313149532e-10
892    6.745110465126108e-10
893    6.733839357866777e-10
894    6.7253730975013e-10
895    6.714945711436803e-10
896    6.704561328991866e-10
897    6.694219506268383e-10
898    6.683919755064856e-10
899    6.673661564939942e-10
900    6.663444498667207e-10
901    6.653268457287748e-10
902    6.643133355063485e-10
903    6.6330390435808e-10
904    6.622985372506861e-10
905    6.61297219104958e-10
906    6.602999348557553e-10
907    6.593066694571236e-10
908    6.583174078820427e-10
909    6.573321351192301e-10
910    6.563508361705974e-10
911    6.553734921495158e-10
912    6.544000675072023e-10
913    6.534305131785726e-10
914    6.524647561046731e-10
915    6.515027123800333e-10
916    6.505442988446502e-10
917    6.495894324277768e-10
918    6.486380268109856e-10
919    6.476899952454835e-10
920    6.467452537378034e-10
921    6.458037493182135e-10
922    6.448654669555408e-10
923    6.439303942138188e-10
924    6.42998518686624e-10
925    6.420698279893097e-10
926    6.411443109566357e-10
927    6.402219670255767e-10
928    6.393028051432473e-10
929    6.383868328033398e-10
930    6.374740397860914e-10
931    6.365643574951026e-10
932    6.356576936570338e-10
933    6.347539568431104e-10
934    6.338530565787124e-10
935    6.329549031018657e-10
936    6.320594067997402e-10
937    6.311664791391352e-10
938    6.302760326158289e-10
939    6.293879807317784e-10
940    6.285022552297541e-10
941    6.276188273185851e-10
942    6.267376737420915e-10
943    6.25858771492808e-10
944    6.249820980695513e-10
945    6.241076313563584e-10
946    6.232353487049584e-10
947    6.223652235342119e-10
948    6.214972280624029e-10
949    6.206313335382061e-10
950    6.197674929935058e-10
951    6.189056457717433e-10
952    6.180457318683724e-10
953    6.171876952226797e-10
954    6.16331485225983e-10
955    6.154770529000407e-10
956    6.146243497148409e-10
957    6.137733271537728e-10
958    6.129239383088042e-10
959    6.120761441513821e-10
960    6.112299164368192e-10
961    6.103852294988331e-10
962    6.095420579383221e-10
963    6.087003764051607e-10
964    6.0786015880356e-10
965    6.070213790266914e-10
966    6.061840130409617e-10
967    6.053480555247966e-10
968    6.045135109035962e-10
969    6.036803820728223e-10
970    6.028486703699059e-10
971    6.020183770903848e-10
972    6.011895036357283e-10
973    6.003620514732121e-10
974    5.995360221110949e-10
975    5.987114170224661e-10
976    5.978882376439536e-10
977    5.970664853770293e-10
978    5.962461615986357e-10
979    5.954272712248029e-10
980    5.946098124885176e-10
981    5.937937703857212e-10
982    5.929791295713366e-10
983    5.921658748781621e-10
984    5.913539913018891e-10
985    5.905434639774262e-10
986    5.897342779522792e-10
987    5.889264182654207e-10
988    5.881198671482866e-10
989    5.873146005055295e-10
990    5.865105936580469e-10
991    5.857078203479716e-10
992    5.849062515918388e-10
993    5.841058661166908e-10
994    5.833066628528563e-10
995    5.825086437985341e-10
996    5.8171181092138e-10
997    5.809161665761016e-10
998    5.801217243442365e-10
999    5.79328508146952e-10
