1e-06   1.7007461336062133
1.0186101701559753e-06   1.7007461336062133
1.037566678745185e-06   1.7007461336062133
1.056875971184805e-06   1.7007461336062133
1.0765446128423159e-06   1.7007461336062133
1.09657929126781e-06   1.7007461336062133
1.1169868184678225e-06   1.7007461336062133
1.1377741332214902e-06   1.7007461336062133
1.1589483034398117e-06   1.7007461336062133
1.1805165285688055e-06   1.7007461336062133
1.2024861420374122e-06   1.7007461336062133
1.2248646137509307e-06   1.7007461336062133
1.2476595526308684e-06   1.7007461336062133
1.2708787092020594e-06   1.7007461336062133
1.294529978227916e-06   1.7007461336062133
1.3186214013947485e-06   1.7007461336062133
1.3431611700460154e-06   1.7007461336062133
1.3681576279674705e-06   1.7007461336062133
1.3936192742241435e-06   1.7007461336062133
1.4195547660501015e-06   1.7007461336062133
1.4459729217920196e-06   1.7007461336062133
1.4728827239075018e-06   1.7007461336062133
1.5002933220192168e-06   1.7007461336062133
1.5282140360258708e-06   1.7007461336062133
1.556654359271062e-06   1.7007461336062133
1.5856239617711372e-06   1.7007461336062133
1.6151326935030896e-06   1.7007461336062133
1.6451905877536607e-06   1.7007461336062133
1.6758078645307687e-06   1.7007461336062133
1.7069949340384078e-06   1.7007461336062133
1.7387624002162504e-06   1.7007461336062133
1.7711210643450868e-06   1.7007461336062133
1.804081928719381e-06   1.7007461336062133
1.8376562003881725e-06   1.7007461336062133
1.8718552949655793e-06   1.7007461336062133
1.906690840512252e-06   1.7007461336062133
1.9421746814890245e-06   1.7007461336062133
1.978318882784162e-06   1.7007461336062133
2.0151357338155584e-06   1.7007461336062133
2.0526377527092522e-06   1.7007461336062133
2.09083769055575e-06   1.7007461336062133
2.1297485357455187e-06   1.7007461336062133
2.169383518385182e-06   1.7007461336062133
2.2097561147959033e-06   1.7007461336062133
2.250880052095462e-06   1.7007461336062133
2.2927693128656486e-06   1.7007461336062133
2.335438139906477e-06   1.7007461336062133
2.3789010410788957e-06   1.7007461336062133
2.4231727942376005e-06   1.7007461336062133
2.4682684522556926e-06   1.7007461336062133
2.5142033481427965e-06   1.7007461336062133
2.560993100258457e-06   1.7007461336062133
2.6086536176225505e-06   1.7007461336062133
2.6572011053245066e-06   1.7007461336062133
2.7066520700332412e-06   1.7007461336062133
2.7570233256095828e-06   1.7007461336062133
2.8083319988231696e-06   1.7007461336062133
2.8605955351757447e-06   1.7007461336062133
2.9138317048327886e-06   1.7007461336062133
2.9680586086656025e-06   1.7007461336062133
3.0232946844057763e-06   1.7007461336062133
3.0795587129142233e-06   1.7007461336062133
3.1368698245668796e-06   1.7007461336062133
3.1952475057592136e-06   1.7007461336062133
3.254711605531848e-06   1.7007461336062133
3.3152823423194233e-06   1.7007461336062133
3.376980310825088e-06   1.7007461336062133
3.4398264890229283e-06   1.7007461336062133
3.503842245290676e-06   1.7007461336062133
3.5690493456752295e-06   1.7007461336062133
3.6354699612933177e-06   1.7007461336062133
3.7031266758699232e-06   1.7007461336062133
3.7720424934170015e-06   1.7007461336062133
3.842240846055061e-06   1.7007461336062133
3.913745601980384e-06   1.7007461336062133
3.986581073580439e-06   1.7007461336062133
4.06077202570037e-06   1.7007461336062133
4.136343684063278e-06   1.7007461336062133
4.213321743847289e-06   1.7007461336062133
4.291732378422157e-06   1.7007461336062133
4.371602248248502e-06   1.7007461336062133
4.45295850994266e-06   1.7007461336062133
4.5358288255101905e-06   1.7007461336062133
4.620241371751313e-06   1.7007461336062133
4.706224849841281e-06   1.7007461336062133
4.793808495089107e-06   1.7007461336062133
4.883022086877885e-06   1.7007461336062133
4.973895958790067e-06   1.7007461336062133
5.066461008921268e-06   1.7007461336062133
5.160748710385908e-06   1.7007461336062133
5.2567911220184196e-06   1.7007461336062133
5.354620899273613e-06   1.7007461336062133
5.454271305329836e-06   1.7007461336062133
5.555776222398878e-06   1.7007461336062133
5.659170163246242e-06   1.7007461336062133
5.764488282925873e-06   1.7007461336062133
5.871766390733262e-06   1.7007461336062133
5.981040962380944e-06   1.7007461336062133
6.0923491524007115e-06   1.7007461336062133
6.205728806776501e-06   1.7007461336062133
6.3212184758124485e-06   1.7007461336062133
6.438857427240426e-06   1.7007461336062133
6.558685659571436e-06   1.7007461336062133
6.680743915695614e-06   1.7007461336062133
6.8050736967352065e-06   1.7007461336062133
6.9317172761554005e-06   1.7007461336062133
7.06071771413778e-06   1.7007461336062133
7.1921188722211925e-06   1.7007461336062133
7.32596542821523e-06   1.7007461336062133
7.462302891391107e-06   1.7007461336062133
7.6011776179553225e-06   1.7007461336062133
7.742636826811277e-06   1.7007461336062133
7.886728615614156e-06   1.7007461336062133
8.033501977124734e-06   1.7007461336062133
8.183006815867389e-06   1.7007461336062133
8.335293965098187e-06   1.7007461336062133
8.490415204088755e-06   1.7007461336062133
8.648423275731726e-06   1.7007461336062133
8.809371904473992e-06   1.7007461336062133
8.97331581458352e-06   1.7007461336062133
9.140310748756223e-06   1.7007461336062133
9.310413487069085e-06   1.7007461336062133
9.483681866285928e-06   1.7007461336062133
9.660174799522646e-06   1.7007461336062133
9.839952296278226e-06   1.7007461336062133
1.0023075482838644e-05   1.7007461336062133
1.0209606623060476e-05   1.7007461336062133
1.0399609139541203e-05   1.7059570694341222
1.05931476351837e-05   1.736433411674573
1.0790287915161837e-05   1.7674542337859716
1.099109700929496e-05   1.7990292586225474
1.1195643194838794e-05   1.831168382485542
1.1403996019700332e-05   1.8638816782125323
1.1616226326085018e-05   1.8971793983217224
1.183240627458378e-05   1.9310719782120618
1.2052609368708414e-05   1.9655700394202664
1.2276910479883604e-05   2.0006843929357188
1.2505385872903913e-05   2.036426042574261
1.2738113231864785e-05   2.072806188519506
1.2975171686575869e-05   2.109836234837678
1.3216641839466038e-05   2.147527794578633
1.346260579298911e-05   2.1858926887811494
1.3713147177539455e-05   2.224942949856578
1.3968351179887397e-05   2.264690825372083
1.4228304572143519e-05   2.3051487803256445
1.449309574126215e-05   2.346329496520022
1.476281471909391e-05   2.3882458806959392
1.5037553212997385e-05   2.4309110698992367
1.53174046370208e-05   2.4743384355856617
1.560246414366368e-05   2.518541588452494
1.5892828656229765e-05   2.563534390676425
1.618859690178199e-05   2.6093309583510464
1.648986944471065e-05   2.655945660395388
1.6796748720926532e-05   2.703393122970646
1.7109339072690134e-05   2.7516882339962847
1.7427746784089175e-05   2.800846136273801
1.775208011717636e-05   2.8508822203280437
1.8082449348779517e-05   2.9018121477623873
1.841896680799711e-05   2.9536518585390046
1.8761746914391195e-05   3.0064175759005956
1.9110906216891358e-05   3.0601258188810716
1.9466563433422632e-05   3.1147934455892754
1.9828839491270713e-05   3.170437633322546
2.0197857568198782e-05   3.2270758684091083
2.0573743134329116e-05   3.2847259517818723
2.0956623994804308e-05   3.3434060030094312
2.1346630333242455e-05   3.4031344261447285
2.17438947560008e-05   3.463929910501666
2.2148552337263592e-05   3.5258114750339016
2.256074066496859e-05   3.588798476084409
2.2980599887588487e-05   3.652910613340929
2.3408272761782944e-05   3.7181679523463327
2.3843904700937204e-05   3.7845909646505627
2.4287643824604506e-05   3.852200497517598
2.4739641008868118e-05   3.921017771986027
2.5200049937640895e-05   3.99106438959583
2.566902715491952e-05   4.062362336241308
2.614673211801092e-05   4.134933962558182
2.6633327251749808e-05   4.208802001577911
2.7128978003724645e-05   4.283989591174629
2.763385290053167e-05   4.3605202814345585
2.8148123605075813e-05   4.438418042163732
2.8671964974937698e-05   4.517707281150656
2.9205555121827452e-05   4.598412858738238
2.9749075472144436e-05   4.680560081113362
3.030271082866393e-05   4.7641747068736615
3.0866649433372746e-05   4.8492829551227565
3.144108303147265e-05   4.935911511145055
3.2026206936576505e-05   5.024087525139572
3.2622220097116734e-05   5.113838628398033
3.3229325163989684e-05   5.205192945224321
3.384772855945983e-05   5.298179101721807
3.447764054734464e-05   5.392826234832362
3.511927530450728e-05   5.489164003003783
3.577285099367877e-05   5.587222595324061
3.6438589837635405e-05   5.687032739695373
3.711671819475767e-05   5.788625712400865
3.780746663599349e-05   5.892033347890313
3.8511070023255685e-05   5.997288050579057
3.922776758927724e-05   6.10442280764011
3.9957803018952654e-05   6.21347119588377
4.070142453219439e-05   6.324467391685216
4.145888496832911e-05   6.437446181688372
4.223044187206672e-05   6.552442971300425
4.3016357581067996e-05   6.669493780058798
4.381689931514194e-05   6.78863526143298
4.4632339267103976e-05   6.909904721775012
4.5462954695323996e-05   7.033340131955372
4.6309028017997366e-05   7.158980139964364
4.7170846909170225e-05   7.286864110524748
4.804870439655134e-05   7.417032146725349
4.894289896114532e-05   7.549525071652659
4.985373463873894e-05   7.68438443916862
5.0781521123276707e-05   7.8216525470231595
5.172657387216024e-05   7.9613724296532915
5.268921421350677e-05   8.1035878154216
5.366976945540476e-05   8.248343193127429
5.466857299720181e-05   8.39568384184722
5.5685964442864085e-05   8.54565584489676
5.672228971644549e-05   8.69830610738199
5.777790117970507e-05   8.85368240945405
5.8853157751914505e-05   9.01183341081426
5.994842503189409e-05   9.172808639726476
6.106407542232036e-05   9.336658507983985
6.220048825634719e-05   9.503434326643598
6.335804992658255e-05   9.673188320552274
6.453715401646702e-05   9.845973643211295
6.573820143409586e-05   10.021844395714918
6.696160054853215e-05   10.20085564392964
6.820776732865692e-05   10.38306343568029
6.94771254846024e-05   10.568524813446645
7.077010661181889e-05   10.757297808869176
7.208715033782135e-05   10.949441476651241
7.342870447166758e-05   11.145015922141717
7.479522515621829e-05   11.344082319975946
7.618717702322999e-05   11.546702933181757
7.76050333513357e-05   11.752941135785191
7.90492762269642e-05   11.962861432752344
8.05203967082547e-05   12.17652947687779
8.201889499202212e-05   12.39401208899658
8.354528058382871e-05   12.615377278685699
8.510007247122246e-05   12.840694252052346
8.668379930019774e-05   13.070033407178634
8.829699955494083e-05   13.303466384672536
8.994022174092053e-05   13.541066096096593
9.161402457138522e-05   13.782906746385203
9.331897715733239e-05   14.029063863786705
9.505565920101191e-05   14.27961438339967
9.682466119303115e-05   14.534636645424731
9.862658461312831e-05   14.7942103856404
0.00010046204213468131   15.058416759875314
0.0001023316578330245   15.32733836768405
0.00010423606739764012   15.601059193326401
0.00010617591834830001   15.879664581586988
0.00010815187025522882   16.163241374394776
0.0001101645949633657   16.451877947213966
0.00011221477682079803   16.745664235853937
0.00011430311291144786   17.044691789403547
0.00011643031329208767   17.34905389002201
0.00011859710123376694   17.658845506337332
0.00012080421346773289   17.974163292247184
0.00012305240043592616   18.29510561669284
0.00012534242654613996   18.621772589617297
0.00012767507043192657   18.954266025729165
0.00013005112521734084   19.292689483455348
0.00013247139878661175   19.637148349178236
0.00013493671405883064   19.987749870861297
0.00013744790926775366   20.344603190399447
0.00014000583824680976   20.707819322309252
0.00014261137071941283   21.077511113418783
0.00014526539259467812   21.45379337564856
0.00014796880626863964   21.83678293640223
0.00015072253093107555   22.22659867343007
0.00015352750287804228   22.623361564174317
0.00015638467583022463   23.027194808659775
0.0001592950212572123   23.438223817257864
0.0001622595287078087   23.856576207956245
0.00016527920614648956   24.282381844629658
0.00016835508029612023   24.71577287275551
0.00017148819698705392   25.156883650279674
0.00017467962151272457   25.605850755518723
0.00017793043899185773   26.06281314655033
0.00018124175473742377   26.5279122098486
0.00018461469463245476   27.001291801971718
0.00018805040551285815   27.48309827645429
0.0001915500555573528   27.9734804865358
0.00019511483468466164   28.472589867691873
0.00019874595495809837   28.98058049318482
0.00020244465099768038   29.49760911908715
0.00020621218039991424   30.023835217431568
0.00021004982416539153   30.55942088350982
0.00021395888713434216   31.104530923398496
0.00021794069843029558   31.65933299257691
0.0002219966119119955   32.223997645558875
0.00022612800663372772   32.79869838386992
0.00023033628731421312   33.383611630056144
0.00023462288481422623   33.97891670995219
0.00023898925662310503   34.5847960180521
0.00024343688735431105   35.20143508248429
0.00024796728925021577   35.82902261711703
0.0002525820026962785   36.46775053985516
0.00025728259674479324   37.11781386581003
0.00026207066964838524   37.779410874104784
0.0002669478494034321   38.452743224543816
0.0002719157943036019   39.138016013063655
0.0002769761935036891   39.8354378164179
0.0002821307675939471   40.54522050487112
0.0002873812691851066   41.267579285948614
0.0002927294835042816   42.002732985315305
0.00029817722900196735   42.75090411461797
0.00030372635797033115   43.512318930270624
0.00030937875717301365   44.28720738097815
0.00031513634848664794   45.07580296044719
0.00032100108955431715   45.878343005038005
0.0003269749744511768   46.6950688048382
0.0003330600343624589   47.52622566549933
0.0003392583382740992   48.37206289946722
0.00034557199367621393   49.23283331319766
0.0003520031472796679   50.108793527414015
0.0003585539857459817   51.000204353988046
0.00036522673643081755   51.90733086161714
0.0003720236681413066   52.830442434122205
0.00037894709190746675   53.769812569411535
0.00038599936176797673   54.72571880050725
0.00039318287557057704   55.69844309711302
0.0004005000757873611   56.688271959412035
0.0004079534503452449   57.69549648358414
0.0004155455334718875   58.72041216113823
0.00042327890655735487   59.76331803387368
0.00043115619903182285   60.82451752349931
0.0004391800892596086   61.904318788466576
0.0004473533054498463   63.003034787771995
0.0004556786265841064   64.12098330171963
0.00046415888336127773   65.25848635851358
0.0004727969591600391   66.41587039098698
0.00048159579101923506   67.59346678723843
0.0004905583706365045   68.79161196698828
0.0004996877453854884   70.01064744125355
0.000508987019351968   71.25091921040863
0.0005184593543892913   72.51277697685212
0.0005281079711934331   73.7965753803941
0.0005379361503980703   75.10267423852088
0.0005479472336900287   76.43143860434039
0.0005581446249454961   77.78323852530299
0.0005685317913873754   79.15844731547524
0.0005791122647641759   80.55744265967934
0.0005898896425508499   81.98060747203209
0.0006008675891719686   83.42832994715214
0.0006120498372476697   84.90100356775527
0.0006234401888627864   86.39902592904417
0.0006350425168595962   87.92279847182873
0.0006468607661546328   89.47272782370234
0.000658898955079995   91.04922591623595
0.0006711611767496279   92.65271002253296
0.0006836516004510238   94.28360190824948
0.0006963744730628222   95.94232567743848
0.0007093341204987997   97.62930996766727
0.0007225349491787215   99.34498856824315
0.0007359814475265764   101.08980044021216
0.0007496781874966877   102.86418947208915
0.0007636298261282241   104.66860173855498
0.000777841107128649   106.50348638760987
0.0007923168624866254   108.36929740130361
0.0008070620141149499   110.26649362143645
0.0008220815755240541   112.195538721384
0.0008373806535266489   114.15689925090864
0.0008529644499741026   116.15104299487774
0.0008688382635251184   118.17844182964862
0.0008850074914473439   120.23957201963731
0.0009014776314524918   122.33491418432668
0.0009182542835656282   124.46495243980674
0.0009353431520292386   126.63017072320316
0.000952750047242729   128.83105537725353
0.0009704808877380307   131.0680964549761
0.0009885417021919573   133.3417876528223
0.001006938631476027   135.6526260572528
0.0010256779307444219   138.0011084505112
0.0010447659715608043   140.3877311515962
0.0010642092440647246   142.81299313725575
0.001084014359178331   145.277396064417
0.0011041880508541602   147.78144415298777
0.001124737178364752   150.32564238443072
0.0011456687286348715   152.91049343599147
0.0011669898186171474   155.53650100307084
0.0011887076977119032   158.20417034294238
0.0012108297502320393   160.91400811613272
0.0012333634979137759   163.6665216688009
0.0012563166024741202   166.46221461294897
0.0012796968682159415   169.30158864932602
0.001303512244681509   172.18514562534912
0.001327770829355429   175.11338734345313
0.0013524808704178755   178.08681529176042
0.0013776507695490536   181.10592800535542
0.0014032890847858733   184.1712196525621
0.001429404533431761   187.28318277836004
0.0014560059950206486   190.4423082891398
0.0014831025143361043   193.6490851857934
0.001510703304486654   196.9039989179131
0.0015388177500383464   200.20752665048286
0.001567455410205595   203.560140821459
0.0015966260221014252   206.9623102237792
0.0016263395040481922   210.41449967909827
0.0016566059589499134   213.9171696062747
0.0016874356777273757   217.47077433336892
0.0017188391428171457   221.07576198546428
0.001750827031735725   224.73257512431434
0.001783410220710008   228.44165040099477
0.0018165997883753267   232.20341815084672
0.0018504070195423021   236.01829818839298
0.0018848434090337953   239.88669484983092
0.0019199206655932848   243.8090031535867
0.001955650715865949   247.78560932846005
0.0019920457084538694   251.81689036124598
0.002029118018046678   255.90321246635318
0.0020668802496290823   260.0449245426706
0.0021053452427667063   264.242361434554
0.0021445260759716677   268.49584611234
0.0021844360711494263   272.80568916197
0.0022250887981283695   277.17218784450836
0.0022664980792736927   281.5956139483378
0.0023086779941871695   286.0762108233131
0.0023516428844943486   290.6142048665264
0.002395407358720877   295.2098056003888
0.00243998629725955   299.8632050520448
0.0024853948574297983   304.57457159594605
0.0025316484786313555   309.34403641847047
0.002578762887593801   314.17170613761425
0.0026267541037238358   319.05766557172205
0.0026756384445520455   324.00197703564226
0.0027254325312810277   329.0046775634602
0.002776153294436801   334.06575761650697
0.002827817979625341   339.185167610537
0.002880444153396298   344.36282999030294
0.002934049709215787   349.59863862246414
0.0029886528735503827   354.89245782605434
0.003044272212064303   360.2441087443428
0.003100926635931927   365.6533587339935
0.003158635408267819   371.11993912588105
0.0032174181506763717   376.6435463672362
0.003277294849923382   382.2238411653287
0.003338285864731761   387.86044365014874
0.0034004119327037063   393.55291581883426
0.0034636941773717343   399.3007733968929
0.003528154115380883   405.10349113228585
0.003593813663804626   410.9605019244665
0.0036606951475969024   416.8711948360053
0.0037288213071828336   422.8348932402034
0.003798215306190736   428.8508545352241
0.0038689007393279753   434.91828764928243
0.003940901640403447   441.0363528758068
0.004014242490499322   447.2041609922186
0.00408894822629486   453.4207578956455
0.004165044248545185   459.68510008650594
0.004242556430717777   465.99608335659354
0.004321511127789762   472.3525475925598
0.004401935185208874   478.7532759925821
0.004483855948021186   485.1969892243236
0.004567301270168747   491.6823076355406
0.004652299523960189   498.20776961009796
0.004738879609717651   504.7718502903969
0.0048270709656031835   511.37296105890476
0.004916903577628026   518.0094482110615
0.005008407989848212   524.6795623015724
0.005101615314749833   531.3814449807858
0.005196557243827658   538.1131653115422
0.005293266058360562   544.8727221746409
0.0053917746403875   551.6580439102778
0.005492116483887789   558.466971958576
0.005594325706169377   565.2972115802191
0.005698437059469142   572.146376837243
0.005804485942768978   579.0120058359012
0.005912508413831875   585.8915607255981
0.006022541201461928   592.7824222311382
0.006134621717992506   599.681817326702
0.006248788072006894   606.5868362859435
0.006365079081295571   613.4944865972356
0.006483534286054721   620.4016947297026
0.006604193962330305   627.3053064461512
0.006727099135712337   634.2020438835316
0.006852291595284064   641.0884588878026
0.00697981390783066   647.9610089255407
0.007109709432312431   654.8160687026297
0.007242022334607316   661.6499315181705
0.007376797602527731   668.4587883286761
0.00751408106111697   675.2386091120736
0.007653919388230148   681.9852256243746
0.007796360130405229   688.6943864973329
0.00794145171902934   695.3617596872848
0.008089243486805939   701.9829307259995
0.00823978568452852   708.5532940295215
0.008393129498166365   715.0680407716502
0.008549327066268375   721.5222775988304
0.008708431497690725   727.9110363964747
0.008870496889654403   734.2292781200301
0.00903557834613893   740.47182735829
0.009203731996618222   746.6332264428319
0.00937501501514529   752.7079082266944
0.009549485639791966   758.6902423403715
0.009727203192450537   764.5745407736555
0.009908228099003798   770.3550402488846
0.010092621909870484   776.0256883510907
0.010280447320933098   781.5802423863379
0.010471768194855203   787.0124143085715
0.010666649582795389   792.3158802675018
0.010865157746525373   797.4842862127333
0.011067360180959745   802.5110896902322
0.011273325637104871   807.389459071384
0.011483124145435111   812.1125260503411
0.011696827039703846   816.6734205046752
0.011914506981197748   821.0652812729616
0.012136237983442417   825.281189699275
0.01236209543736769   829.313877518522
0.012592156136941509   833.1559956212992
0.012826498305280598   836.8002411939151
0.0130652016212472   840.2393716714569
0.01330834724654076   843.4662029826553
0.01355601785329369   846.4733450714496
0.013808297652180923   849.2532489476699
0.014065272421052363   851.7984699659268
0.014327029534098295   854.1016936673668
0.014593657991557577   856.1557528143588
0.014865248449978571   857.953489718411
0.01514189325304352   859.4875469201313
0.015423686462966274   860.7507082729504
0.01571072389247449   861.7359761654593
0.016003103137387016   862.4365919140374
0.016300923609797412   862.8460215537407
0.016604286571875296   862.9577406942933
0.01691329517029647   862.7653989512733
0.01722805447131392   862.2629677883976
0.01754867149648152   861.4447630623669
0.017875255259042353   860.3054653869158
0.018207916800994626   858.8400943492377
0.018546769230846975   857.0440155447227
0.018891927762076644   854.9130203657094
0.019243509752303323   852.4433505854622
0.01960163474319186   849.6317180889073
0.019966424501097934   846.4754079052461
0.0203380030584698   842.9725295973539
0.020716496756020667   839.1217851208564
0.021102034285685967   834.9224063415888
0.021494746734379806   830.3741681048133
0.02189476762856621   825.4774627710532
0.022302232979659362   820.2340673183362
0.022717281330269026   814.646884570313
0.023140053801306543   808.7193669764038
0.023570694139967277   802.4555044460984
0.02400934876860652   795.8598307170735
0.02445616683452444   788.9383382489597
0.02491130026067791   781.6992995320475
0.025374903797335716   774.15160722587
0.02584713507469564   766.3045445294032
0.0263281546564802   758.167765794817
0.026818126094530128   749.7517843814761
0.027317215984413792   741.0704395605516
0.02782559402207126   732.138817638555
0.028343433061513094   722.9720547655334
0.028870909173592346   713.5852985281273
0.029408201705870607   703.9938044875797
0.029955493343598164   694.2160235973755
0.030512970171828708   684.2734908973835
0.031080821738690638   674.1873754689864
0.03165924111983521   663.9782718850802
0.03224842498408439   653.6661638104557
0.03284857366030047   643.2719459059174
0.03345989120549975   632.8203097752231
0.03408258547423452   622.33568081569
0.034716868189265594   611.8413057275899
0.03536295501355039   601.3592398452087
0.036021065623570735   590.9109917546339
0.03669142378402494   580.523091236129
0.037374257423910644   570.2238807928888
0.03806979871402284   560.0398454068023
0.038778284145894536   549.9956157686315
0.03949995461220647   540.1139797730452
0.04023505548869293   530.4132834440182
0.040983836717572615   520.9062573123399
0.04174655289253135   511.604188435495
0.042523463345286776   502.5173584070431
0.043314832233764027   493.6551023914331
0.0441209286319119   485.0287541366139
0.04494202662119142   476.66190565076585
0.045778405383766166   468.58011971323924
0.046630349297427265   460.8070128560277
0.04749814803228505   453.36444670158426
0.04838209664925957   446.2686069920726
0.04928249570040513   439.50240978093717
0.05019965133110079   433.0346451444889
0.051133875384143206   426.8357706519673
0.05208548550577666   420.8778553614775
0.05305480525369574   415.1373400817114
0.05404216420705915   409.6014318448656
0.05504789807854968   404.25992279209356
0.05607234882852027   399.1030765224451
0.05711586478126435   394.1191132330061
0.05817880074344935   389.27303016558477
0.059261518124755524   384.51831271567926
0.06036438506075864   379.8104987353903
0.06148777653810017   375.1070785066196
0.06263207452198692   370.3658833334504
0.06379766808606283   365.5459289789891
0.06498495354469888   360.60854850950585
0.06619433458774387   355.51635465307584
0.06742622241778336   350.22943218258234
0.06868103588995307   344.709580452362
0.06995920165435375   338.9223245761291
0.07126115430111746   332.84309102581665
0.07258733650817246   326.45762667629236
0.07393819919175873   319.7553669475644
0.07531420165974376   312.7350157817116
0.07671581176779302   305.41210401451923
0.07814350607844542   297.80595539061005
0.07959777002314977   289.94301220180216
0.08107909806731695   281.868176215827
0.08258799387844272   273.6283587375454
0.08412497049736119   265.27389798087887
0.08569055051268347   256.8664352945527
0.0872852662384837   248.46489959651768
0.08890965989529168   240.13211826913036
0.09056428379445294   231.937416140019
0.09224970052592174   223.94416782717337
0.0939664831495469   216.2230394049833
0.09571521538991856   208.8433379521969
0.09749649183484096   201.86407213701784
0.09931091813749801   195.3344783813845
0.10115911122238297   189.29567906337897
0.10304169949505874   183.78082013149321
0.10495932305582266   178.79191798246555
0.10691263391734772   174.3115134459944
0.10890229622637305   170.3187705040012
0.11092898648952228   166.7585649056771
0.11299339380332217   163.56535639179407
0.11509622008850312   160.6708574386598
0.11723818032865997   157.98975277373512
0.11942000281335324   155.4384536167599
0.1216424293857368   152.93052657467868
0.12390621569479156   150.37865260172623
0.1262121314522546   147.7016371150406
0.12856096069432965   144.82560794987208
0.13095350204826678   141.68695557110803
0.13339056900390586   138.24951073800162
0.1358729901902709   134.49381757099056
0.13840160965731302   130.4342773087173
0.14097728716289676   126.10975220390407
0.14360089846512605   121.58072058136743
0.146273335620113   116.92672182097091
0.14899550728528538   112.23634688898906
0.1517683390283404   107.60699001566243
0.15459277364194784   103.13599659312294
0.15746977146430868   98.92034585936344
0.160400310705682   95.04002827289608
0.16338538778098605   91.55763800943612
0.1664260176485902   88.49699133342799
0.16952323415541215   85.85294317214378
0.1726780903884356   83.57985888751907
0.17589165903277326   81.61301638931057
0.17916503273638995   79.86804374880286
0.18249932448161504   78.25454996993749
0.18589566796356882   76.67795895148667
0.18935521797562951   75.04408139084165
0.19287915080207776   73.2696470533432
0.19646866461804446   71.29393135901363
0.2001249798969035   69.09599558261426
0.20384933982524642   66.69379595170238
0.20764301072557748   64.14334270700834
0.21150728248687947   61.523243998636595
0.21544346900318823   58.921521102547516
0.21945290862033115   56.425682316508066
0.22353696459097966   54.11230338263133
0.227697025538168   52.03449066119179
0.23193450592744275   50.21463311690978
0.23625084654779452   48.64161791141744
0.24064751500154216   47.275102945366584
0.24512600620333397   46.05281045285022
0.24968784288843268   44.89695814587708
0.25433457613046484   43.726127869500964
0.25906778586880064   42.47465061052085
0.2638890814457513   41.11213316328466
0.26880010215376077   39.64799928439227
0.27380251779278575   38.118693357901876
0.27889802923804397   36.57409379136259
0.2840883690183301   35.07153644527916
0.2893753019050953   33.66794444960904
0.2947606255124859   32.40289088041179
0.30024617090855493   31.2832505052121
0.30583380323784315   30.284798401691106
0.3115254223555485   29.36689448642036
0.317322963473498   28.483842046149615
0.32322839781813806   27.591747574588876
0.3292437333007769   26.660760609761176
0.3353710152002929   25.688777442535617
0.3416123268585525   24.69948575357617
0.3479697903887695   23.726258915750748
0.3544455673970436   22.800859615963784
0.3610418597173337   21.945684097644858
0.3677609101601031   21.16603889074047
0.37460500327489893   20.447177040307338
0.38157646612712526   19.76471877280064
0.38867766908926676   19.094739893472152
0.39591102664684585   18.4196131760244
0.4032789982193705   17.736791026599107
0.41078408899656427   17.060208835888307
0.41842885079015846   16.406534013374547
0.4262158829015325   15.787491810608431
0.43414783300550924   15.209826644525752
0.4422273980505897   14.667453214305429
0.4504573251759454   14.146423750270005
0.45884041264547615   13.637585984365636
0.46737951079924633   13.134694341337674
0.4760775230226368   12.639181079008665
0.4849374067335233   12.160396900354828
0.4939621743878316   11.703168025604034
0.5031548945038057   11.269323814629026
0.5125186927053332   10.856275944338432
0.5220567527846975   10.457104658576696
0.5317723177850967   10.068762084293686
0.5416686911033146   9.690078851287046
0.5517492376129128   9.323757382257421
0.5620173848083188   8.972675637703016
0.5724766239702178   8.636558829780782
0.5831305113526218   8.3144351814625
0.593982669392035   8.003005102315138
0.6050367879391224   7.701753785611169
0.6162966255132942   7.410226538053499
0.62776601058065   7.130032797595913
0.6394488428556937   6.86075330932982
0.6513490946272796   6.602175899362526
0.6634708121092351   6.352684441929906
0.675818116816111   6.112147916436228
0.6883952069645496   5.880058866224092
0.7012063589007177   5.657033926976939
0.7142559285543119   5.442327972049052
0.7275483529196233   5.2358686931157985
0.741088151564157   5.036801902725255
0.7548799281653431   4.845129790595711
0.7689283720758305   4.660703621526969
0.7832382599179204   4.483147599092945
0.7978144572076629   4.3123853049189655
0.8126619200091946   4.147870092262018
0.8277856966198472   3.9895253340230075
0.8431909292866251   3.8372410188116897
0.8588828559546259   3.69061933646687
0.8748668120479914   3.5495595056991864
0.8911482322840202   3.413786750015828
0.9077326525210223   3.2831964645804628
0.9246257116405734   3.157579257990086
0.941833153464796   3.036735077431558
0.9593608287093147   2.9204762143985845
0.9772146969725725   2.808636067074342
0.9954008287621519   2.701056703624249
1.0139254075588142   2.5975850895591193
1.0327947319189525   2.4980728265337007
1.052015217616159   2.402374925786208
1.0715933998226712   2.310350564455518
1.0915359353313911   2.2218636910100225
1.1118496048192699   2.1367829799612275
1.1325413151528128   2.0549834338803037
1.1536181017364786   1.9763458875175282
1.1750871309048077   1.900754966223247
1.1969557023590427   1.8280989331709827
1.2192312516491095   1.7582700580410033
1.2419213527017847   1.691164853700412
1.265033720395904   1.6266831422114834
1.288576213185518   1.5647278917188723
1.3125568357718427   1.5052039558423718
1.3369837418249453   1.448014822442818
1.3618652367560828   1.3930667121678937
1.387209780541621   1.3402696831892966
1.4130259905995337   1.2895380309730775
1.4393226447194065   1.2407941196518426
1.466108684046983   1.193965188353276
1.4933932161242534   1.1489806915741487
1.521185517986105   1.1057722012632154
1.5494950393146316   1.0642723961986713
1.5783314056521165   1.0244152289276998
1.607704421673822   0.9861369643223632
1.637624074521689   0.9493761522495953
1.6681005372000592   0.9140728859873256
1.699144172034626   0.8801682564245995
1.730765534195724   0.8476055860164885
1.762975375287204   0.8163304946506371
1.7957846470020968   0.7862910987929329
1.8292045048462937   0.7574386971757827
1.8632463119315599   0.7297266863842715
1.8979216428390995   0.7031101976196851
1.9332422875550432   0.6775459782773703
1.9692202554791736   0.6529918910907436
2.005867779508234   0.6294071976834508
2.0431973201952704   0.6067527870148955
2.081221569986337   0.5849911103132313
2.119953457536069   0.5640860168234462
2.1594061521035677   0.5440027162462547
2.1995930680300746   0.5247078366447518
2.2405278693000183   0.5061693732797282
2.2822244741868962   0.48835673006705216
2.3246970599856454   0.4712407364086203
2.3679600678330788   0.45479341180547694
2.412028207618007   0.4389878982210199
2.45691646298279   0.4237983328015582
2.5026400964179167   0.40919958079114627
2.5492146544514207   0.3951674824724957
2.5966559729348724   0.38167889613148054
2.64498018242772   0.3687116404212858
2.6942037136818824   0.35624435022396334
2.7443433032283626   0.3442565130732695
2.7954159990678593   0.332728495353544
2.8474391664672476   0.3216415059098591
2.9004304938639915   0.3109775973991885
2.95440799888038   0.30071962389932105
3.009390034449718   0.29085116541747275
3.06539529505653   0.2813564932950752
3.122442823092858   0.27222037412821853
3.18055201533292   0.2634279184453518
3.2397426295281955   0.254964869360455
3.300034791125282   0.24681760944470496
3.3614490001087685   0.23897315304902458
3.4240061379714257   0.23141917923816097
3.4877274748141778   0.22414392663031027
3.552634676578139   0.21713614480069718
3.6187498124112767   0.2103850403340123
3.6860953621721615   0.20388003499656338
3.754694224073337   0.19761090371803283
3.824569722466999   0.19156789085927664
3.895745615775501   0.18574168943828112
3.9682461045694777   0.18012345392204934
4.0420958397963105   0.1747047732353657
4.1173199311616795   0.16947761292040042
4.193943955667186   0.16443429448661234
4.271993966306777   0.15956738294905015
4.3514965009250455   0.15486959859091118
4.4324785912404   0.15033398123971742
4.514967772036102   0.1459538949432378
4.598992090522438   0.14172302074330986
4.684580115873045   0.1376353665704839
4.771760948938741   0.13368522097150448
4.8605642321421385   0.1298671298929935
4.951020159556351   0.1261758690465919
5.0431594871713585   0.12260632416834086
5.137013543351339   0.11915355618286827
5.232614239486656   0.11581285705707252
5.329994080844093   0.11257973957863772
5.429186177618943   0.10944995128161085
5.5302242561929   0.10641945986852988
5.633142670601352   0.10348441607936316
5.737976414214128   0.10064114309658426
5.844761131633637   0.09788608684217648
5.95353313081437   0.09521577630886711
6.064329395408062   0.09262689311556647
6.177187597338488   0.09011627280279814
6.2921461096103375   0.08768090765111465
6.409244019356457   0.0853179684198837
6.528521141127848   0.08302476200848444
6.650018030431118   0.0807987143891413
6.7737759975177445   0.0786373593982689
6.899837121430012   0.07653829384265802
7.028244264308353   0.0744992000388734
7.159041085964888   0.0725178652772691
7.2922720587283125   0.07059217802799597
7.427982482564911   0.06872014776914062
7.566218500481047   0.06689989665496725
7.707027114212304   0.06512962863699484
7.850456200204509   0.06340762446069836
7.996554525892346   0.061732230870985304
8.145371766280737   0.06010185164220155
8.296958520834915   0.058514957842951396
8.451366330684722   0.05697008628345544
8.608647696149244   0.055465836453746406
8.768856094587427   0.054000871057590494
8.932045998580959   0.05257393766790818
9.098272894455567   0.051183848685066397
9.267593301146883   0.04982946392823623
9.440064789417603   0.04850968844372687
9.615746001432095   0.0472234705221658
9.794696670695386   0.04596979980786806
9.976977642363211   0.04474770549559409
10.162650893929952   0.04355625461016882
10.351779556301762   0.04239455036468754
10.544427935261684   0.04126173059328132
10.740661533334324   0.040156966259893574
10.940547072057436   0.03907946955226918
11.144152514667882   0.03802851046851835
11.35154708920999   0.037003389307501605
11.562801312073754   0.036003429782131835
11.777987011971181   0.0350279780962648
11.997177354358856   0.03407640205936153
12.220446866314887   0.033148090237252736
12.447871461879062   0.03224245113741553
12.679528467864339   0.03135891242725599
12.915496650148826   0.030496920183962842
13.155856240457052   0.02965593817456906
13.400688963639507   0.028835447585891124
13.650078065460137   0.028034960320297397
13.904108340900697   0.027254019753064195
14.162866162991973   0.026492181905133014
14.426439512181588   0.02574901389480237
14.694918006248173   0.02502409358637129
14.968392930772556   0.02431700925127846
15.24695727017573   0.02362735924129389
15.530705739334584   0.02295475167333649
15.819734815786015   0.02229880412550789
16.114142772530197   0.021659143343947952
16.414029711444666   0.02103540496013154
16.719497597319883   0.020427234505938148
17.030650292528428   0.01983429676177687
17.347593592339326   0.01925626876814079
17.670435260889466   0.01869283347179414
17.999285067824765   0.018143679565247647
18.33425482562289   0.017608501381839683
18.675458427610742   0.01708699879355225
19.023011886689456   0.016578877111474218
19.377033374779888   0.016083846988824813
19.737643263002553   0.015601624326451864
20.104964162604972   0.015131930180724711
20.479120966650832   0.014674490674443303
20.86024089248505   0.014229038987908399
21.24845352498883   0.013795319406823122
21.643890860640205   0.01337308125200815
22.046687352394077   0.012962077458369978
22.456979955397717   0.01256206457146185
22.874908173557042   0.012172802742535209
23.300614106969245   0.011794055722116318
23.73424250023866   0.011425590852142146
24.175940791691282   0.011067179056692553
24.625859163505442   0.010718594831352481
25.084150592775412   0.010379616231241286
25.55097090352507   0.010050024906994937
26.026478819690045   0.009729607860747917
26.510836019085364   0.009418157651819203
27.0042071883777   0.00911546996859356
27.506760079080674   0.008821343482310411
28.018665564591952   0.00853557986425488
28.540097698292374   0.008257983800127409
29.071233772725755   0.007988363001680312
29.612254379880376   0.007726528215706692
30.163343472591972   0.007472293230468959
30.724688427090037   0.007225474879651745
31.296480106707506   0.006985893043925595
31.878912926776426   0.006753370650205085
32.47218492073132   0.006527733668685978
33.07649780744242   0.006308811107744002
33.69205705980267   0.006096435006778132
34.31907197459043   0.0058904404270791804
34.95775574363272   0.005690665440804556
35.608325526292816   0.005496951118138292
36.271002523306485   0.005309141512714884
36.94601205199302   0.005127083645383589
37.63358362286532   0.004950627486389798
38.333951017665974   0.0047796259360477
39.04735236885564   0.004623665670128373
39.774030240580366   0.004623665670128373
40.51423171114647   0.004623665670128373
41.268208457029516   0.004623665670128373
42.036216838447096   0.004623665670128373
42.81851798652416   0.004623665670128373
43.615377892080055   0.004623665670128373
44.42706749606883   0.004623665670128373
45.25386278170167   0.004623665670128373
46.09604486828429   0.004623665670128373
46.95390010680063   0.004623665670128373
47.827720177274855   0.004623665670128373
48.71780218794631   0.004623665670128373
49.624448776289135   0.004623665670128373
50.547968211912355   0.004623665670128373
51.48867450137497   0.004623665670128373
52.44688749495119   0.004623665670128373
53.42293299538352   0.004623665670128373
54.41714286865888   0.004623665670128373
55.429855156846635   0.004623665670128373
56.461414193036724   0.004623665670128373
57.51217071841614   0.004623665670128373
58.58248200152536   0.004623665670128373
59.67271195973311   0.004623665670128373
60.78323128297224   0.004623665670128373
61.91441755977848   0.004623665670128373
63.066655405674055   0.004623665670128373
64.2403365939419   0.004623665670128373
65.4358601888323   0.004623665670128373
66.65363268124906   0.004623665670128373
67.89406812696113   0.004623665670128373
69.15758828738525   0.004623665670128373
70.44462277299037   0.004623665670128373
71.75560918936921   0.004623665670128373
73.09099328602903   0.004623665670128373
74.45122910795143   0.004623665670128373
75.8367791499719   0.004623665670128373
77.248114514034   0.004623665670128373
78.68571506936844   0.004623665670128373
80.15006961565398   0.004623665670128373
81.64167604921472   0.004623665670128373
83.16104153230961   0.004623665670128373
84.70868266557402   0.004623665670128373
86.28512566366886   0.004623665670128373
87.89090653419963   0.004623665670128373
89.526571259964   0.004623665670128373
91.19267598459298   0.004623665670128373
92.88978720164498   0.004623665670128373
94.61848194721992   0.004623665670128373
96.37934799615796   0.004623665670128373
98.17298406188841   0.004623665670128373
100.0   0.004623665670128373
