623.781826297 0.03927
2449.24926218 0.07854
5384.53345298 0.11781
9517.94164371 0.15708
14826.9858874 0.19635
21316.9281838 0.235619
28961.7531063 0.274889
37806.5211924 0.314159
47806.8288847 0.353429
58975.4844248 0.392699
71336.3236305 0.431969
84867.616078 0.471239
99575.8738428 0.510509
115458.7809 0.549779
132515.01473 0.589049
150748.047207 0.628319
170166.879015 0.667588
190764.962794 0.706858
212523.307998 0.746128
235473.434559 0.785398
259581.610166 0.824668
284868.418747 0.863938
311337.054305 0.903208
338982.660583 0.942478
367808.601073 0.981748
397806.66178 1.021018
428979.312616 1.060288
461320.985576 1.099557
494854.785258 1.138827
529558.717596 1.178097
565431.003415 1.217367
602491.699979 1.256637
640717.654305 1.295907
680118.895954 1.335177
720707.315419 1.374447
762465.603051 1.413717
805396.556567 1.452987
849514.203372 1.492257
894798.446827 1.531526
941263.641836 1.570796
988905.81758 1.610066
1037720.21824 1.649336
1087712.27747 1.688606
1138883.38957 1.727876
1191219.95614 1.767146
1244750.01093 1.806416
1299437.7388 1.845686
1355315.73868 1.884956
1412358.71458 1.924226
1470587.30513 1.963495
1529992.88689 2.002765
1590571.10273 2.042035
1652326.37337 2.081305
1715250.64509 2.120575
1779359.6871 2.159845
1844644.3131 2.199115
1911096.31117 2.238385
1978732.98748 2.277655
2047551.99864 2.316925
2117536.74811 2.356195
2188697.01466 2.395464
2261032.42491 2.434734
2334555.04012 2.474004
2409243.78673 2.513274
2485109.24886 2.552544
2562150.5479 2.591814
2640377.51745 2.631084
2719774.81357 2.670354
2800345.1423 2.709624
2882092.66603 2.748894
2965016.01835 2.788164
3049118.01738 2.827433
3134390.91253 2.866703
3220848.37093 2.905973
3308479.2816 2.945243
3397285.23606 2.984513
3487270.42812 3.023783
3578423.41514 3.063053
3670756.64896 3.102323
3764271.62164 3.141593
3858957.22172 3.180863
3954819.61171 3.220133
4051850.62273 3.259402
4150074.84369 3.298672
4249462.54942 3.337942
4350029.04386 3.377212
4451775.53326 3.416482
4554693.98526 3.455752
4658794.67858 3.495022
4764065.92548 3.534292
4870511.62915 3.573562
4978138.38315 3.612832
5086939.15917 3.652102
5196911.01093 3.691371
5308066.93139 3.730641
5420394.38261 3.769911
5533903.19646 3.809181
5648581.51551 3.848451
5764440.55318 3.887721
5881481.48896 3.926991
5999684.61389 3.966261
6119069.31856 4.005531
6239636.35811 4.044801
6361373.62755 4.084071
6484286.38611 4.12334
6608373.37685 4.16261
6733644.09831 4.20188
6860089.46545 4.24115
6987707.27894 4.28042
7116506.18373 4.31969
7246478.93558 4.35896
7377624.42231 4.39823
7509947.89153 4.4375
7643450.44989 4.47677
7778129.73347 4.51604
7913979.49961 4.555309
8051005.43863 4.594579
8189212.47654 4.633849
8328593.85589 4.673119
8469152.28528 4.712389
8610885.56856 4.751659
8753795.89514 4.790929
8897881.41036 4.830199
9043140.62251 4.869469
9189584.26668 4.908739
9337201.25734 4.948009
9485985.78596 4.987278
9635954.79385 5.026548
9787095.95173 5.065818
9939417.30428 5.105088
10092913.0207 5.144358
10247585.8476 5.183628
10403430.818 5.222898
10560454.6146 5.262168
10718660.5198 5.301438
10878034.1686 5.340708
11038592.3456 5.379978
11200311.3965 5.419247
11363217.9177 5.458517
11527300.1339 5.497787
11692558.722 5.537057
11858994.0751 5.576327
12026605.6552 5.615597
12195391.5035 5.654867
12365355.8075 5.694137
12536494.7871 5.733407
12708805.4046 5.772677
12882298.4194 5.811947
13056961.2969 5.851216
13232803.3454 5.890486
13409825.0152 5.929756
13588017.8302 5.969026
13767392.3307 6.008296
13947939.6222 6.047566
14129664.9845 6.086836
14312571.7546 6.126106
14496641.8758 6.165376
14681893.6729 6.204646
14868324.3233 6.243916
15055919.5876 6.283185
15244707.474 6.322455
15434665.6014 6.361725
15625803.1885 6.400995
15818109.2879 6.440265
16011598.1637 6.479535
16206260.5258 6.518805
16402097.2103 6.558075
16599111.4947 6.597345
16797301.5746 6.636615
16996671.2156 6.675885
17197206.5541 6.715154
17398926.4197 6.754424
17601824.5781 6.793694
17805896.2403 6.832964
18011145.8553 6.872234
18217569.8691 6.911504
18425171.4973 6.950774
18633946.1756 6.990044
18843898.4712 7.029314
19055027.1074 7.068584
19267334.7813 7.107854
19480807.9398 7.147123
19695471.4061 7.186393
19911305.2145 7.225663
20128317.9937 7.264933
20346500.5034 7.304203
20565861.39 7.343473
20786399.419 7.382743
21008117.5583 7.422013
21231009.8107 7.461283
21455078.1768 7.500553
21680319.7209 7.539823
21906739.4213 7.579092
22134334.1569 7.618362
22363103.1026 7.657632
22593053.0008 7.696902
22824181.871 7.736172
23056475.4322 7.775442
23289956.5248 7.814712
23524609.003 7.853982
23760440.4189 7.893252
23997446.0793 7.932522
24235628.7904 7.971792
24474982.4296 8.011061
24715514.59 8.050331
24957227.4575 8.089601
25200115.5187 8.128871
25444178.7879 8.168141
25689420.8761 8.207411
25935834.5857 8.246681
26183428.889 8.285951
26432196.6312 8.325221
26682140.4981 8.364491
26933261.3688 8.403761
27185547.5473 8.44303
27439018.905 8.4823
27693668.9968 8.52157
27949492.6145 8.56084
28206500.0932 8.60011
28464677.6591 8.63938
28724030.4976 8.67865
28984560.3143 8.71792
29246268.784 8.75719
29509148.3221 8.79646
29773209.0207 8.83573
30038439.0552 8.874999
30304851.9342 8.914269
30572436.7981 8.953539
30841202.7301 8.992809
31111142.3118 9.032079
31382254.7626 9.071349
31654546.6062 9.110619
31928017.8013 9.149889
32202662.6848 9.189159
32478490.886 9.228429
32755484.7934 9.267699
33033650.13 9.306968
33313000.243 9.346238
33593528.8314 9.385508
33875231.1677 9.424778
34158109.6219 9.464048
34442162.6414 9.503318
34727396.4339 9.542588
35013800.9291 9.581858
35301386.1669 9.621128
35590147.5077 9.660398
35880084.1914 9.699668
36171187.2847 9.738937
36463476.9251 9.778207
36756944.9274 9.817477
37051587.5215 9.856747
37347403.2347 9.896017
37644396.5605 9.935287
37942568.2221 9.974557
38241911.5606 10.013827
