6.024e+02 0.039270
3.243e+03 0.078540
4.547e+03 0.117810
7.266e+03 0.157080
1.026e+04 0.196350
1.441e+04 0.235619
1.674e+04 0.274889
2.202e+04 0.314159
2.510e+04 0.353429
2.687e+04 0.392699
3.164e+04 0.431969
3.533e+04 0.471239
3.909e+04 0.510509
4.322e+04 0.549779
4.660e+04 0.589049
4.975e+04 0.628319
5.638e+04 0.667588
6.328e+04 0.706858
6.679e+04 0.746128
7.502e+04 0.785398
7.711e+04 0.824668
8.027e+04 0.863938
8.551e+04 0.903208
9.127e+04 0.942478
9.770e+04 0.981748
1.041e+05 1.021018
1.101e+05 1.060288
1.126e+05 1.099557
1.213e+05 1.138827
1.285e+05 1.178097
1.325e+05 1.217367
1.424e+05 1.256637
1.465e+05 1.295907
1.502e+05 1.335177
1.594e+05 1.374447
1.659e+05 1.413717
1.709e+05 1.452987
1.808e+05 1.492257
1.872e+05 1.531526
1.958e+05 1.570796
2.045e+05 1.610066
2.106e+05 1.649336
2.181e+05 1.688606
2.285e+05 1.727876
2.316e+05 1.767146
2.450e+05 1.806416
2.479e+05 1.845686
2.599e+05 1.884956
2.623e+05 1.924226
2.749e+05 1.963495
2.864e+05 2.002765
2.964e+05 2.042035
3.055e+05 2.081305
3.088e+05 2.120575
3.221e+05 2.159845
3.340e+05 2.199115
3.381e+05 2.238385
3.491e+05 2.277655
3.654e+05 2.316925
3.726e+05 2.356195
3.819e+05 2.395464
3.869e+05 2.434734
4.052e+05 2.474004
4.128e+05 2.513274
4.196e+05 2.552544
4.279e+05 2.591814
4.453e+05 2.631084
4.583e+05 2.670354
4.642e+05 2.709624
4.756e+05 2.748894
4.845e+05 2.788164
4.970e+05 2.827433
5.055e+05 2.866703
5.231e+05 2.905973
5.328e+05 2.945243
5.457e+05 2.984513
5.613e+05 3.023783
5.693e+05 3.063053
5.794e+05 3.102323
5.953e+05 3.141593
6.049e+05 3.180863
6.208e+05 3.220133
6.278e+05 3.259402
6.495e+05 3.298672
6.564e+05 3.337942
6.694e+05 3.377212
6.818e+05 3.416482
6.940e+05 3.455752
7.153e+05 3.495022
7.260e+05 3.534292
7.365e+05 3.573562
7.551e+05 3.612832
7.631e+05 3.652102
7.763e+05 3.691371
7.952e+05 3.730641
8.064e+05 3.769911
8.225e+05 3.809181
8.342e+05 3.848451
8.475e+05 3.887721
8.733e+05 3.926991
8.790e+05 3.966261
8.940e+05 4.005531
9.133e+05 4.044801
9.282e+05 4.084071
9.422e+05 4.123340
9.516e+05 4.162610
9.730e+05 4.201880
9.862e+05 4.241150
1.002e+06 4.280420
1.024e+06 4.319690
1.041e+06 4.358960
1.051e+06 4.398230
1.067e+06 4.437500
1.085e+06 4.476770
1.112e+06 4.516040
1.125e+06 4.555309
1.139e+06 4.594579
1.158e+06 4.633849
1.173e+06 4.673119
1.194e+06 4.712389
1.209e+06 4.751659
1.229e+06 4.790929
1.241e+06 4.830199
1.255e+06 4.869469
1.282e+06 4.908739
1.298e+06 4.948009
1.315e+06 4.987278
1.337e+06 5.026548
1.357e+06 5.065818
1.376e+06 5.105088
1.395e+06 5.144358
1.411e+06 5.183628
1.428e+06 5.222898
1.441e+06 5.262168
1.471e+06 5.301438
1.480e+06 5.340708
1.513e+06 5.379978
1.524e+06 5.419247
1.547e+06 5.458517
1.567e+06 5.497787
1.592e+06 5.537057
1.615e+06 5.576327
1.630e+06 5.615597
1.657e+06 5.654867
1.688e+06 5.694137
1.702e+06 5.733407
1.715e+06 5.772677
1.746e+06 5.811947
1.770e+06 5.851216
1.790e+06 5.890486
1.814e+06 5.929756
1.831e+06 5.969026
1.860e+06 6.008296
1.891e+06 6.047566
1.905e+06 6.086836
1.943e+06 6.126106
1.950e+06 6.165376
1.981e+06 6.204646
1.999e+06 6.243916
2.007e+06 6.283185
2.051e+06 6.322455
2.069e+06 6.361725
2.101e+06 6.400995
2.127e+06 6.440265
2.155e+06 6.479535
2.180e+06 6.518805
2.197e+06 6.558075
2.227e+06 6.597345
2.256e+06 6.636615
2.280e+06 6.675885
2.286e+06 6.715154
2.327e+06 6.754424
2.368e+06 6.793694
2.385e+06 6.832964
2.410e+06 6.872234
2.438e+06 6.911504
2.464e+06 6.950774
2.494e+06 6.990044
2.519e+06 7.029314
2.549e+06 7.068584
2.582e+06 7.107854
2.591e+06 7.147123
2.642e+06 7.186393
2.673e+06 7.225663
2.701e+06 7.264933
2.730e+06 7.304203
2.753e+06 7.343473
2.785e+06 7.382743
2.819e+06 7.422013
2.850e+06 7.461283
2.883e+06 7.500553
2.914e+06 7.539823
2.944e+06 7.579092
2.989e+06 7.618362
3.011e+06 7.657632
3.037e+06 7.696902
3.089e+06 7.736172
3.106e+06 7.775442
3.136e+06 7.814712
3.171e+06 7.853982
3.207e+06 7.893252
3.242e+06 7.932522
3.280e+06 7.971792
3.325e+06 8.011061
3.359e+06 8.050331
3.388e+06 8.089601
3.418e+06 8.128871
3.458e+06 8.168141
3.495e+06 8.207411
3.535e+06 8.246681
3.573e+06 8.285951
3.609e+06 8.325221
3.650e+06 8.364491
3.695e+06 8.403761
3.708e+06 8.443030
3.765e+06 8.482300
3.798e+06 8.521570
3.836e+06 8.560840
3.881e+06 8.600110
3.909e+06 8.639380
3.958e+06 8.678650
3.999e+06 8.717920
4.053e+06 8.757190
4.083e+06 8.796460
4.126e+06 8.835730
4.167e+06 8.874999
4.205e+06 8.914269
4.247e+06 8.953539
4.300e+06 8.992809
4.333e+06 9.032079
4.378e+06 9.071349
4.397e+06 9.110619
4.471e+06 9.149889
4.504e+06 9.189159
4.580e+06 9.228429
4.621e+06 9.267699
4.656e+06 9.306968
4.698e+06 9.346238
4.752e+06 9.385508
4.815e+06 9.424778
4.874e+06 9.464048
4.909e+06 9.503318
4.967e+06 9.542588
5.007e+06 9.581858
5.058e+06 9.621128
5.100e+06 9.660398
5.157e+06 9.699668
5.203e+06 9.738937
5.265e+06 9.778207
5.318e+06 9.817477
5.382e+06 9.856747
5.439e+06 9.896017
5.483e+06 9.935287
5.538e+06 9.974557
5.604e+06 10.013827
