2.255e+03 0.039270
1.208e+04 0.078540
1.666e+04 0.117810
2.679e+04 0.157080
3.769e+04 0.196350
5.287e+04 0.235619
6.129e+04 0.274889
8.000e+04 0.314159
9.084e+04 0.353429
9.658e+04 0.392699
1.143e+05 0.431969
1.273e+05 0.471239
1.406e+05 0.510509
1.547e+05 0.549779
1.671e+05 0.589049
1.778e+05 0.628319
2.015e+05 0.667588
2.242e+05 0.706858
2.372e+05 0.746128
2.670e+05 0.785398
2.734e+05 0.824668
2.838e+05 0.863938
3.032e+05 0.903208
3.234e+05 0.942478
3.418e+05 0.981748
3.666e+05 1.021018
3.882e+05 1.060288
3.955e+05 1.099557
4.255e+05 1.138827
4.499e+05 1.178097
4.644e+05 1.217367
5.004e+05 1.256637
5.134e+05 1.295907
5.277e+05 1.335177
5.572e+05 1.374447
5.794e+05 1.413717
5.996e+05 1.452987
6.303e+05 1.492257
6.539e+05 1.531526
6.844e+05 1.570796
7.108e+05 1.610066
7.346e+05 1.649336
7.559e+05 1.688606
7.942e+05 1.727876
8.102e+05 1.767146
8.518e+05 1.806416
8.683e+05 1.845686
9.062e+05 1.884956
9.141e+05 1.924226
9.553e+05 1.963495
9.935e+05 2.002765
1.028e+06 2.042035
1.062e+06 2.081305
1.071e+06 2.120575
1.121e+06 2.159845
1.158e+06 2.199115
1.176e+06 2.238385
1.215e+06 2.277655
1.272e+06 2.316925
1.300e+06 2.356195
1.333e+06 2.395464
1.339e+06 2.434734
1.409e+06 2.474004
1.439e+06 2.513274
1.468e+06 2.552544
1.494e+06 2.591814
1.539e+06 2.631084
1.602e+06 2.670354
1.607e+06 2.709624
1.656e+06 2.748894
1.690e+06 2.788164
1.733e+06 2.827433
1.758e+06 2.866703
1.822e+06 2.905973
1.856e+06 2.945243
1.902e+06 2.984513
1.955e+06 3.023783
1.987e+06 3.063053
2.023e+06 3.102323
2.074e+06 3.141593
2.111e+06 3.180863
2.164e+06 3.220133
2.198e+06 3.259402
2.274e+06 3.298672
2.297e+06 3.337942
2.344e+06 3.377212
2.373e+06 3.416482
2.431e+06 3.455752
2.497e+06 3.495022
2.541e+06 3.534292
2.589e+06 3.573562
2.642e+06 3.612832
2.673e+06 3.652102
2.722e+06 3.691371
2.804e+06 3.730641
2.841e+06 3.769911
2.878e+06 3.809181
2.929e+06 3.848451
2.969e+06 3.887721
3.056e+06 3.926991
3.099e+06 3.966261
3.148e+06 4.005531
3.225e+06 4.044801
3.276e+06 4.084071
3.319e+06 4.123340
3.356e+06 4.162610
3.431e+06 4.201880
3.471e+06 4.241150
3.552e+06 4.280420
3.600e+06 4.319690
3.678e+06 4.358960
3.722e+06 4.398230
3.776e+06 4.437500
3.832e+06 4.476770
3.924e+06 4.516040
3.974e+06 4.555309
4.031e+06 4.594579
4.131e+06 4.633849
4.170e+06 4.673119
4.234e+06 4.712389
4.301e+06 4.751659
4.374e+06 4.790929
4.427e+06 4.830199
4.475e+06 4.869469
4.570e+06 4.908739
4.631e+06 4.948009
4.714e+06 4.987278
4.807e+06 5.026548
4.863e+06 5.065818
4.914e+06 5.105088
4.976e+06 5.144358
5.071e+06 5.183628
5.124e+06 5.222898
5.196e+06 5.262168
5.288e+06 5.301438
5.341e+06 5.340708
5.424e+06 5.379978
5.498e+06 5.419247
5.590e+06 5.458517
5.643e+06 5.497787
5.746e+06 5.537057
5.838e+06 5.576327
5.902e+06 5.615597
5.994e+06 5.654867
6.106e+06 5.694137
6.144e+06 5.733407
6.240e+06 5.772677
6.353e+06 5.811947
6.428e+06 5.851216
6.518e+06 5.890486
6.550e+06 5.929756
6.687e+06 5.969026
6.779e+06 6.008296
6.852e+06 6.047566
6.961e+06 6.086836
7.062e+06 6.126106
7.126e+06 6.165376
7.242e+06 6.204646
7.340e+06 6.243916
7.359e+06 6.283185
7.516e+06 6.322455
7.607e+06 6.361725
7.710e+06 6.400995
7.815e+06 6.440265
7.917e+06 6.479535
8.018e+06 6.518805
8.091e+06 6.558075
8.194e+06 6.597345
8.306e+06 6.636615
8.415e+06 6.675885
8.478e+06 6.715154
8.608e+06 6.754424
8.747e+06 6.793694
8.866e+06 6.832964
8.940e+06 6.872234
9.048e+06 6.911504
9.133e+06 6.950774
9.258e+06 6.990044
9.379e+06 7.029314
9.503e+06 7.068584
9.621e+06 7.107854
9.675e+06 7.147123
9.817e+06 7.186393
9.980e+06 7.225663
1.007e+07 7.264933
1.022e+07 7.304203
1.036e+07 7.343473
1.045e+07 7.382743
1.053e+07 7.422013
1.070e+07 7.461283
1.081e+07 7.500553
1.092e+07 7.539823
1.110e+07 7.579092
1.118e+07 7.618362
1.136e+07 7.657632
1.147e+07 7.696902
1.162e+07 7.736172
1.175e+07 7.775442
1.186e+07 7.814712
1.201e+07 7.853982
1.216e+07 7.893252
1.230e+07 7.932522
1.243e+07 7.971792
1.254e+07 8.011061
1.266e+07 8.050331
1.285e+07 8.089601
1.302e+07 8.128871
1.313e+07 8.168141
1.331e+07 8.207411
1.341e+07 8.246681
1.364e+07 8.285951
1.379e+07 8.325221
1.389e+07 8.364491
1.406e+07 8.403761
1.421e+07 8.443030
1.442e+07 8.482300
1.454e+07 8.521570
1.468e+07 8.560840
1.488e+07 8.600110
1.505e+07 8.639380
1.520e+07 8.678650
1.538e+07 8.717920
1.554e+07 8.757190
1.572e+07 8.796460
1.585e+07 8.835730
1.604e+07 8.874999
1.625e+07 8.914269
1.642e+07 8.953539
1.666e+07 8.992809
1.680e+07 9.032079
1.696e+07 9.071349
1.707e+07 9.110619
1.730e+07 9.149889
1.751e+07 9.189159
1.771e+07 9.228429
1.786e+07 9.267699
1.804e+07 9.306968
1.826e+07 9.346238
1.844e+07 9.385508
1.866e+07 9.424778
1.885e+07 9.464048
1.909e+07 9.503318
1.922e+07 9.542588
1.954e+07 9.581858
1.964e+07 9.621128
1.985e+07 9.660398
2.010e+07 9.699668
2.028e+07 9.738937
2.054e+07 9.778207
2.076e+07 9.817477
2.099e+07 9.856747
2.118e+07 9.896017
2.138e+07 9.935287
2.169e+07 9.974557
2.183e+07 10.013827
