297.192737352 10.013827
2377.54189881 10.013827
8024.2039085 10.013827
19020.3351905 10.013827
37149.092169 10.013827
64192.8139347 10.013827
101935.99643 10.013827
152161.228486 10.013827
216651.666527 10.013827
297190.466978 10.013827
395560.786262 10.013827
513545.780804 10.013827
652928.607027 10.013827
815492.421357 10.013827
1003020.38022 10.013827
1217295.64003 10.013827
1460094.79585 10.013827
1733213.33222 10.013827
2038428.5934 10.013827
2377523.73582 10.013827
2752281.91591 10.013827
3164486.29009 10.013827
3615920.01479 10.013827
4108366.24643 10.013827
4643608.14143 10.013827
5223428.85622 10.013827
5849611.54722 10.013827
6523921.57116 10.013827
7248176.38974 10.013827
8024142.6084 10.013827
8853603.38355 10.013827
9738341.87164 10.013827
10680141.2291 10.013827
11680784.6123 10.013827
12742055.1777 10.013827
13865736.0817 10.013827
15053610.4808 10.013827
16307461.5313 10.013827
17629037.8574 10.013827
19020189.8866 10.013827
20482667.9911 10.013827
22018255.3273 10.013827
23628735.0517 10.013827
25315890.3208 10.013827
27081504.2908 10.013827
28927360.1183 10.013827
30855240.9597 10.013827
32866929.9714 10.013827
34964210.3099 10.013827
37148808.3722 10.013827
39422618.5403 10.013827
41787369.4589 10.013827
44244844.2846 10.013827
46796826.1737 10.013827
49445098.2827 10.013827
52191443.768 10.013827
55037645.786 10.013827
57985487.4931 10.013827
61036752.0458 10.013827
64193222.6005 10.013827
67456597.8331 10.013827
70828827.0684 10.013827
74311611.7296 10.013827
77906734.9731 10.013827
81615979.9553 10.013827
85441129.8326 10.013827
89383967.7614 10.013827
93446276.8982 10.013827
97629840.3994 10.013827
101936441.421 10.013827
106367863.121 10.013827
110925770.958 10.013827
115612180.189 10.013827
120428759.521 10.013827
125377292.11 10.013827
130459561.114 10.013827
135677349.688 10.013827
141032440.989 10.013827
146526618.173 10.013827
152161664.396 10.013827
157939362.816 10.013827
163861496.588 10.013827
169929692.463 10.013827
176146042.618 10.013827
182512177.55 10.013827
189029880.414 10.013827
195700934.367 10.013827
202527122.566 10.013827
209510228.167 10.013827
216652034.327 10.013827
223954324.201 10.013827
231418880.947 10.013827
239047487.72 10.013827
246841727.068 10.013827
254803779.075 10.013827
262935230.534 10.013827
271237864.601 10.013827
279713464.433 10.013827
288363813.185 10.013827
297190694.015 10.013827
306195890.078 10.013827
315381184.531 10.013827
324748360.532 10.013827
334299201.235 10.013827
344035239.489 10.013827
353958754.277 10.013827
364071283.192 10.013827
374374609.39 10.013827
384870516.028 10.013827
395560786.262 10.013827
406447203.248 10.013827
417531550.144 10.013827
428815610.105 10.013827
440301166.288 10.013827
451990001.849 10.013827
463883594.444 10.013827
475984332.941 10.013827
488293700.24 10.013827
500813479.498 10.013827
513545453.87 10.013827
526491406.515 10.013827
539653120.586 10.013827
553032379.243 10.013827
566630965.639 10.013827
580450662.933 10.013827
594493254.281 10.013827
608760156.65 10.013827
623253879.785 10.013827
637975846.397 10.013827
652927839.642 10.013827
668111642.678 10.013827
683529038.661 10.013827
699181810.746 10.013827
715071742.091 10.013827
731200615.852 10.013827
747570215.186 10.013827
764182323.248 10.013827
781038290.826 10.013827
798140759.526 10.013827
815491086.379 10.013827
833091054.541 10.013827
850942447.168 10.013827
869047047.417 10.013827
887406638.445 10.013827
906023003.407 10.013827
924897925.461 10.013827
944033187.762 10.013827
963430573.467 10.013827
983091361.688 10.013827
1003018336.88 10.013827
1023212784.9 10.013827
1043676488.91 10.013827
1064411232.06 10.013827
1085418797.5 10.013827
1106700968.4 10.013827
1128259527.91 10.013827
1150096259.18 10.013827
1172212945.38 10.013827
1194611369.66 10.013827
1217292733.95 10.013827
1240259976.57 10.013827
1263514306.69 10.013827
1287057507.47 10.013827
1310891362.07 10.013827
1335017653.63 10.013827
1359438165.33 10.013827
1384154680.31 10.013827
1409168981.74 10.013827
1434482852.76 10.013827
1460098076.53 10.013827
1486015772.34 10.013827
1512239043.31 10.013827
1538769016.46 10.013827
1565607474.94 10.013827
1592756201.91 10.013827
1620216980.53 10.013827
1647991593.95 10.013827
1676081825.34 10.013827
1704489457.84 10.013827
1733216274.61 10.013827
1762264058.82 10.013827
1791633841.57 10.013827
1821328901.82 10.013827
1851350278.92 10.013827
1881699756.03 10.013827
1912379116.3 10.013827
1943390142.9 10.013827
1974734618.98 10.013827
2006414327.7 10.013827
2038431052.21 10.013827
2070786575.66 10.013827
2103482681.22 10.013827
2136520306.36 10.013827
2169902916.81 10.013827
2203631458.79 10.013827
2237707715.46 10.013827
2272133469.97 10.013827
2306910505.48 10.013827
2342040605.14 10.013827
2377525552.12 10.013827
2413367129.56 10.013827
2449567120.62 10.013827
2486127308.47 10.013827
2523048531.41 10.013827
2560334453.0 10.013827
2597985920.8 10.013827
2636004717.95 10.013827
2674392627.62 10.013827
2713151432.97 10.013827
2752282917.15 10.013827
2791788863.31 10.013827
2831671054.61 10.013827
2871931274.21 10.013827
2912571305.27 10.013827
2953591881.47 10.013827
2994996875.12 10.013827
3036787029.65 10.013827
3078964128.22 10.013827
3121529953.98 10.013827
3164486290.09 10.013827
3207834919.71 10.013827
3251577625.99 10.013827
3295716192.08 10.013827
3340252401.15 10.013827
3385188036.35 10.013827
3430523721.23 10.013827
3476263547.87 10.013827
3522408150.07 10.013827
3568959310.99 10.013827
3615918813.77 10.013827
3663288441.57 10.013827
3711069977.56 10.013827
3759265204.88 10.013827
3807875906.69 10.013827
3856903866.16 10.013827
3906350866.43 10.013827
3956217415.41 10.013827
4006507835.98 10.013827
4057222646.78 10.013827
4108363630.96 10.013827
4159932571.69 10.013827
4211931252.12 10.013827
4264361455.4 10.013827
4317224964.69 10.013827
4370523563.15 10.013827
4424259033.94 10.013827
4478433160.21 10.013827
4533046328.75 10.013827
4588103104.16 10.013827
4643603884.49 10.013827
4699550452.87 10.013827
4755944592.47 10.013827
4812788086.45 10.013827
4870082717.96 10.013827
4927830270.15 10.013827
