1825348.9001506704  0.03927
1937142.7275634604  0.043197
2028428.08582613  0.047124
2090075.7274063013  0.051051
2126610.569388194  0.054978
2143969.6857414045  0.058905
2151220.403811283  0.062832
2158574.0952984653  0.066759
2173900.421034866  0.070686
2202442.316685167  0.074613
2245594.3984752162  0.07854
2277549.5878395885  0.082467
2312787.8524528234  0.086394
2342968.916192827  0.090321
2357854.4951372324  0.094248
2346034.934758998  0.098175
2297920.1145745665  0.102102
2207897.7676566993  0.106029
2077828.3702464707  0.109956
1914146.4811158585  0.113883
1725340.5535750291  0.11781
1718932.983019162  0.121737
1712026.486981766  0.125664
1709135.5928582002  0.129591
1713311.7151720363  0.133518
1725998.521867104  0.13744499999999998
1746778.0468484021  0.141372
1773583.0749660477  0.145299
1803123.8017902044  0.149226
1830982.845291407  0.15315299999999998
1852095.1315828003  0.15708
1899321.8566372017  0.161007
1934037.3231488976  0.164934
1954240.2842370558  0.168861
1960010.7512023465  0.172788
1953458.1434784564  0.17671499999999998
1938225.4024816263  0.180642
1918033.3556548664  0.184569
1896523.8777563644  0.188496
1876863.0364822308  0.19242299999999998
1861213.4404345483  0.19635
1888856.1207475963  0.200277
1923647.9249134785  0.204204
1964436.9514642223  0.20813099999999998
2009158.803715924  0.212058
2055142.8329333032  0.215985
2099547.651666326  0.219912
2138954.6695114407  0.22383899999999998
2171464.9143542033  0.227766
2194850.1192784715  0.231693
2209443.631531039  0.23562
2206742.622556785  0.23954699999999998
2197024.5982389874  0.243474
2182455.810763634  0.247401
2165456.1214992716  0.251328
2148422.0749815325  0.255255
2132913.005693792  0.259182
2119633.4872478973  0.26310900000000004
2108402.089781432  0.267036
2098355.2731030667  0.27096299999999995
2088239.7807520896  0.27488999999999997
2129256.2956011174  0.278817
2170552.734053761  0.282744
2210500.570386275  0.286671
2247523.4762664293  0.290598
2280465.6919234353  0.29452500000000004
2308853.3032546784  0.29845200000000005
2332861.298160834  0.30237899999999995
2353047.1424407144  0.30630599999999997
2370502.1499135364  0.310233
2386343.2248015064  0.31416
2387345.2994165793  0.318087
2388294.1042867256  0.322014
2390016.069959832  0.32594100000000004
2392900.6809298107  0.32986800000000005
2396767.9834981007  0.33379499999999995
2401134.2900762907  0.33772199999999997
2405174.7033981807  0.341649
2408082.108193755  0.345576
2409104.926567947  0.349503
2407129.127101115  0.35343
2409045.723177146  0.35735700000000004
2407353.1276216093  0.36128400000000005
2401996.692690264  0.36521099999999995
2393241.78350227  0.36913799999999997
2381259.172703284  0.373065
2366778.6420897525  0.376992
2350062.2369082384  0.380919
2331736.5587747246  0.384846
2312077.370429605  0.38877300000000004
2291416.1491466896  0.39270000000000005
2311737.7573972107  0.39662699999999995
2332709.7896081926  0.40055399999999997
2354111.64590145  0.404481
2375515.3320217594  0.408408
2396715.6795848557  0.412335
2417227.0253740214  0.416262
2436872.422795328  0.42018900000000003
2455514.68750661  0.42411600000000005
2472598.5975722456  0.42804299999999995
2488276.121317562  0.43196999999999997
2498205.9973766482  0.435897
2506633.8455283158  0.439824
2513951.0606412496  0.443751
2520416.0938189873  0.447678
2526127.0805936577  0.45160500000000003
2531100.9638435026  0.45553200000000005
2535569.722570463  0.45945899999999995
2539614.7413235563  0.46338599999999996
2543258.697144722  0.467313
2546299.4935945095  0.47124
2557501.1126043256  0.475167
2568067.206750711  0.479094
2577841.2109529893  0.48302100000000003
2586722.4242387884  0.48694800000000005
2594549.720302243  0.49087499999999995
2601272.190525321  0.49480199999999996
2606880.41546104  0.498729
2611344.462945317  0.502656
2614711.7084680614  0.506583
2617084.2872596793  0.51051
2627099.0499000666  0.514437
2636572.2608435606  0.518364
2645493.7506223377  0.522291
2653896.9106570804  0.526218
2661808.0019160495  0.530145
2669243.5551806665  0.534072
2676185.7131907656  0.537999
2682570.6279671453  0.541926
2688295.639129242  0.545853
2693257.379307177  0.54978
2701035.737208952  0.5537070000000001
2708068.5480893436  0.5576340000000001
2714349.4650554187  0.561561
2719861.1032146886  0.565488
2724571.4462172124  0.569415
2728463.6326036276  0.573342
2731559.7301959395  0.577269
2733911.16818804  0.581196
2735567.671983222  0.5851230000000001
2736545.003452708  0.58905
2741102.076055314  0.592977
2745056.274383296  0.596904
2748398.688405229  0.600831
2751134.3246869887  0.604758
2753263.233800988  0.608685
2754755.8712440394  0.612612
2755551.0966961677  0.6165390000000001
2755560.8871424682  0.6204660000000001
2754748.260163782  0.624393
2753171.313691708  0.62832
2774644.126584419  0.632247
2795960.4375815885  0.636174
2817116.442396403  0.640101
2838108.442954397  0.644028
2858933.8785903472  0.6479550000000001
2879595.9846536787  0.651882
2900103.832242998  0.655809
2920377.032641328  0.659736
2940517.9419002375  0.663663
2960523.589838945  0.66759
2979105.4971407354  0.671517
2997515.9667647267  0.675444
3015752.4713919153  0.6793710000000001
3033742.23188793  0.6832980000000001
3051461.3147642603  0.687225
3068993.0474917833  0.691152
3086335.172743209  0.695079
3103485.4748358745  0.699006
3120441.7748580086  0.702933
3137027.694690058  0.70686
3142738.3742935  0.7107870000000001
3147988.537809724  0.714714
3152773.1505800798  0.718641
3157087.1365486844  0.722568
3160716.33724893  0.726495
3163854.161293847  0.730422
3166502.1958697336  0.734349
3168655.35759737  0.738276
3170191.55039031  0.7422030000000001
3171113.6455346807  0.7461300000000001
3196119.534983592  0.750057
3221166.8571701194  0.753984
3246166.697295453  0.757911
3271037.5923046456  0.761838
3295948.4661113424  0.765765
3320901.1658402043  0.769692
3345767.883467149  0.7736190000000001
3370519.889802911  0.777546
3395313.075227235  0.781473
3420135.6775901727  0.7854
3417369.5406877836  0.789327
3413979.347169063  0.793254
3410032.069197175  0.797181
3405443.810438512  0.801108
3400043.9866312253  0.8050350000000001
3394069.9188877363  0.8089620000000001
3387515.8975953623  0.812889
3380088.0819048584  0.816816
3372025.1429562927  0.820743
3363371.454643079  0.82467
3365234.3647547  0.828597
3366590.9902655687  0.832524
3367571.4276540102  0.8364510000000001
3368007.947359554  0.840378
3367871.534347017  0.844305
3367349.03248276  0.848232
3366286.9392811935  0.852159
3364616.840184972  0.856086
3362550.504579807  0.860013
3359925.9028858487  0.86394
3371141.0166673386  0.867867
3382235.7152967863  0.8717940000000001
3392997.2062268867  0.875721
3403461.7574299793  0.879648
3413804.100539025  0.883575
3423734.2633778905  0.887502
3433429.9909938457  0.891429
3443001.638817912  0.895356
3452052.5438542194  0.899283
3460963.087237012  0.90321
3472544.282928094  0.907137
3483737.3968229587  0.911064
3494858.866567146  0.914991
3505646.60263146  0.918918
3516188.1182868634  0.922845
3526657.638349848  0.926772
3536609.3520112233  0.930699
3546486.645377099  0.9346260000000001
3556092.079012931  0.938553
3565365.4365445664  0.94248
3574671.719002882  0.946407
3583477.024085097  0.950334
3592171.5957757886  0.954261
3600585.8018655553  0.958188
3608657.5279442556  0.962115
3616657.512533777  0.966042
3624099.860683799  0.969969
3631466.0496579455  0.973896
3638469.044166755  0.977823
3645195.07719236  0.98175
3660173.429868944  0.985677
3674820.902758354  0.989604
3689544.55125788  0.993531
3703898.9285981236  0.9974580000000001
3718257.4528135513  1.001385
3732409.068101053  1.005312
3746395.97899843  1.009239
3760330.954171398  1.013166
3773939.816568851  1.017093
3787632.554142882  1.02102
3798703.6889846767  1.024947
3809815.411981991  1.0288739999999998
3820560.093359476  1.0328009999999999
3831210.6235186844  1.0367279999999999
3841613.6931514544  1.0406549999999999
3851796.35215256  1.044582
3861842.6198661295  1.048509
3871550.917245917  1.052436
3881225.173325951  1.056363
3890447.0672549694  1.06029
3888384.284487054  1.064217
3885594.6652468946  1.068144
3882676.375034776  1.072071
3879104.8094844874  1.075998
3875320.3508650325  1.0799249999999998
3870946.412091023  1.0838519999999998
3866285.2094243392  1.0877789999999998
3861088.5798661327  1.0917059999999998
3855540.1268019853  1.0956329999999999
3849519.1509368937  1.0995599999999999
3867532.676260501  1.1034869999999999
3885473.353064105  1.107414
3903348.085045705  1.111341
3921180.703348891  1.115268
3938915.941642878  1.119195
3956631.022170945  1.123122
3974226.2325532  1.127049
3991814.297507962  1.130976
4009269.1064054985  1.134903
4026716.9270219584  1.1388299999999998
4039072.1445927536  1.1427569999999998
4051343.607210965  1.1466839999999998
4063407.460628199  1.1506109999999998
4075371.828275947  1.1545379999999998
4087142.4487428507  1.1584649999999999
4098788.497301349  1.1623919999999999
4110264.1095439894  1.1663189999999999
4121580.683490242  1.170246
4132759.5959208626  1.174173
4143730.0876489133  1.1781
4147322.401607007  1.182027
4150551.9482952263  1.185954
4153629.8221216886  1.189881
4156281.6804078734  1.193808
4158840.752553784  1.197735
4160901.758222133  1.201662
4162937.638242358  1.2055889999999998
4164394.7685859  1.2095159999999998
4165872.8881164067  1.2134429999999998
4166758.8538436024  1.2173699999999998
4187983.7238889476  1.2212969999999999
4208978.885463066  1.2252239999999999
4230145.610292411  1.2291509999999999
4251183.613662627  1.233078
4272285.371232558  1.237005
4293369.789698673  1.240932
4314399.756828599  1.244859
4335534.264676877  1.248786
4356485.644674105  1.252713
4377659.406076527  1.25664
4379265.471794055  1.260567
4380893.726745229  1.2644939999999998
4381969.522390631  1.2684209999999998
4382967.825747939  1.2723479999999998
4383564.815148599  1.2762749999999998
4383921.752927331  1.2802019999999998
4384036.360922695  1.2841289999999999
4383740.690432044  1.2880559999999999
4383369.196700719  1.2919829999999999
4382412.774266654  1.29591
4385297.36236756  1.299837
4387682.251057672  1.303764
4389986.562830983  1.307691
4391979.375727778  1.311618
4393693.539180601  1.315545
4395291.753209628  1.319472
4396406.057553732  1.323399
4397535.032513069  1.327326
4398111.884941074  1.3312529999999998
4398634.123858037  1.3351799999999998
4412982.0526242  1.3391069999999998
4427222.3671026835  1.3430339999999998
4441534.763588966  1.3469609999999999
4455507.484154398  1.3508879999999999
4469660.262297117  1.3548149999999999
4483485.77225611  1.358742
4497359.363630306  1.362669
4511153.60155931  1.366596
4524741.710713303  1.370523
4538498.778129536  1.37445
4546628.1835567355  1.378377
4554855.259043238  1.382304
4562827.73979061  1.386231
4570621.0391800115  1.3901579999999998
4578437.176896183  1.3940849999999998
4585789.904921615  1.3980119999999998
4593234.042759099  1.4019389999999998
4600355.632772957  1.4058659999999998
4607346.121308658  1.4097929999999999
4614311.871860763  1.4137199999999999
4620700.770655885  1.4176469999999999
4627167.999460855  1.421574
4633286.867125897  1.425501
4639277.624239296  1.429428
4645237.755300674  1.433355
4650745.8177990215  1.437282
4656320.447013317  1.441209
4661566.388089399  1.445136
4666645.696215908  1.449063
4671740.024856594  1.45299
4685468.051536914  1.4569169999999998
4699359.543697783  1.4608439999999998
4713094.314433973  1.4647709999999998
4726690.442517937  1.4686979999999998
4740447.719015246  1.4726249999999999
4753784.669441371  1.4765519999999999
4767236.858165547  1.4804789999999999
4780641.1272808965  1.484406
4793783.8639742825  1.488333
4807076.374875435  1.49226
4815344.585041231  1.496187
4823527.444599609  1.500114
4831760.242802865  1.504041
4839510.221537875  1.507968
4847349.210443033  1.511895
4855021.157158098  1.5158219999999998
4862416.808375628  1.5197489999999998
4869896.953202477  1.5236759999999998
4877004.572531163  1.5276029999999998
4884037.059933164  1.5315299999999998
4897066.591750659  1.5354569999999998
4909653.355700041  1.5393839999999999
4922381.5522807855  1.5433109999999999
4935047.809386884  1.547238
4947442.65376019  1.551165
4959975.987849283  1.555092
4972277.986894085  1.559019
4984469.268800218  1.562946
4996795.978355372  1.566873
5008730.619255156  1.5708
5018314.547860988  1.574727
5027953.818878556  1.578654
5037131.623792033  1.5825809999999998
5046409.614658925  1.5865079999999998
5055609.160032501  1.5904349999999998
5064472.241229127  1.5943619999999998
5073431.47787668  1.5982889999999998
5082190.441656832  1.6022159999999999
5090726.117011992  1.6061429999999999
5099352.931483306  1.61007
5106799.373280025  1.613997
5114114.400548703  1.617924
5121507.784679928  1.621851
5128484.646828155  1.625778
5135418.892956908  1.629705
5142426.931590814  1.633632
5148933.704714999  1.637559
5155474.256849017  1.6414859999999998
5162049.673778467  1.6454129999999998
5168119.766437828  1.6493399999999998
5173736.354561591  1.6532669999999998
5179321.581868196  1.6571939999999998
5184449.458770063  1.6611209999999998
5189630.524363248  1.6650479999999999
5194731.778271785  1.6689749999999999
5199416.209083931  1.672902
5204148.888995374  1.676829
5208765.782595521  1.680756
5212994.078869211  1.684683
5217278.131697369  1.68861
5233760.2627578685  1.692537
5249994.497768953  1.696464
5266393.552338457  1.700391
5282768.947189942  1.704318
5298900.15853924  1.7082449999999998
5315193.939403188  1.7121719999999998
5331466.865133091  1.7160989999999998
5347487.045174073  1.7200259999999998
5363667.470135028  1.7239529999999998
5379827.7921620635  1.7278799999999999
5381332.130363898  1.7318069999999999
5382851.401919315  1.7357339999999999
5384249.241152533  1.739661
5385198.334526188  1.743588
5386156.7769336635  1.747515
5387031.885166217  1.751442
5387413.252762383  1.755369
5387798.347699811  1.759296
5388150.126508019  1.763223
5387969.49059169  1.7671499999999998
5405568.777514488  1.7710769999999998
5423339.543472079  1.7750039999999998
5440722.72626978  1.7789309999999998
5458242.290171311  1.7828579999999998
5475931.180727825  1.7867849999999998
5493310.401789827  1.7907119999999999
5510743.368458182  1.7946389999999999
5528343.449251963  1.7985659999999999
5545725.012796644  1.802493
5563048.506958066  1.80642
5564718.690916652  1.810347
5566125.177922684  1.814274
5567231.592069687  1.818201
5568348.436676198  1.822128
5569317.146333855  1.826055
5569864.660072508  1.829982
5570417.291646174  1.8339089999999998
5570948.452735423  1.8378359999999998
5570926.377528902  1.8417629999999998
5570918.9344463525  1.8456899999999998
5585530.255851159  1.8496169999999998
5599812.477099926  1.8535439999999999
5614108.379532927  1.8574709999999999
5628536.224381522  1.8613979999999999
5642789.510200349  1.865325
5656897.891559074  1.869252
5671135.338526634  1.873179
5685365.655365422  1.877106
5699279.719994546  1.881033
5713301.817721692  1.88496
5709596.954538851  1.888887
5705322.119942042  1.8928139999999998
5700963.375544564  1.8967409999999998
5696565.28981004  1.9006679999999998
5691791.599427363  1.9045949999999998
5686735.116210274  1.9085219999999998
5681633.410075746  1.9124489999999998
5676359.243470161  1.9163759999999999
5670594.807933617  1.9203029999999999
5664801.3524200395  1.9242299999999999
5680687.946713367  1.928157
5696240.920325876  1.932084
5711838.623544936  1.936011
5727573.861052028  1.939938
5743204.537791404  1.943865
5758647.875234315  1.947792
5774226.103562544  1.951719
5789940.997848808  1.955646
5805225.110015308  1.9595729999999998
5820638.2949803155  1.9634999999999998
5834236.613820451  1.9674269999999998
5847644.630376335  1.9713539999999998
5860907.3638251815  1.9752809999999998
5874284.230888561  1.9792079999999999
5887740.459616969  1.9831349999999999
5900779.041792941  1.9870619999999999
5913928.74024737  1.990989
5927190.981476958  1.994916
5940248.361896779  1.998843
5953162.686450167  2.00277
5964141.62610036  2.006697
5975195.590125684  2.010624
5985792.308379889  2.014551
5996477.940534531  2.018478
6007253.610379305  2.022405
6017847.961405921  2.026332
6028234.581886813  2.030259
6038707.844582613  2.034186
6049268.838150792  2.038113
6059405.65498917  2.04204
6069635.124044505  2.045967
6079949.414390511  2.049894
6090179.2745110225  2.053821
6100096.89206933  2.057748
6110095.906890377  2.061675
6120177.325185882  2.065602
6129960.773854123  2.069529
6139639.197255753  2.073456
6149396.560327745  2.077383
6159204.224280087  2.08131
6155193.41820885  2.0852370000000002
6151150.23819181  2.0891640000000002
6147074.290672408  2.0930910000000003
6142772.823349749  2.0970180000000003
6138070.42839196  2.1009450000000003
6133330.322618281  2.1048720000000003
6128552.050570088  2.1087990000000003
6123380.660407299  2.1127260000000003
6117969.936560556  2.116653
6112546.783795828  2.12058
6131238.808262368  2.124507
6149577.84462081  2.128434
6168013.950903165  2.132361
6186595.9420813415  2.136288
6205237.934345816  2.140215
6223562.952312203  2.144142
6242031.418462375  2.148069
6260645.023782758  2.151996
6279196.176260594  2.155923
6297538.18070416  2.15985
6308517.03321898  2.163777
6319581.563468639  2.167704
6330416.360162051  2.171631
6341097.517217658  2.175558
6351861.117016365  2.179485
6362708.117760283  2.183412
6373230.973378043  2.187339
6383689.741109779  2.191266
6394228.6535827955  2.195193
6404836.275532734  2.19912
6405308.225889233  2.203047
6405717.089793985  2.206974
6406129.063841434  2.2109010000000002
6406544.183654379  2.2148280000000002
6406418.900989014  2.2187550000000003
6406288.865868491  2.2226820000000003
6406157.848962563  2.2266090000000003
6405982.747237955  2.2305360000000003
6405306.412814255  2.2344630000000003
6404640.550074724  2.23839
6416189.64623653  2.242317
6427750.684225513  2.246244
6438932.248030718  2.250171
6450196.64425931  2.254098
6461544.79676041  2.258025
6472885.514698905  2.261952
6483862.1426806925  2.265879
6494919.453261343  2.269806
6506058.339296259  2.273733
6517197.122061638  2.27766
6537327.362822152  2.281587
6557604.402640061  2.285514
6578029.853182156  2.289441
6598522.994083433  2.293368
6618705.789773451  2.297295
6639034.591214263  2.301222
6659510.988502755  2.305149
6680081.618178481  2.309076
6700311.631766364  2.313003
6720667.305717719  2.31693
6725817.953238282  2.320857
6730993.825632441  2.324784
6735674.862780938  2.328711
6740389.21304837  2.332638
6745137.233319389  2.3365650000000002
6749919.285594673  2.3404920000000002
6754240.621847675  2.3444190000000003
6758546.108050555  2.3483460000000003
6762882.0874182405  2.3522730000000003
6767253.055792913  2.3562000000000003
6774519.249059687  2.3601270000000003
6781716.825009901  2.3640540000000003
6788964.946126801  2.367981
6796264.146718633  2.371908
6803285.946899957  2.375835
6810149.033345202  2.379762
6817059.903600543  2.383689
6824019.058446992  2.387616
6830802.816299994  2.391543
6837303.92146968  2.39547
6831175.532965389  2.399397
6825004.698876883  2.403324
6818686.704568877  2.407251
6811900.294666704  2.411178
6805067.454104499  2.415105
6798187.704748851  2.419032
6791260.561878779  2.422959
6783791.782856853  2.426886
6776243.802805988  2.430813
6768694.360289395  2.43474
6793811.375686133  2.438667
6818755.0891071325  2.442594
6843691.765298321  2.446521
6868796.591597402  2.450448
6894071.274533514  2.454375
6919333.040658935  2.458302
6944424.732282436  2.4622290000000002
6969684.0837012  2.4661560000000002
6995112.780973433  2.4700830000000003
7020675.507305083  2.4740100000000003
7025639.96772585  2.4779370000000003
7030637.2959651295  2.4818640000000003
7035667.819515153  2.4857910000000003
7040731.870233458  2.489718
7045493.988381502  2.493645
7050098.329450389  2.497572
7054732.971245389  2.501499
7059398.213863208  2.505426
7063969.9937345795  2.509353
7068174.455941187  2.51328
7072627.284540529  2.517207
7077109.236878351  2.521134
7081620.599617958  2.525061
7085742.977231514  2.528988
7089791.400995178  2.532915
7093866.052028072  2.536842
7097967.186024166  2.540769
7101917.943236593  2.544696
7105555.075868556  2.548623
7109214.529731654  2.55255
7112231.608033568  2.556477
7115268.169869389  2.560404
7117888.466845143  2.564331
7120448.264746054  2.568258
7123024.380202206  2.572185
7125616.969738046  2.576112
7128060.948280754  2.580039
7130176.088242837  2.583966
7132304.579423365  2.587893
7134461.078842356  2.5918200000000002
7146156.925886018  2.5957470000000002
7157537.579860378  2.5996740000000003
7168871.811598874  2.6036010000000003
7180277.104189792  2.6075280000000003
7191754.128017004  2.6114550000000003
7203212.384004799  2.6153820000000003
7214326.939213984  2.619309
7225510.483408384  2.623236
7236763.660918414  2.627163
7248099.57350426  2.63109
7267383.975381442  2.635017
7286564.446855137  2.638944
7305863.140541614  2.642871
7325281.152844945  2.646798
7344819.593768789  2.650725
7364017.025738784  2.654652
7383285.081564109  2.658579
7402671.053725977  2.662506
7422176.027980421  2.666433
7441646.440387325  2.67036
7434360.464742583  2.674287
7427030.357708011  2.678214
7419655.717107731  2.682141
7412236.13586419  2.686068
7404515.949734311  2.689995
7396501.044126644  2.693922
7388437.948784725  2.697849
7380326.227785866  2.701776
7372165.43993368  2.705703
7363610.965130548  2.70963
7375883.0220284425  2.713557
7388228.3134633135  2.7174840000000002
7400647.4969469765  2.7214110000000002
7413141.237885871  2.7253380000000003
7425225.77812293  2.7292650000000003
7437369.711000443  2.7331920000000003
7449585.563486575  2.7371190000000003
7461873.976369436  2.741046
7474156.347142272  2.744973
7486084.937191815  2.7489
7491510.182567582  2.752827
7496967.309853459  2.756754
7502456.600912729  2.760681
7507824.997340931  2.764608
7512884.627383802  2.768535
7517973.672150257  2.772462
7523092.388896753  2.776389
7528241.03788842  2.780316
7533209.741946821  2.784243
7537933.06112366  2.78817
7547052.21145  2.792097
7556224.108923503  2.796024
7565449.212523025  2.799951
7574477.628365057  2.803878
7583318.739317342  2.807805
7592210.431737377  2.811732
7601153.140947939  2.815659
7610147.307281568  2.819586
7618919.581820441  2.823513
7627514.180304745  2.82744
7628736.288069246  2.831367
7629965.350443996  2.835294
7631201.426962961  2.839221
7632165.3570259595  2.8431480000000002
7632929.121923172  2.8470750000000002
7633697.185004926  2.8510020000000003
7634469.582656479  2.8549290000000003
7635246.351674929  2.8588560000000003
7635759.975208818  2.8627830000000003
7636093.583372406  2.8667100000000003
7653536.066600052  2.870637
7671076.1600319715  2.874564
7688714.68532462  2.878491
7706210.950022553  2.882418
7723564.658504334  2.886345
7741014.3881451795  2.890272
7758560.938109305  2.894199
7776205.116453968  2.898126
7793748.740617638  2.902053
7811082.630927067  2.90598
7815632.094098893  2.909907
7820206.5828016205  2.913834
7824806.304094112  2.917761
7829293.193098661  2.921688
7833462.488961287  2.925615
7837654.457559295  2.929542
7841869.284339272  2.933469
7846107.15677576  2.937396
7850307.26698047  2.941323
7854123.319286578  2.94525
7863369.712144131  2.949177
7872666.079965552  2.953104
7882012.829006218  2.957031
7891410.369936836  2.960958
7900415.266175795  2.964885
7909435.7855624845  2.9688120000000002
7918504.6247240435  2.9727390000000002
7927622.1729513835  2.9766660000000003
7936788.823728462  2.9805930000000003
7945678.194456754  2.9845200000000003
7957419.7700346485  2.9884470000000003
7969223.674653224  2.992374
7981090.405934983  2.996301
7993020.466813773  3.000228
8004810.176697356  3.004155
8016392.080569673  3.008082
8028034.906279204  3.012009
8039739.135774856  3.015936
8051505.256102546  3.019863
8063259.189010086  3.02379
8066249.978258218  3.027717
8069256.354661211  3.031644
8072278.440391249  3.035571
8075316.358900642  3.039498
8078370.234938636  3.043425
8081071.473429478  3.047352
8083685.005359879  3.051279
8086312.066714193  3.055206
8088952.762821336  3.059133
8091611.0530903265  3.06306
8096257.456095112  3.066987
8100649.705836819  3.070914
8105064.479103144  3.074841
8109501.949590924  3.078768
8113962.292787612  3.082695
8118445.685994422  3.086622
8122492.862555098  3.090549
8126555.50630779  3.0944760000000002
8130638.838208087  3.0984030000000002
8134754.1986119505  3.1023300000000003
8145168.527581295  3.1062570000000003
8155389.1575715365  3.1101840000000003
8165446.330756091  3.1141110000000003
8175554.226303369  3.1180380000000003
8185713.228903306  3.121965
8195923.727145799  3.125892
8206166.086691224  3.129819
8216019.013182132  3.133746
8225921.150690941  3.137673
8235863.366288187  3.1416
8240520.7136276215  3.145527
8245201.497946918  3.149454
8249670.166409615  3.153381
8253937.403978939  3.157308
8258225.798661984  3.161235
8262535.508196352  3.165162
8266866.691891579  3.169089
8271219.510648759  3.173016
8275162.302705191  3.176943
8279111.1234589545  3.18087
8289571.387407934  3.184797
8300083.255014407  3.188724
8310647.109087397  3.192651
8321109.370495061  3.196578
8331321.665502297  3.200505
8341583.715518542  3.204432
8351895.885046524  3.208359
8362258.54215811  3.212286
8372672.058538127  3.216213
8382809.385786293  3.2201400000000002
8385748.223376837  3.2240670000000002
8388701.269497175  3.2279940000000003
8391668.627438921  3.2319210000000003
8394650.401497327  3.2358480000000003
8397642.986605365  3.2397750000000003
8400202.541607257  3.243702
8402774.345749753  3.247629
8405358.487173958  3.251556
8407955.054868652  3.255483
8410596.791268053  3.25941
8429158.400729556  3.263337
8447487.028218126  3.267264
8465902.679092385  3.271191
8484405.97460103  3.275118
8502997.54192023  3.279045
8521678.014224458  3.282972
8540213.985425595  3.286899
8558620.892788272  3.290826
8577114.496565565  3.294753
8595654.818412818  3.29868
8594350.674332255  3.302607
8593040.344035955  3.306534
8591402.340427047  3.310461
8589628.803687638  3.314388
8587846.981330428  3.318315
8586056.815156281  3.322242
8584258.246419722  3.326169
8582451.215822505  3.330096
8580248.184257954  3.334023
8577997.024621565  3.33795
8585210.321412249  3.341877
8592457.11791242  3.3458040000000002
8599737.648032287  3.3497310000000002
8607052.147864833  3.3536580000000002
8613964.307465635  3.3575850000000003
8620902.270274356  3.3615120000000003
8627872.111644188  3.3654390000000003
8634874.05179455  3.3693660000000003
8641908.312977923  3.373293
8648935.632789198  3.37722
8649358.36532576  3.381147
8649783.019463778  3.385074
8650209.608335538  3.389001
8650638.145193266  3.392928
8651068.643410495  3.396855
8651460.079445582  3.400782
8651457.977692744  3.404709
8651455.866467511  3.408636
8651453.745705698  3.412563
8651473.737202087  3.41649
8662355.352102442  3.420417
8673249.235440435  3.424344
8683795.910586782  3.428271
8694389.708218561  3.432198
8705030.944857385  3.436125
8715719.93986599  3.440052
8726457.015480189  3.443979
8737226.888681099  3.447906
8747627.750224456  3.451833
8758080.214514509  3.45576
8771297.909124048  3.459687
8784574.404777125  3.463614
8797910.094727334  3.467541
8811305.37574281  3.471468
8824351.738832625  3.4753950000000002
8837431.227256209  3.4793220000000002
8850568.258465221  3.4832490000000003
8863763.213033251  3.4871760000000003
8877016.47489733  3.4911030000000003
8890312.516421484  3.49503
8895503.594525136  3.498957
8900635.029195437  3.502884
8905788.837199854  3.506811
8910965.165181508  3.510738
8916164.161067855  3.514665
8921385.97408479  3.518592
8926358.497651892  3.522519
8931194.663449688  3.526446
8936051.724213023  3.530373
8940933.185160967  3.5343
8947490.047751794  3.538227
8954075.42448516  3.542154
8960512.649195017  3.546081
8966726.576873899  3.550008
8972967.106472846  3.553935
8979234.409183143  3.557862
8985528.657668114  3.561789
8991850.026078986  3.565716
8998134.462923868  3.569643
9004088.20123111  3.57357
9011954.231641172  3.577497
9019853.696227085  3.581424
9027786.808608329  3.585351
9035753.784228083  3.589278
9043754.840372741  3.593205
9051431.914054144  3.597132
9059075.448355293  3.6010590000000002
9066751.167257192  3.6049860000000002
9074459.27446808  3.6089130000000003
9082185.262707869  3.6128400000000003
9082721.329657044  3.6167670000000003
9083051.159524586  3.6206940000000003
9083169.27633058  3.624621
9083287.885795752  3.628548
9083406.99100883  3.632475
9083526.595084412  3.636402
9083646.701163242  3.640329
9083725.164657574  3.644256
9083428.43651052  3.648183
9083143.73354414  3.65211
9089362.637133012  3.656037
9095607.338981172  3.659964
9101877.999953032  3.663891
9108174.782253215  3.667818
9114222.909098167  3.671745
9120155.68606893  3.675672
9126112.78695605  3.679599
9132094.361656006  3.683526
9138100.56129947  3.687453
9144156.588243617  3.69138
9161091.117581299  3.695307
9177755.731995286  3.699234
9194488.006704193  3.703161
9211288.35460937  3.707088
9228157.191978691  3.711015
9245094.938480936  3.714942
9262102.01722059  3.718869
9278908.775745882  3.722796
9295638.751525655  3.7267230000000002
9312401.82654841  3.7306500000000002
9314271.778791463  3.7345770000000003
9316149.294561582  3.7385040000000003
9318034.419840856  3.7424310000000003
9319894.904247684  3.746358
9321382.586092139  3.750285
9322876.201783601  3.754212
9324375.786895098  3.758139
9325881.377284577  3.762066
9327393.009097755  3.765993
9328911.762499806  3.76992
9330704.105615422  3.773847
9332282.22674899  3.777774
9333866.59208707  3.781701
9335457.238763101  3.785628
9337054.204205552  3.789555
9338657.52614084  3.793482
9340267.242596315  3.797409
9341561.070438143  3.801336
9342776.537978915  3.805263
9344007.905752743  3.80919
9350098.88859094  3.813117
9356213.870491518  3.817044
9362352.993572399  3.820971
9368482.766733823  3.824898
9374267.120533546  3.828825
9380073.945436953  3.832752
9385903.372642765  3.836679
9391755.53437305  3.840606
9397630.563883208  3.844533
9403521.139800997  3.84846
9406052.270168075  3.8523870000000002
9408322.850500228  3.8563140000000002
9410602.178284377  3.8602410000000003
9412890.304167658  3.8641680000000003
9415187.279188955  3.8680950000000003
9417493.154782692  3.8720220000000003
9419807.982782677  3.875949
9421924.633657886  3.879876
9423858.873715179  3.883803
9425834.565281145  3.88773
9442674.752074143  3.891657
9459579.51662919  3.895584
9476549.231118403  3.899511
9493584.270579262  3.903438
9510418.9010927  3.907365
9527185.89093505  3.911292
9544016.38650466  3.915219
9560910.749282282  3.919146
9577869.34349733  3.923073
9594860.688620115  3.927
9598026.131110536  3.930927
9600897.51482501  3.934854
9603688.259272242  3.938781
9606489.482657926  3.942708
9609301.244113972  3.946635
9612123.60321803  3.950562
9614956.6199977  3.954489
9617800.35493479  3.958416
9620330.135951111  3.962343
9622804.388745036  3.96627
9627434.554790013  3.970197
9632081.987102292  3.974124
9636746.782443266  3.9780510000000002
9641429.0382987  3.9819780000000002
9646128.852885501  3.9859050000000003
9650521.861096699  3.9898320000000003
9654863.478815807  3.9937590000000003
9659221.114123033  3.997686
9663594.85582304  4.001613
9668004.459748466  4.00554
9681007.729922807  4.009467
9694059.329842255  4.013394
9706853.455805926  4.017321
9719609.877997296  4.021248
9732412.943009533  4.025175
9745262.907129709  4.029102
9758160.02852596  4.033029
9771104.567264775  4.036956
9784096.785328474  4.040883
9796849.076352771  4.04481
9801603.56506059  4.048737
9806375.281520111  4.052664
9811164.31953768  4.056591
9815970.773601916  4.060518
9820794.738889934  4.064445
9825636.311273627  4.068372
9830282.675318874  4.072299
9834770.67180086  4.076226
9839274.782357717  4.080153
9843790.218049971  4.08408
9846195.466630002  4.088007
9848609.39797705  4.091934
9851032.059192343  4.095861
9853325.90410571  4.099788
9855380.350099578  4.103715
9857442.104718093  4.107642
9859511.207031041  4.111569
9861587.696387174  4.115496
9863671.61241672  4.119423
9865759.454450471  4.12335
9866421.150452862  4.127277
9866747.494884184  4.131204
9867074.98949578  4.135131
9867403.640378999  4.139058
9867733.453668263  4.142985
9868064.435541473  4.146912
9868396.592220386  4.150839
9868729.929971008  4.154766
9868752.54065963  4.158693
9868737.487269307  4.16262
9880015.490883546  4.1665470000000004
9891333.008510822  4.1704740000000005
9902690.248179607  4.1744010000000005
9914087.419381205  4.1783280000000005
9925524.733082648  4.1822550000000005
9936820.600606173  4.1861820000000005
9947960.177232003  4.190109
9959138.345453408  4.194036
9970355.306161612  4.197963
9981585.594286235  4.20189
9982783.581035526  4.205817
9983985.74700882  4.209744
9985158.764513731  4.213671
9985993.626436787  4.217598
9986831.352979349  4.221525
9987671.958910592  4.225452
9988515.459101396  4.229379
9989361.86852521  4.233306
9990211.202258961  4.237233
9991093.697235433  4.24116
10003597.646056257  4.245087
10016011.598922435  4.249014
10028467.808224047  4.252941
10040966.490086922  4.256868
10053507.862113275  4.260795
10066092.14339434  4.264722
10078719.554523123  4.268649
10091335.219978865  4.272576
10103676.556305213  4.276503
10116035.574657923  4.28043
10119051.804999065  4.284357
10122078.23681277  4.288284
10125114.921941727  4.292211
10128161.912580503  4.296138
10131219.261278529  4.300065
10134065.014039328  4.303992
10136772.064914424  4.307919
10139488.16619769  4.311846
10142213.363352092  4.315773
10144969.337030234  4.3197
10156223.192913942  4.323627
10167514.926774932  4.327554
10178844.73016885  4.331481
10189844.307886505  4.335408
10200880.086763388  4.339335
10211952.456049295  4.343262
10223061.598026056  4.347189
10234207.696188271  4.351116
10245390.935253417  4.355043
10256587.547510337  4.35897
10258296.171337396  4.362897
10259769.951532932  4.366824
10261248.569324803  4.370751
10262732.04857085  4.374678
10264220.413286058  4.378605
10265713.68764384  4.382532
10267211.895977361  4.386459
10268715.062780848  4.390386
10269990.24536554  4.394313
10271145.851598218  4.39824
10275321.526594853  4.402167
10279510.814099476  4.406094
10283713.780784993  4.410021
10287930.49376042  4.413948
10292161.020574473  4.417875
10296405.429219171  4.4218020000000005
10300345.524786396  4.4257290000000005
10304254.7846091  4.4296560000000005
10308176.658757916  4.4335830000000005
10312113.036768481  4.43751
10316779.493963137  4.441437
10321461.082030173  4.445364
10326157.874681313  4.449291
10330846.244573936  4.453218
10335214.196713679  4.457145
10339596.09897106  4.461072
10343992.018282607  4.464999
10348402.022013782  4.468926
10352826.1779624  4.472853
10357289.09806205  4.47678
10371395.629075548  4.480707
10385476.908935646  4.484634
10399316.336976545  4.488561
10413199.578591144  4.492488
10427126.842170203  4.496415
10441098.337428153  4.500342
10455114.275413604  4.504269
10469174.868519979  4.508196
10483280.330496246  4.512123
10497303.687210785  4.51605
10499844.191550555  4.519977
10502392.667787686  4.523904
10504949.1535039  4.527831
10507513.686517512  4.531758
10510086.304885305  4.535685
10512667.04690441  4.539612
10515255.9511142  4.543539
10517747.415972859  4.547466
10519997.521181094  4.551393
10522260.393278366  4.55532
10526587.332700321  4.559247
10530927.770698635  4.563174
10535281.770538421  4.567101
10539649.395880768  4.571028
10544030.710785829  4.574955
10548332.466842296  4.578882
10552388.632050391  4.582809
10556457.298262084  4.586736
10560538.52335825  4.590663
10564663.58570359  4.59459
10579932.99192119  4.598517
10595249.74995574  4.602444
10610614.080412732  4.606371
10625964.248315083  4.610298
10641072.33046085  4.614225
10656226.552474253  4.618152
10671427.126044283  4.622079
10686674.264156887  4.626006
10701968.181104915  4.629933
10717264.762904381  4.63386
10716802.80089251  4.637787
10716328.253670422  4.641714
10715512.728623949  4.645641
10714694.735801406  4.649568
10713874.263984604  4.653495
10713051.301887244  4.657422
10712225.838154417  4.661349
10711397.861362072  4.665276
10710567.360016497  4.669203
10709752.98953262  4.6731300000000005
10715303.464881515  4.6770570000000005
10720811.745614504  4.6809840000000005
10726336.565066459  4.6849110000000005
10731877.997836102  4.6888380000000005
10737436.118971474  4.692765
10743011.003973326  4.696692
10748602.728798531  4.700619
10754211.36986353  4.704546
10759639.586177398  4.708473
10764938.675024739  4.7124
10771079.880019795  4.716327
10777239.379100828  4.720254
10783417.254134376  4.724181
10789613.587476185  4.728108
10795828.461974861  4.732035
10802061.960975565  4.735962
10808226.067469684  4.739889
10814153.429847676  4.743816
10820098.257003635  4.747743
10826064.89642461  4.75167
10833571.60004356  4.755597
10841100.52010744  4.759524
10848651.755388347  4.763451
10856225.405244749  4.767378
10863821.569625849  4.771305
10871138.411008926  4.775232
10878436.914662862  4.779159
10885756.750098059  4.783086
10893098.010972928  4.787013
10900447.123257376  4.79094
10902944.775006905  4.794867
10905449.769718809  4.798794
10907962.13982263  4.802721
10910328.39476417  4.806648
10912515.622764345  4.810575
10914709.182257885  4.814502
10916909.100776834  4.818429
10919115.406013105  4.822356
10921328.12581963  4.826283
10923544.555344868  4.83021
10924793.128711276  4.834137
10926045.34805673  4.838064
10926977.196505867  4.841991
10927899.21750952  4.845918
10928823.885567244  4.849845
10929751.212094681  4.853772
10930681.208573189  4.857699
10931613.886550346  4.861626
10932549.257640418  4.865553
10933519.534385365  4.86948
10945834.597704265  4.873407
10957989.259210248  4.877334
10970178.47601033  4.881261
10982402.395673594  4.885188
10994661.166610569  4.889115
11006954.93807926  4.893042
11019283.8601912  4.896969
11031648.083917545  4.900896
11044047.761095248  4.904823
11056190.85993023  4.90875
11060029.560389161  4.912677
11063879.082336245  4.916604
11067739.471595544  4.920531
11071610.774250213  4.9244580000000004
11075493.036644334  4.9283850000000005
11079386.305384751  4.9323120000000005
11083290.627342964  4.9362390000000005
11087160.196242584  4.940166
11090755.259167919  4.944093
11094375.174867665  4.94802
11103287.910383405  4.951947
11112225.5924931  4.955874
11121188.32608117  4.959801
11130176.216620816  4.963728
11139189.370178174  4.967655
11148227.893416466  4.971582
11157156.461445475  4.975509
11165915.31041202  4.979436
11174698.396916855  4.983363
11183512.600732202  4.98729
11194565.989195041  4.991217
11205650.09214932  4.995144
11216765.037794532  4.999071
11227910.95504462  5.002998
11239087.973532958  5.006925
11250091.335623302  5.010852
11261000.471450383  5.014779
11271939.53319458  5.018706
11282908.64416409  5.022633
11293881.375051243  5.02656
11296209.387158593  5.030487
11298543.82069407  5.034414
11300884.702263001  5.038341
11303232.0586179  5.042268
11305332.71405951  5.046195
11307364.626272777  5.050122
11309402.06357111  5.054049
11311445.048520535  5.057976
11313493.60381014  5.061903
11315544.919918738  5.06583
11316676.532168934  5.069757
11317811.24250916  5.073684
11318949.063679628  5.077611
11319810.032313861  5.081538
11320628.518394927  5.085465
11321449.210367868  5.089392
11322272.117162328  5.093319
11323097.247756207  5.097246
11323924.611176  5.101173
11324762.58661442  5.1051
11328337.291327909  5.109027
11331921.70871408  5.112954
11335229.517029831  5.116881
11338510.575183267  5.120808
11341800.397055984  5.124735
11345099.01780683  5.128662
11348406.472782979  5.132589
11351722.79752118  5.136516
11355048.02774905  5.140443
11358405.144685464  5.14437
11369267.282963943  5.148297
11379885.281241272  5.152224
11390484.86118102  5.156151
11401112.49728085  5.160078
11411768.301081669  5.164005
11422452.384716446  5.167932
11433164.860914128  5.171859
11443905.843003593  5.175786
11454675.444917671  5.1797130000000005
11465444.842019327  5.1836400000000005
11466547.418982534  5.1875670000000005
11467575.322582066  5.1914940000000005
11468605.922189582  5.195421
11469639.228425726  5.199348
11470675.251967011  5.203275
11471714.003546169  5.207202
11472755.493952537  5.211129
11473799.734032415  5.215056
11474846.734689457  5.218983
11475721.460559903  5.22291
11480866.757688245  5.226837
11486025.426107667  5.230764
11491197.518008756  5.234691
11496383.085854057  5.238618
11501582.182379866  5.242545
11506794.860598  5.246472
11512021.17379761  5.250399
11517261.175546985  5.254326
11522398.025446326  5.258253
11527364.233178103  5.26218
11536729.718299767  5.266107
11546119.347593213  5.270034
11555533.214544257  5.273961
11564971.413121993  5.277888
11574434.037781885  5.281815
11583921.183468936  5.285742
11593432.945620866  5.289669
11602943.130518116  5.293596
11612190.799800647  5.297523
11621436.030996753  5.30145
11622203.201324455  5.305377
11622972.333428815  5.309304
11623743.434844337  5.313231
11624516.513144145  5.317158
11625291.57594025  5.321085
11626068.63088379  5.325012
11626847.68566529  5.328939
11627401.552050294  5.332866
11627873.251147194  5.336793
11628366.41847104  5.34072
11635483.902052272  5.344647
11642619.437298087  5.348574
11649773.092970788  5.352501
11656944.93818235  5.356428
11664135.042396665  5.360355
11671343.475431776  5.364282
11678473.450549873  5.368209
11685409.27490837  5.372136
11692362.479052283  5.376063
11699327.215258801  5.37999
11704377.865713192  5.383917
11709441.219834382  5.387844
11714517.32561214  5.391771
11719606.23127826  5.395698
11724707.985308075  5.399625
11729822.63642202  5.403552
11734694.947872337  5.407479
11739527.321105594  5.411406
11744371.7023284  5.415333
11749240.770681325  5.41926
11757930.610534586  5.423187
11766642.124603957  5.427114
11775375.394080503  5.4310410000000005
11784130.500561316  5.4349680000000005
11792907.52605205  5.4388950000000005
11801620.343329359  5.442822
11810135.054333145  5.446749
11818670.719496531  5.450676
11827227.416265085  5.454603
11835778.11797008  5.45853
11836179.323505439  5.462457
11836581.521265583  5.466384
11836984.71493589  5.470311
11837388.90822001  5.474238
11837794.104839975  5.478165
11837997.847292367  5.482092
11838100.928806994  5.486019
11838204.261842985  5.489946
11838307.847322041  5.493873
11838446.499157347  5.4978
11849079.711942041  5.501727
11859738.997255677  5.505654
11870424.451110324  5.509581
11881136.169990055  5.513508
11891874.250853837  5.517435
11902341.135826275  5.521362
11912828.895815426  5.525289
11923342.026673473  5.529216
11933880.620573647  5.533143
11944436.729600698  5.53707
11952594.709388107  5.540997
11960772.52003435  5.544924
11968970.233936314  5.548851
11977187.923843708  5.552778
11985354.540734114  5.556705
11993310.986853411  5.560632
12001286.490883745  5.564559
12009281.121380752  5.568486
12017294.947229277  5.572413
12025309.060637329  5.57634
12027622.047604213  5.580267
12029940.608196976  5.584194
12032264.762586148  5.588121
12034594.531039706  5.592048
12036804.39398308  5.595975
12038845.952815125  5.599902
12040892.359091675  5.603829
12042943.630097793  5.607756
12044999.783200823  5.611683
12047079.890324546  5.61561
12054908.665546605  5.619537
12062756.140286418  5.623464
12070622.38162154  5.627391
12078507.456950733  5.631318
12086252.410018267  5.635245
12093877.476118805  5.639172
12101520.48774944  5.643099
12109181.5083368  5.647026
12116860.601606755  5.650953
12124570.7046661  5.65488
12136179.408875994  5.658807
12147815.595776098  5.662734
12159479.363076711  5.666661
12171170.808951888  5.670588
12182717.543133758  5.674515
12194167.337864585  5.678442
12205643.840498619  5.6823690000000004
12217147.144593645  5.6862960000000005
12228677.344144948  5.6902230000000005
12240185.665269924  5.6941500000000005
12236990.59342517  5.698077
12233788.025008125  5.702004
12230577.93360408  5.705931
12227360.292674081  5.709858
12223970.368540488  5.713785
12220442.94043433  5.717712
12216907.35781417  5.721639
12213363.59237055  5.725566
12209811.615662817  5.729493
12206290.01929417  5.73342
12214401.390275758  5.737347
12222531.621679213  5.741274
12230680.779361999  5.745201
12238848.929488556  5.749128
12246899.640464501  5.753055
12254813.550221652  5.756982
12262745.58998491  5.760909
12270695.822126875  5.764836
12278664.309306571  5.768763
12286661.676921852  5.77269
12297861.219665699  5.776617
12309086.567275988  5.780544
12320337.809041075  5.784471
12331615.034661721  5.788398
12342829.293054264  5.792325
12353867.160181625  5.796252
12364930.084293615  5.800179
12376018.150809709  5.804106
12387131.44553809  5.808033
12398245.28578404  5.81196
12401918.625172716  5.815887
12405600.350978198  5.819814
12409290.491953216  5.823741
12412989.076982094  5.827668
12416674.769184966  5.831595
12420100.450226007  5.835522
12423533.836715395  5.839449
12426974.95468041  5.843376
12430423.830265693  5.847303
12433890.940181727  5.85123
12440290.084007902  5.855157
12446703.702945642  5.859084
12453131.846165458  5.863011
12459574.563060813  5.866938
12466031.90324939  5.870865
12472282.069099212  5.874792
12478480.03178542  5.878719
12484691.822579483  5.882646
12490917.48781036  5.886573
12497118.126382526  5.8905
12492434.598076696  5.894427
12487740.573641557  5.898354
12483036.01775365  5.902281
12478320.894930813  5.906208
12473595.16953133  5.910135
12468746.15448863  5.914062
12463714.080500668  5.917989
12458670.883897733  5.921916
12453616.527761808  5.925843
12448622.198046666  5.92977
12463545.704466082  5.933697
12478502.343438331  5.9376240000000005
12493492.225425322  5.9415510000000005
12508515.461380534  5.945478
12523572.162751783  5.949405
12538662.441483933  5.953332
12553517.06402656  5.957259
12568389.675002746  5.961186
12583294.887781475  5.965113
12598201.874304075  5.96904
12604485.674998937  5.972967
12610783.295665545  5.976894
12617094.781945514  5.980821
12623420.179681653  5.984748
12629759.534919102  5.988675
12636112.893906409  5.992602
12642358.864946216  5.996529
12648456.960203856  6.000456
12654568.29693341  6.004383
12660680.42399569  6.00831
12663309.89110474  6.012237
12665945.086525714  6.016164
12668586.028997779  6.020091
12671232.737341914  6.024018
12673885.230461387  6.027945
12676543.527342172  6.031872
12679207.647053428  6.035799
12681642.506844355  6.039726
12684036.830383955  6.043653
12686460.02594924  6.04758
12695524.413509864  6.051507
12704608.360026622  6.055434
12713711.928873776  6.059361
12722835.183699679  6.063288
12731978.188428251  6.067215
12741141.007260486  6.071142
12750323.704675935  6.075069
12759478.465940632  6.078996
12768421.096294483  6.082923
12777377.176310781  6.08685
12784779.596975714  6.090777
12792197.837553078  6.094704
12799631.948810859  6.098631
12807081.981734509  6.102558
12814547.987528104  6.106485
12822030.017615516  6.110412
12829528.1236416  6.114339
12837042.357473373  6.118266
12844452.604013247  6.122193
12851696.31782718  6.12612
12852293.288870506  6.130047
12852891.523434026  6.133974
12853491.025533443  6.137901
12854091.799201505  6.141828
12854693.848488083  6.145755
12855297.177460255  6.149682
12855901.79020242  6.153609
12856507.690816369  6.157536
12857114.883421393  6.161463
12857586.546043765  6.16539
12867319.883885575  6.169317
12877073.623387216  6.173244
12886847.828760644  6.177171
12896642.564487554  6.181098
12906457.895320814  6.185025
12916293.886285886  6.1889520000000005
12926150.602682259  6.1928790000000005
12936028.110084906  6.1968060000000005
12945926.47434572  6.200733
12955833.907305164  6.20466
12962245.126178524  6.208587
12968594.674871666  6.212514
12974957.416734528  6.216441
12981333.392929267  6.220368
12987722.64478945  6.224295
12994125.21382095  6.228222
13000541.141702838  6.232149
13006970.470288299  6.236076
13013413.241605533  6.240003
13019820.335479114  6.24393
13012485.573448766  6.247857
13004926.843740536  6.251784
12997287.635472098  6.255711
12989632.693666603  6.259638
12981961.969667291  6.263565
12974275.414616583  6.267492
12966572.979455005  6.271419
12958854.61492018  6.275346
12951120.271545753  6.279273
12943462.73445831  6.2832
12960025.740446165  6.287127
12976623.142585006  6.291054
12993059.894894667  6.294981
13009455.005406499  6.298908
13025883.5842391  6.302835
13042345.733978502  6.306762
13058841.55763044  6.310689
13075371.158622472  6.314616
13091934.64080615  6.318543
13108487.369123189  6.32247
13113394.094195707  6.326397
13118310.907739611  6.330324
13123237.84090053  6.334251
13128011.588181594  6.338178
13132687.952895338  6.342105
13137373.778674113  6.346032
13142069.094258955  6.349959
13146773.928507445  6.353886
13151488.310394272  6.357813
13156220.122619506  6.36174
13163011.860111555  6.365667
13169817.42232942  6.369594
13176636.851526888  6.373521
13183470.190130118  6.377448
13190207.427064069  6.381375
13196799.398703167  6.385302
13203404.587262502  6.389229
13210023.032531906  6.393156
13216654.774461085  6.397083
13223300.936940715  6.40101
13230243.413040595  6.404937
13237199.878947062  6.408864
13244170.376989126  6.412791
13251154.949666731  6.416718
13258153.639651626  6.420645
13265129.830404405  6.424572
13271889.003744312  6.428499
13278661.606703447  6.432426
13285447.679346034  6.436353
13292245.117538024  6.4402800000000004
13298496.29599664  6.4442070000000005
13304759.94430517  6.448134
13311036.099813154  6.452061
13317324.800019428  6.455988
13323626.082572889  6.459915
13329939.985273242  6.463842
13336266.54607175  6.467769
13342396.302652644  6.471696
13348481.207032092  6.475623
13354577.32881628  6.47955
13360483.351008786  6.483477
13366401.035317892  6.487404
13372330.416320007  6.491331
13378271.528728371  6.495258
13384224.40739371  6.499185
13390189.087304931  6.503112
13396165.60358982  6.507039
13402153.991515694  6.510966
13408059.728044452  6.514893
13413788.93100722  6.51882
13414915.228227187  6.522747
13416043.726851812  6.526674
13417174.43334154  6.530601
13418307.354182126  6.534528
13419442.495884748  6.538455
13420579.86498614  6.542382
13421719.468048716  6.546309
13422861.311660687  6.550236
13424005.4024362  6.554163
13425170.96754386  6.55809
13431133.619402792  6.562017
13437067.93668801  6.565944
13443013.745684318  6.569871
13448971.079804348  6.573798
13454939.972590374  6.577725
13460920.457714973  6.581652
13466912.568981629  6.585579
13472916.34032539  6.589506
13478931.805813499  6.593433
13484964.43486303  6.59736
13492427.72499208  6.601287
13499837.744879847  6.605214
13507068.52659433  6.609141
13514313.18036549  6.613068
13521571.746151397  6.616995
13528844.264063733  6.620922
13536130.774368532  6.624849
13543431.317486921  6.628776
13550745.933995863  6.632703
13558072.52348974  6.63663
13564854.315496994  6.640557
13571649.218801122  6.644484
13578457.271461196  6.648411
13585124.754826233  6.652338
13591698.355651213  6.656265
13598284.461621653  6.660192
13604883.108454868  6.664119
13611494.332004312  6.668046
13618118.168260247  6.671973
13624726.483371913  6.6759
13623993.678017987  6.679827
13623259.470626444  6.683754
13622523.857169777  6.687681
13621786.833605016  6.6916080000000004
13621048.395873686  6.6955350000000005
13620091.33881188  6.6994620000000005
13619091.32134373  6.703389
13618089.41765731  6.707316
13617085.622410957  6.711243
13616123.841538556  6.71517
13625903.960248565  6.719097
13635702.595927747  6.723024
13645519.801213961  6.726951
13655355.628944775  6.730878
13665210.132158402  6.734805
13675083.364094654  6.738732
13684972.97614548  6.742659
13694626.777721211  6.746586
13704298.615610339  6.750513
13713993.604374742  6.75444
13724945.722574282  6.758367
13735918.36025294  6.762294
13746911.575131584  6.766221
13757925.425147764  6.770148
13768959.96845676  6.774075
13780015.263432572  6.778002
13791091.368668962  6.781929
13802188.34298051  6.785856
13813281.6914518  6.789783
13824150.27328788  6.79371
13831735.062068112  6.797637
13839333.912712535  6.801564
13846946.86436255  6.805491
13854573.95630496  6.809418
13862215.22797264  6.813345
13869870.718945228  6.817272
13877540.468949804  6.821199
13885224.517861571  6.825126
13892922.905704552  6.829053
13900607.039920868  6.83298
13901274.671207225  6.836907
13901713.50199329  6.840834
13902153.138557652  6.844761
13902593.583121708  6.848688
13903034.83791501  6.852615
13903476.905175338  6.856542
13903919.787148697  6.860469
13904363.486089405  6.864396
13904808.004260082  6.868323
13905275.137565378  6.87225
13911075.243346607  6.876177
13916886.087978987  6.880104
13922702.617547775  6.884031
13928281.755527599  6.887958
13933871.04854629  6.891885
13939470.524355115  6.895812
13945080.210806541  6.899739
13950700.13585472  6.903666
13956330.327555923  6.907593
13961956.48619431  6.91152
13964087.466924092  6.915447
13966222.35129236  6.919374
13968361.150035273  6.923301
13970503.873928392  6.927228
13972650.533786876  6.931155
13974585.729517158  6.935082
13976488.392666027  6.939009
13978394.491707409  6.942936
13980304.035956688  6.9468630000000005
13982241.95209241  6.95079
13990279.621366283  6.954717
13998331.857943382  6.958644
14006398.701461842  6.962571
14014480.191703733  6.966498
14022576.368595721  6.970425
14030687.272209724  6.974352
14038812.942763565  6.978279
14046801.131050063  6.982206
14054705.855674567  6.986133
14062621.856730232  6.99006
14069849.387679849  6.993987
14077089.878160516  6.997914
14084343.363059692  7.001841
14091609.877390182  7.005768
14098889.456290687  7.009695
14106182.135026377  7.013622
14113487.948989453  7.017549
14120806.933699729  7.021476
14128139.124805199  7.025403
14135417.224682799  7.02933
14142889.679676473  7.033257
14150375.390435275  7.037184
14157874.392263133  7.041111
14165386.720589431  7.045038
14172912.41096961  7.048965
14180451.499085698  7.052892
14188004.020746883  7.056819
14195570.01189009  7.060746
14203149.508580519  7.064673
14210738.577593263  7.0686
14217370.075180482  7.072527
14224013.441993125  7.076454
14230455.798211688  7.080381
14236874.300652392  7.084308
14243304.09726882  7.088235
14249745.217897536  7.092162
14256197.692480298  7.096089
14262661.551064517  7.100016
14269136.823803721  7.103943
14275585.250256538  7.10787
14272677.121931015  7.111797
14269763.844671138  7.115724
14266845.404790256  7.119651
14263921.78855318  7.123578
14260905.965861607  7.127505
14257725.821209371  7.131432
14254540.131072063  7.135359
14251348.88093183  7.139286
14248152.056220105  7.143213
14245005.915983675  7.14714
14254808.53794943  7.151067
14264628.32841502  7.154994
14274465.33252384  7.158921
14284319.595577685  7.162848
14294191.163037462  7.166775
14304080.080523869  7.170702
14313986.39381812  7.174629
14323723.654694904  7.178556
14333419.704005131  7.182483
14343144.869527211  7.18641
14355729.131845359  7.190337
14368335.196244122  7.194264
14380963.119430387  7.1981910000000005
14393612.958307855  7.2021180000000005
14406284.769977916  7.206045
14418978.611740513  7.209972
14431694.541094983  7.213899
14444432.615740944  7.217826
14457192.893579157  7.221753
14469908.674128193  7.22568
14471788.244222423  7.229607
14473671.035408113  7.233534
14475557.05597253  7.237461
14477446.31423139  7.241388
14479338.81852899  7.245315
14481234.57723831  7.249242
14483133.598761171  7.253169
14485035.891528323  7.257096
14486941.463999603  7.261023
14488887.478097545  7.26495
14499389.521884084  7.268877
14509909.718976524  7.272804
14520371.024508514  7.276731
14530684.482341237  7.280658
14541015.467821712  7.284585
14551364.025670113  7.288512
14561730.200758869  7.292439
14572114.038113318  7.296366
14582515.582912369  7.300293
14592927.997964209  7.30422
14601773.866765823  7.308147
14610634.859015811  7.312074
14619511.01353134  7.316001
14628402.369262537  7.319928
14637308.965293042  7.323855
14646118.760527305  7.327782
14654813.148951707  7.331709
14663522.189721521  7.335636
14672245.919907605  7.339563
14680953.615926208  7.34349
14682595.067847248  7.347417
14684239.295404537  7.351344
14685886.305644283  7.355271
14687536.10563657  7.359198
14689188.70247545  7.363125
14690844.10327904  7.367052
14692502.315189641  7.370979
14694163.345373834  7.374906
14695702.484934926  7.378833
14697122.624509191  7.38276
14697260.447018802  7.386687
14697398.500030395  7.390614
14697536.784122711  7.394541
14697675.299876424  7.398468
14697814.04787417  7.402395
14697953.028700521  7.406322
14698092.242942028  7.410249
14698231.691187209  7.414176
14698371.374026557  7.418103
14698565.425515221  7.42203
14711220.990986826  7.425957
14723782.36743073  7.429884
14736241.478152536  7.433811
14748721.2320818  7.437738
14761221.680565927  7.441665
14773742.875122754  7.445592
14786284.867441265  7.4495190000000004
14798847.709382296  7.453446
14811431.452979255  7.457373
14823999.64098557  7.4613
14828184.603022076  7.465227
14832376.545285225  7.469154
14836575.48525339  7.473081
14840781.440463355  7.477008
14844908.797561396  7.480935
14848890.406517938  7.484862
14852878.556160131  7.488789
14856873.262618037  7.492716
14860874.542074801  7.496643
14864882.470451575  7.50057
14868910.743245743  7.504497
14872945.660669615  7.508424
14876987.239177229  7.512351
14881035.495276975  7.516278
14885090.445531858  7.520205
14889152.106559698  7.524132
14893220.495033357  7.528059
14897261.561422857  7.531986
14901106.734202255  7.535913
14904998.962938393  7.53984
14918287.730742924  7.543767
14931598.176004533  7.547694
14944930.35180892  7.551621
14958284.311415268  7.555548
14971660.10825694  7.559475
14985057.795942206  7.563402
14998477.42825494  7.567329
15011919.059155352  7.571256
15025382.74278072  7.575183
15038806.129681937  7.57911
15038688.422934357  7.583037
15038372.73312743  7.586964
15038017.925511872  7.590891
15037662.544588763  7.594818
15037306.58896743  7.598745
15036950.057252698  7.602672
15036592.948044874  7.606599
15036235.25993973  7.610526
15035876.991528476  7.614453
15035579.513959114  7.61838
15048620.456731834  7.622307
15061682.608485803  7.626234
15074766.021002589  7.630161
15087870.74623246  7.634088
15100894.166237969  7.638015
15113806.253849726  7.641942
15126739.02354028  7.645869
15139692.525041077  7.649796
15152666.808243144  7.653723
15165618.545593163  7.65765
15169163.35673982  7.661577
15172713.868655011  7.665504
15176270.09510178  7.669431
15179832.0498875  7.673358
15183399.746864067  7.677285
15186973.199928079  7.681212
15190552.423020994  7.685139
15194137.430129353  7.689066
15197507.158634856  7.692993
15200893.314938001  7.69692
15209514.283060579  7.700847
15218148.96079879  7.7047740000000005
15226797.380881535  7.708701
15235459.576141955  7.712628
15244135.579517879  7.716555
15252825.424052218  7.720482
15261529.142893407  7.724409
15270246.769295814  7.728336
15278978.336620165  7.732263
15287711.410889454  7.73619
15293748.791438846  7.740117
15299712.312377678  7.744044
15305535.569078578  7.747971
15311367.997428343  7.751898
15317209.61911211  7.755825
15323060.455883441  7.759752
15328920.529564582  7.763679
15334789.862046733  7.767606
15340668.475290332  7.771533
15346544.39228314  7.77546
15349821.759730807  7.779387
15353104.321769197  7.783314
15356392.090758167  7.787241
15359685.079096802  7.791168
15362983.299223589  7.795095
15366129.61932701  7.799022
15369206.121424444  7.802949
15372287.429866469  7.806876
15375373.555925142  7.810803
15378488.094777903  7.81473
15386733.151380962  7.818657
15394991.129409594  7.822584
15403262.059262775  7.826511
15411545.971434902  7.830438
15419842.89651619  7.834365
15428152.865193026  7.838292
15436475.908248367  7.842219
15444812.056562096  7.846146
15453161.34111143  7.850073
15461314.845774783  7.854
15469343.37766381  7.857927
15477384.35024438  7.861854
15485437.792455299  7.865781
15493503.733325217  7.869708
15501582.201972947  7.873635
15509673.227607818  7.877562
15517776.839530054  7.881489
15525893.067131093  7.885416
15534021.93989396  7.889343
15542157.20809695  7.89327
15548940.453027947  7.897197
15555734.291077029  7.901124
15562531.521985497  7.905051
15569116.366052572  7.908978
15575711.322329942  7.912905
15582316.414129175  7.916832
15588931.664833557  7.920759
15595557.097898344  7.924686
15602192.736851066  7.928613
15608832.55929506  7.93254
15614168.623784741  7.936467
15619512.927041845  7.940394
15624865.488161828  7.944321
15630226.32629921  7.948248
15635595.460667787  7.952175
15640972.910540875  7.956102
15646344.007162252  7.960029
15651508.985223817  7.963956
15656681.829637257  7.967883
15661851.049436444  7.97181
15664526.88740479  7.975737
15667206.810052698  7.979664
15669890.826740235  7.983591
15672578.946856089  7.987518
15675271.17981768  7.991445
15677967.535071263  7.995372
15680668.02209205  7.999299
15683372.65038431  8.003226
15686081.429481478  8.007152999999999
15688800.562663054  8.01108
15692798.801914727  8.015006999999999
15696575.704228543  8.018934
15700358.311090764  8.022860999999999
15704146.635435198  8.026788
15707940.690234764  8.030714999999999
15711740.488501677  8.034642
15715546.043287564  8.038568999999999
15719357.367683634  8.042496
15723174.47482082  8.046423
15727038.902919535  8.05035
15739456.739593562  8.054277
15751893.460237795  8.058204
15764349.107960684  8.062131
15776823.726001961  8.066058
15789317.357733198  8.069985
15801640.017638966  8.073912
15813944.470795183  8.077839
15826267.36691748  8.081766
15838608.747502811  8.085693
15850955.755621789  8.08962
15860666.291160453  8.093547
15870391.425443467  8.097474
15880131.191417048  8.101401
15889885.622126639  8.105328
15899654.750717258  8.109255
15909438.610433895  8.113182
15919237.234621858  8.117109
15929050.656727195  8.121036
15938878.910297029  8.124963
15948555.260711787  8.12889
15950779.739712976  8.132817
15953007.524914397  8.136744
15955238.623692445  8.140671
15957473.043445475  8.144598
15959710.791593881  8.148525
15961951.87558018  8.152452
15964196.302869096  8.156379
15966444.080947645  8.160306
15968695.217325207  8.164233
15970990.603159197  8.16816
15981704.831032375  8.172087
15992435.10248208  8.176014
16003181.453570984  8.179941
16013894.561130308  8.183868
16024447.714583935  8.187795
16035016.420302363  8.191722
16045600.712690173  8.195649
16056200.626253523  8.199576
16066816.195600478  8.203503
16077400.4826995  8.20743
16078331.72880707  8.211357
16079264.353393737  8.215284
16080198.359522518  8.219211
16081133.750265505  8.223138
16082070.528703904  8.227065
16083008.697928075  8.230992
16083948.26103756  8.234919
16084889.221141115  8.238846
16085661.232923497  8.242773
16086455.595488038  8.2467
16102656.447669117  8.250627
16118881.006686948  8.254554
16135129.324615227  8.258481
16151401.453680301  8.262408
16167697.446261661  8.266335
16184017.35489258  8.270262
16200361.232260609  8.274189
16216729.131208206  8.278116
16233121.104733242  8.282043
16249490.093146661  8.28597
16256185.688297862  8.289897
16262891.153380828  8.293824
16269561.278508287  8.297751
16276062.104120584  8.301678
16282572.35412331  8.305605
16289092.049025463  8.309532
16295621.209395576  8.313459
16302159.855861958  8.317386
16308708.009112895  8.321313
16315237.14702244  8.32524
16315900.699002355  8.329167
16316565.217854163  8.333094000000001
16317230.70569267  8.337021
16317897.164638849  8.340948
16318564.596819885  8.344875
16319233.00436916  8.348802
16319902.389426308  8.352729
16320452.11420163  8.356656
16320900.565491654  8.360583
16321389.39030412  8.36451
16330056.329011314  8.368437
16338735.751203433  8.372364
16347427.683870943  8.376291
16356132.154082146  8.380218
16364849.188983504  8.384145
16373578.815799898  8.388072
16382321.061834926  8.391999
16391075.954471175  8.395926
16399843.521170521  8.399853
16408612.044296024  8.40378
16414975.730723226  8.407707
16421348.649620315  8.411634
16427557.70003065  8.415561
16433726.823252454  8.419488
16439904.748965837  8.423415
16446091.496024158  8.427342
16452287.08333467  8.431269
16458491.529858692  8.435196
16464704.854611818  8.439123
16470961.710900212  8.44305
16483998.178954298  8.446977
16497053.341619113  8.450904
16510127.239136305  8.454831
16523219.911863083  8.458758
16536331.400272679  8.462685
16549461.744954707  8.466612
16562610.986615647  8.470539
16575576.085615134  8.474466
16588540.938775029  8.478393
16601470.852668848  8.48232
16604001.416491713  8.486247
16606535.567296952  8.490174
16609073.312716603  8.494101
16611614.660404366  8.498028
16614159.618035689  8.501955
16616708.193307837  8.505882
16619260.393939978  8.509809
16621816.227673253  8.513736
16624375.70227086  8.517663
16626950.53945049  8.52159
16631818.998699121  8.525517
16636694.408069769  8.529444
16641367.700749686  8.533371
16646036.296494935  8.537298
16650711.447285993  8.541225
16655393.166938193  8.545152
16660081.469305724  8.549079
16664776.368281757  8.553006
16669477.87779859  8.556933
16674220.162593843  8.56086
16685645.18955807  8.564787
16697086.337307407  8.568714
16708543.639985751  8.572641
16720017.13183346  8.576568
16731506.847187756  8.580495
16743012.820483003  8.584422
16754535.086251104  8.588349
16765880.7556869  8.592276
16777215.378363421  8.596203
16788547.772946868  8.60013
16796374.486163236  8.604057
16804212.114925776  8.607984
16812060.682085503  8.611911
16819920.210557286  8.615838
16827790.72332002  8.619765
16835672.243416887  8.623692
16843564.793955572  8.627619
16851468.398108475  8.631546
16859383.079112947  8.635473
16867297.0820584  8.6394
16872919.703466922  8.643327
16878550.221544735  8.647254
16884034.79986181  8.651181
16889461.692238554  8.655108
16894896.081184253  8.659035
16900337.982243005  8.662962
16905787.411001895  8.666889
16911244.38309116  8.670816
16916708.914184354  8.674743
16922197.609556824  8.67867
16930936.936320145  8.682597
16939688.394014478  8.686524
16948452.00791551  8.690451
16957227.803369213  8.694378
16966015.80579204  8.698305
16974816.040671237  8.702232
16983628.533565026  8.706159
16992361.35000533  8.710086
17000979.792621516  8.714013
17009598.297839634  8.71794
17015932.613873605  8.721867
17022275.62024889  8.725794
17028627.334861793  8.729721
17034987.775657777  8.733648
17041356.96063166  8.737575
17047734.90782777  8.741502
17054121.635340106  8.745429
17060517.16131254  8.749356
17066921.503938947  8.753283
17073345.41260123  8.75721
17081875.96399921  8.761137
17090418.29969255  8.765064
17098964.975171395  8.768991
17107313.27175889  8.772918
17115672.911930237  8.776845
17124043.918821495  8.780772
17132426.315631654  8.784699
17140820.125622902  8.788626
17149225.372120805  8.792553
17157614.063536294  8.79648
17160537.74071749  8.800407
17163465.40954602  8.804334
17166397.07820206  8.808261
17169332.754888166  8.812188
17172272.447829314  8.816115
17175216.165273022  8.820042
17178163.915489383  8.823969
17181115.70677119  8.827896
17183954.54226063  8.831823
17186730.59369997  8.835749999999999
17195933.899117112  8.839677
17205149.623160284  8.843604
17214377.79098238  8.847531
17223618.427804228  8.851458
17232871.558914892  8.855385
17242137.209671848  8.859312
17251415.40550125  8.863239
17260706.171898138  8.867166
17270009.53442669  8.871093
17279336.150854655  8.87502
17290654.348537687  8.878947
17301987.92235028  8.882874
17313336.903647166  8.886801
17324701.323868394  8.890728
17335878.062865295  8.894655
17347056.641682222  8.898582
17358250.178880695  8.902509
17369458.70450517  8.906436
17380682.248680647  8.910363
17391897.23693565  8.91429
17398733.857207883  8.918217
17405579.65646728  8.922144
17412434.653212104  8.926071
17419298.865990352  8.929998
17426172.31339994  8.933925
17433055.01408885  8.937852
17439946.98675531  8.941779
17446848.250147957  8.945706
17453758.823066015  8.949633
17460668.056562476  8.95356
17474660.17150477  8.957487
17488670.85301992  8.961414
17502700.138087317  8.965341
17516748.063784596  8.969268
17530814.667288017  8.973195
17544899.985872723  8.977122
17559004.05691316  8.981049
17573126.917883307  8.984976
17587268.6063571  8.988903
17601371.997043733  8.99283
17604854.806346525  8.996757
17608342.267963897  9.000684
17611834.39122388  9.004611
17615331.18547946  9.008538
17618832.66010865  9.012465
17622250.167054992  9.016392
17625545.283789348  9.020319
17628844.739007547  9.024246
17632148.54128358  9.028173
17635467.870234806  9.0321
17640870.758633096  9.036027
17646280.779474303  9.039954
17651697.946891252  9.043881
17657122.275054112  9.047808
17662553.77817055  9.051735
17667992.47048583  9.055662
17673438.366282977  9.059589
17678891.47988285  9.063516
17684351.825644314  9.067443
17689791.69773787  9.07137
17690079.408318393  9.075297
17690263.98880286  9.079224
17690338.023650724  9.083151
17690412.15521511  9.087078
17690486.383685667  9.091005
17690560.709252536  9.094932
17690635.132106353  9.098859
17690709.652438253  9.102786
17690784.270439878  9.106713
17690925.17157778  9.11064
17703384.796580832  9.114567
17715860.78390094  9.118494
17728353.165790424  9.122421
17740861.974586457  9.126348
17753387.242711276  9.130275
17765929.002672527  9.134202
17778487.287063498  9.138129
17790967.30716441  9.142056
17803344.962516386  9.145983
17815726.631319392  9.14991
17825885.45487779  9.153837
17836057.462447077  9.157764
17846242.679709006  9.161691
17856441.132412102  9.165618
17866652.846371822  9.169545
17876877.847470827  9.173472
17887116.161659162  9.177399
17897367.814954508  9.181326
17907632.833442368  9.185253
17917904.99391387  9.18918
17927027.42368811  9.193107
17936161.769776955  9.197034
17945308.055544466  9.200961
17954403.53793374  9.204888
17963360.234208625  9.208815
17972328.44762578  9.212742
17981308.2004138  9.216669
17990299.51485854  9.220596
17999302.413303256  9.224523
18008289.38972675  9.22845
18012164.370362278  9.232377
18016044.35301291  9.236304
18019929.347370163  9.240231
18023819.363150626  9.244158
18027714.410095997  9.248085
18031614.49797322  9.252012
18035519.6365745  9.255939
18039429.83571745  9.259866
18043345.105245132  9.263793
18047274.63555977  9.26772
18053986.7684614  9.271647
18060707.463725414  9.275574
18067436.737746187  9.279501
18074174.606959987  9.283428
18080921.08784509  9.287355
18087676.19692192  9.291282
18094439.95075318  9.295209
18101212.365944  9.299136
18107993.459142063  9.303063
18114805.06842108  9.30699
18125501.19742862  9.310917
18136211.058588427  9.314844
18146934.678362362  9.318771
18157672.08328036  9.322698
18168423.299940575  9.326625
18179188.355009653  9.330552
18189827.963230364  9.334479
18200408.404287226  9.338406
18211002.2429929  9.342333
18221586.484396216  9.34626
18228095.431292295  9.350187
18234612.635928832  9.354114
18241138.114030387  9.358041
18247671.88136147  9.361968
18254213.95372667  9.365895
18260764.346970785  9.369822
18267323.07697893  9.373749
18273890.159676693  9.377676
18280465.611030247  9.381603
18287071.035173178  9.38553
18297519.224731788  9.389457
18307980.754271425  9.393384
18318419.9864981  9.397311
18328696.64197556  9.401238
18338986.20585648  9.405165
18349288.702477314  9.409092
18359604.156235743  9.413019
18369932.59159084  9.416946
18380274.033063293  9.420873
18390611.25606243  9.4248
18397897.85424991  9.428727
18405193.645475477  9.432654
18412498.64714754  9.436581
18419812.876718458  9.440508
18427136.35168473  9.444435
18434469.0895871  9.448362
18441811.10801073  9.452289
18449162.424585305  9.456216
18456523.05698521  9.460143
18463800.2628767  9.46407
18475726.409657303  9.467997
18487667.425008427  9.471924
18499623.33675286  9.475851
18511594.172782816  9.479778
18523579.96106021  9.483705
18535580.72961684  9.487632
18547596.50655463  9.491559
18559627.32004582  9.495486
18571673.19833324  9.499413
18583673.80496795  9.50334
18584967.9952438  9.507267
18586263.80913404  9.511194
18587561.24969592  9.515121
18588860.319994375  9.519048
18590161.02310205  9.522975
18591463.3620993  9.526902
18592588.89378382  9.530829
18593683.71489394  9.534756
18594779.890690055  9.538683
18595979.526348304  9.54261
18615315.096770473  9.546537
18634674.636709444  9.550464
18654058.190763935  9.554391
18673465.803643323  9.558318
18692897.52016808  9.562245
18712353.385270055  9.566172
18731833.443992857  9.570099
18751337.74149218  9.574026
18770866.32303617  9.577953
18790300.040781353  9.58188
18788588.000354495  9.585807
18786873.824344076  9.589734
18785154.68194978  9.593660999999999
18783225.520660702  9.597588
18781293.99180368  9.601515
18779360.091017623  9.605442
18777423.813930735  9.609369
18775485.15616047  9.613296
18773544.11331349  9.617223
18771659.656801753  9.62115
18780247.533703916  9.625077
18788845.995565657  9.629004
18797455.06196872  9.632931
18806074.7525432  9.636858
18814705.08696765  9.640785
18823346.08496927  9.644712
18831997.766324032  9.648639
18840660.15085684  9.652566
18849333.25844167  9.656493
18858024.433122855  9.66042
18870153.085722495  9.664347
18882296.51009593  9.668274
18894454.73324593  9.672201
18906627.78224116  9.676128
18918815.684216283  9.680055
18931018.466372278  9.683982
18943236.15597654  9.687909
18955468.780363157  9.691836
18967716.366933055  9.695763
18979941.239970382  9.69969
18985484.671058666  9.703617
18991034.894989025  9.707544
18996591.924254894  9.711471
19002155.77138036  9.715398
19007726.44892026  9.719325
19013303.96946029  9.723252
19018888.34561706  9.727179
19024271.474033948  9.731106
19029659.81809468  9.735033
19035097.90821714  9.73896
19047884.79372321  9.742887
19060687.161646135  9.746814
19073505.040122215  9.750741
19086338.45735597  9.754668
19099187.441620335  9.758595
19112052.021256898  9.762522
19124932.224676058  9.766449
19137828.0803573  9.770376
19150739.616849333  9.774303
19163644.015039757  9.77823
19172683.608900245  9.782157
19181734.21460644  9.786084
19190795.85229221  9.790011
19199868.542140532  9.793938
19208783.3311346  9.797865
19217668.345214497  9.801792
19226564.021586187  9.805719
19235470.379453827  9.809646
19244387.4380677  9.813573
19253319.880897414  9.8175
19263055.23756898  9.821427
19272802.312124323  9.825354
19282561.12573239  9.829281
19292331.69961315  9.833208
19302114.055037737  9.837135
19311908.213328626  9.841061999999999
19321714.195859775  9.844989
19331532.024056766  9.848916
19341361.719397005  9.852843
19351181.151062347  9.85677
19357250.070733532  9.860697
19363221.675181836  9.864624
19369095.909539662  9.868551
19374977.138586324  9.872478
19380865.374822546  9.876405
19386760.630778868  9.880332
19392662.919015728  9.884259
19398572.252123535  9.888186
19404488.64272278  9.892113
19410417.12764397  9.89604
19417206.011170987  9.899967
19424003.01718375  9.903894
19430808.160268076  9.907821
19437621.455044713  9.911748
19444442.916169487  9.915675
19451272.55833334  9.919602
19458110.396262508  9.923529
19464956.444718566  9.927456
19471795.274777405  9.931383
19478506.913484953  9.93531
19495011.451164544  9.939237
19511535.5000007  9.943164
19528079.094612148  9.947091
19544642.269699495  9.951018
19561225.060045604  9.954945
19577827.50051572  9.958872
19594449.626057807  9.962799
19611091.471702714  9.966726
19627753.072564486  9.970653
19644343.599214993  9.97458
19645521.395813853  9.978507
19646700.59304654  9.982434
19647881.193412993  9.986361
19649063.199419085  9.990288
19650246.61357669  9.994215
19651431.438403644  9.998142
19646444.609916087  10.002069
19635914.588936843  10.005996
19625384.56795759  10.009923
19614916.22013407  10.01385
19614916.22013407  10.017777
19614916.22013407  10.021704
19614916.22013407  10.025631
19614916.22013407  10.029558
19614916.22013407  10.033485
19614916.22013407  10.037412
19614916.22013407  10.041339
19614916.22013407  10.045266
19614916.22013407  10.049193
